16 0.124413 0.38498 0.0295595 0.0308745
3 0.738713 0.647005 0.0233568 0.07337
9 0.320814 0.321165 0.0168773 0.0547594
6 0.174121 0.35873 0.017031 0.0545503
20 0.714474 0.307184 0.0188768 0.0594137
2 0.843265 0.46244 0.0226799 0.0692582
4 0.142226 0.32611 0.0274782 0.0319281
18 0.308635 0.437918 0.0235673 0.0631478
12 0.277531 0.204685 0.0139202 0.0409107
13 0.493795 0.216678 0.0157697 0.0544314
12 0.341214 0.235922 0.018363 0.0521768
7 0.312111 0.239506 0.0143711 0.0493381
9 0.295323 0.292171 0.0144024 0.0453174
23 0.47165 0.29765 0.0170835 0.049633
1 0.341246 0.235775 0.0187448 0.052582
15 0.421867 0.403752 0.0214918 0.060183
8 0.258956 0.290758 0.0155121 0.0545254
16 0.124413 0.38498 0.0295595 0.0308745
3 0.738713 0.647005 0.0233568 0.07337
9 0.320814 0.321165 0.0168773 0.0547594
6 0.174121 0.35873 0.017031 0.0545503
20 0.714474 0.307184 0.0188768 0.0594137
2 0.843265 0.46244 0.0226799 0.0692582
4 0.142226 0.32611 0.0274782 0.0319281
18 0.308635 0.437918 0.0235673 0.0631478
12 0.277531 0.204685 0.0139202 0.0409107
13 0.493795 0.216678 0.0157697 0.0544314
12 0.341214 0.235922 0.018363 0.0521768
7 0.312111 0.239506 0.0143711 0.0493381
9 0.295323 0.292171 0.0144024 0.0453174
23 0.47165 0.29765 0.0170835 0.049633
1 0.341246 0.235775 0.0187448 0.052582
15 0.421867 0.403752 0.0214918 0.060183
8 0.258956 0.290758 0.0155121 0.0545254
16 0.124413 0.38498 0.0295595 0.0308745
3 0.738713 0.647005 0.0233568 0.07337
9 0.320814 0.321165 0.0168773 0.0547594
6 0.174121 0.35873 0.017031 0.0545503
20 0.714474 0.307184 0.0188768 0.0594137
2 0.843265 0.46244 0.0226799 0.0692582
4 0.142226 0.32611 0.0274782 0.0319281
18 0.308635 0.437918 0.0235673 0.0631478
12 0.277531 0.204685 0.0139202 0.0409107
13 0.493795 0.216678 0.0157697 0.0544314
12 0.341214 0.235922 0.018363 0.0521768
7 0.312111 0.239506 0.0143711 0.0493381
9 0.295323 0.292171 0.0144024 0.0453174
23 0.47165 0.29765 0.0170835 0.049633
1 0.341246 0.235775 0.0187448 0.052582
15 0.421867 0.403752 0.0214918 0.060183
8 0.258956 0.290758 0.0155121 0.0545254
16 0.124413 0.38498 0.0295595 0.0308745
3 0.738713 0.647005 0.0233568 0.07337
9 0.320814 0.321165 0.0168773 0.0547594
6 0.174121 0.35873 0.017031 0.0545503
20 0.714474 0.307184 0.0188768 0.0594137
2 0.843265 0.46244 0.0226799 0.0692582
4 0.142226 0.32611 0.0274782 0.0319281
18 0.308635 0.437918 0.0235673 0.0631478
12 0.277531 0.204685 0.0139202 0.0409107
13 0.493795 0.216678 0.0157697 0.0544314
12 0.341214 0.235922 0.018363 0.0521768
7 0.312111 0.239506 0.0143711 0.0493381
9 0.295323 0.292171 0.0144024 0.0453174
23 0.47165 0.29765 0.0170835 0.049633
1 0.341246 0.235775 0.0187448 0.052582
15 0.421867 0.403752 0.0214918 0.060183
8 0.258956 0.290758 0.0155121 0.0545254
