3 0.690176 0.785834 0.0314373 0.0927083
5 0.228616 0.215334 0.0281654 0.0679349
1 0.296761 0.10725 0.0183201 0.0488754
23 0.400097 0.393547 0.0214222 0.0599394
22 0.89816 0.325487 0.0252249 0.0771491
6 0.165306 0.509108 0.03198 0.0755837
2 0.875335 0.454591 0.0300621 0.0800068
15 0.591208 0.473837 0.0275401 0.0720084
9 0.165703 0.508203 0.0316425 0.0751556
18 0.167606 0.76055 0.0363238 0.0981381
13 0.528631 0.157815 0.0224833 0.0526875
14 0.595224 0.347106 0.0230635 0.0700012
18 0.165793 0.509041 0.0313941 0.073024
11 0.48817 0.208159 0.0212681 0.0431764
9 0.496044 0.276877 0.0205414 0.0619788
16 0.167137 0.759607 0.0348695 0.0978868
21 0.777554 0.230024 0.0260319 0.0561442
3 0.690176 0.785834 0.0314373 0.0927083
5 0.228616 0.215334 0.0281654 0.0679349
1 0.296761 0.10725 0.0183201 0.0488754
23 0.400097 0.393547 0.0214222 0.0599394
22 0.89816 0.325487 0.0252249 0.0771491
6 0.165306 0.509108 0.03198 0.0755837
2 0.875335 0.454591 0.0300621 0.0800068
15 0.591208 0.473837 0.0275401 0.0720084
9 0.165703 0.508203 0.0316425 0.0751556
18 0.167606 0.76055 0.0363238 0.0981381
13 0.528631 0.157815 0.0224833 0.0526875
14 0.595224 0.347106 0.0230635 0.0700012
18 0.165793 0.509041 0.0313941 0.073024
11 0.48817 0.208159 0.0212681 0.0431764
9 0.496044 0.276877 0.0205414 0.0619788
16 0.167137 0.759607 0.0348695 0.0978868
21 0.777554 0.230024 0.0260319 0.0561442
3 0.690176 0.785834 0.0314373 0.0927083
5 0.228616 0.215334 0.0281654 0.0679349
1 0.296761 0.10725 0.0183201 0.0488754
23 0.400097 0.393547 0.0214222 0.0599394
22 0.89816 0.325487 0.0252249 0.0771491
6 0.165306 0.509108 0.03198 0.0755837
2 0.875335 0.454591 0.0300621 0.0800068
15 0.591208 0.473837 0.0275401 0.0720084
9 0.165703 0.508203 0.0316425 0.0751556
18 0.167606 0.76055 0.0363238 0.0981381
13 0.528631 0.157815 0.0224833 0.0526875
14 0.595224 0.347106 0.0230635 0.0700012
18 0.165793 0.509041 0.0313941 0.073024
11 0.48817 0.208159 0.0212681 0.0431764
9 0.496044 0.276877 0.0205414 0.0619788
16 0.167137 0.759607 0.0348695 0.0978868
21 0.777554 0.230024 0.0260319 0.0561442
3 0.690176 0.785834 0.0314373 0.0927083
5 0.228616 0.215334 0.0281654 0.0679349
1 0.296761 0.10725 0.0183201 0.0488754
23 0.400097 0.393547 0.0214222 0.0599394
22 0.89816 0.325487 0.0252249 0.0771491
6 0.165306 0.509108 0.03198 0.0755837
2 0.875335 0.454591 0.0300621 0.0800068
15 0.591208 0.473837 0.0275401 0.0720084
9 0.165703 0.508203 0.0316425 0.0751556
18 0.167606 0.76055 0.0363238 0.0981381
13 0.528631 0.157815 0.0224833 0.0526875
14 0.595224 0.347106 0.0230635 0.0700012
18 0.165793 0.509041 0.0313941 0.073024
11 0.48817 0.208159 0.0212681 0.0431764
9 0.496044 0.276877 0.0205414 0.0619788
16 0.167137 0.759607 0.0348695 0.0978868
21 0.777554 0.230024 0.0260319 0.0561442
