5 0.23932 0.218796 0.0307703 0.0674557
23 0.407508 0.397353 0.0240114 0.0574456
3 0.685616 0.785001 0.0257676 0.0935435
2 0.874433 0.454229 0.0282452 0.0770349
1 0.298864 0.107673 0.0200823 0.0547845
13 0.535217 0.155988 0.0204233 0.0525272
9 0.170786 0.517374 0.0330503 0.073875
22 0.90146 0.324153 0.0293522 0.0771602
3 0.182531 0.769187 0.0361228 0.0882962
16 0.182601 0.769582 0.0348577 0.0870263
18 0.182099 0.770243 0.036238 0.0863993
18 0.170952 0.517526 0.0318099 0.0720729
0 0.316022 0.164032 0.0131029 0.021882
12 0.299079 0.107413 0.0203674 0.0550698
20 0.49461 0.276138 0.0186847 0.0616166
9 0.156769 0.437046 0.023105 0.0722894
15 0.597256 0.474429 0.0233821 0.0700371
7 0.445128 0.24483 0.0268748 0.058836
5 0.23932 0.218796 0.0307703 0.0674557
23 0.407508 0.397353 0.0240114 0.0574456
3 0.685616 0.785001 0.0257676 0.0935435
2 0.874433 0.454229 0.0282452 0.0770349
1 0.298864 0.107673 0.0200823 0.0547845
13 0.535217 0.155988 0.0204233 0.0525272
9 0.170786 0.517374 0.0330503 0.073875
22 0.90146 0.324153 0.0293522 0.0771602
3 0.182531 0.769187 0.0361228 0.0882962
16 0.182601 0.769582 0.0348577 0.0870263
18 0.182099 0.770243 0.036238 0.0863993
18 0.170952 0.517526 0.0318099 0.0720729
0 0.316022 0.164032 0.0131029 0.021882
12 0.299079 0.107413 0.0203674 0.0550698
20 0.49461 0.276138 0.0186847 0.0616166
9 0.156769 0.437046 0.023105 0.0722894
15 0.597256 0.474429 0.0233821 0.0700371
7 0.445128 0.24483 0.0268748 0.058836
5 0.23932 0.218796 0.0307703 0.0674557
23 0.407508 0.397353 0.0240114 0.0574456
3 0.685616 0.785001 0.0257676 0.0935435
2 0.874433 0.454229 0.0282452 0.0770349
1 0.298864 0.107673 0.0200823 0.0547845
13 0.535217 0.155988 0.0204233 0.0525272
9 0.170786 0.517374 0.0330503 0.073875
22 0.90146 0.324153 0.0293522 0.0771602
3 0.182531 0.769187 0.0361228 0.0882962
16 0.182601 0.769582 0.0348577 0.0870263
18 0.182099 0.770243 0.036238 0.0863993
18 0.170952 0.517526 0.0318099 0.0720729
0 0.316022 0.164032 0.0131029 0.021882
12 0.299079 0.107413 0.0203674 0.0550698
20 0.49461 0.276138 0.0186847 0.0616166
9 0.156769 0.437046 0.023105 0.0722894
15 0.597256 0.474429 0.0233821 0.0700371
7 0.445128 0.24483 0.0268748 0.058836
5 0.23932 0.218796 0.0307703 0.0674557
23 0.407508 0.397353 0.0240114 0.0574456
3 0.685616 0.785001 0.0257676 0.0935435
2 0.874433 0.454229 0.0282452 0.0770349
1 0.298864 0.107673 0.0200823 0.0547845
13 0.535217 0.155988 0.0204233 0.0525272
9 0.170786 0.517374 0.0330503 0.073875
22 0.90146 0.324153 0.0293522 0.0771602
3 0.182531 0.769187 0.0361228 0.0882962
16 0.182601 0.769582 0.0348577 0.0870263
18 0.182099 0.770243 0.036238 0.0863993
18 0.170952 0.517526 0.0318099 0.0720729
0 0.316022 0.164032 0.0131029 0.021882
12 0.299079 0.107413 0.0203674 0.0550698
20 0.49461 0.276138 0.0186847 0.0616166
9 0.156769 0.437046 0.023105 0.0722894
15 0.597256 0.474429 0.0233821 0.0700371
7 0.445128 0.24483 0.0268748 0.058836
