4 0.0823858 0.321871 0.0196943 0.0552546
3 0.743375 0.688496 0.0259211 0.0805333
16 0.191037 0.474451 0.0266988 0.0660365
5 0.31897 0.244331 0.0261647 0.0467838
2 0.875224 0.475341 0.0272423 0.0636488
23 0.476103 0.337301 0.0182605 0.0563287
6 0.224514 0.384855 0.0223063 0.0578674
12 0.36562 0.206786 0.016045 0.0468484
2 0.377404 0.468533 0.0274385 0.0646039
9 0.387638 0.331206 0.025837 0.0579541
20 0.679703 0.309653 0.0195834 0.0552719
7 0.364182 0.257281 0.0196332 0.0438395
22 0.948736 0.384529 0.0229397 0.0657671
18 0.377392 0.468262 0.0266782 0.0634533
12 0.364438 0.214194 0.017975 0.0401871
2 0.831388 0.301455 0.0195904 0.0570582
6 0.240581 0.324217 0.0166856 0.0368802
4 0.0823858 0.321871 0.0196943 0.0552546
3 0.743375 0.688496 0.0259211 0.0805333
16 0.191037 0.474451 0.0266988 0.0660365
5 0.31897 0.244331 0.0261647 0.0467838
2 0.875224 0.475341 0.0272423 0.0636488
23 0.476103 0.337301 0.0182605 0.0563287
6 0.224514 0.384855 0.0223063 0.0578674
12 0.36562 0.206786 0.016045 0.0468484
2 0.377404 0.468533 0.0274385 0.0646039
9 0.387638 0.331206 0.025837 0.0579541
20 0.679703 0.309653 0.0195834 0.0552719
7 0.364182 0.257281 0.0196332 0.0438395
22 0.948736 0.384529 0.0229397 0.0657671
18 0.377392 0.468262 0.0266782 0.0634533
12 0.364438 0.214194 0.017975 0.0401871
2 0.831388 0.301455 0.0195904 0.0570582
6 0.240581 0.324217 0.0166856 0.0368802
4 0.0823858 0.321871 0.0196943 0.0552546
3 0.743375 0.688496 0.0259211 0.0805333
16 0.191037 0.474451 0.0266988 0.0660365
5 0.31897 0.244331 0.0261647 0.0467838
2 0.875224 0.475341 0.0272423 0.0636488
23 0.476103 0.337301 0.0182605 0.0563287
6 0.224514 0.384855 0.0223063 0.0578674
12 0.36562 0.206786 0.016045 0.0468484
2 0.377404 0.468533 0.0274385 0.0646039
9 0.387638 0.331206 0.025837 0.0579541
20 0.679703 0.309653 0.0195834 0.0552719
7 0.364182 0.257281 0.0196332 0.0438395
22 0.948736 0.384529 0.0229397 0.0657671
18 0.377392 0.468262 0.0266782 0.0634533
12 0.364438 0.214194 0.017975 0.0401871
2 0.831388 0.301455 0.0195904 0.0570582
6 0.240581 0.324217 0.0166856 0.0368802
4 0.0823858 0.321871 0.0196943 0.0552546
3 0.743375 0.688496 0.0259211 0.0805333
16 0.191037 0.474451 0.0266988 0.0660365
5 0.31897 0.244331 0.0261647 0.0467838
2 0.875224 0.475341 0.0272423 0.0636488
23 0.476103 0.337301 0.0182605 0.0563287
6 0.224514 0.384855 0.0223063 0.0578674
12 0.36562 0.206786 0.016045 0.0468484
2 0.377404 0.468533 0.0274385 0.0646039
9 0.387638 0.331206 0.025837 0.0579541
20 0.679703 0.309653 0.0195834 0.0552719
7 0.364182 0.257281 0.0196332 0.0438395
22 0.948736 0.384529 0.0229397 0.0657671
18 0.377392 0.468262 0.0266782 0.0634533
12 0.364438 0.214194 0.017975 0.0401871
2 0.831388 0.301455 0.0195904 0.0570582
6 0.240581 0.324217 0.0166856 0.0368802
