23 0.459803 0.363635 0.0175391 0.0538556
16 0.195001 0.5336 0.0257965 0.0627181
3 0.732805 0.708676 0.0250039 0.0759932
5 0.320076 0.254122 0.0245207 0.0511758
6 0.231708 0.418206 0.0225766 0.0578439
8 0.218988 0.35762 0.0188834 0.0517188
11 0.510341 0.270245 0.015704 0.0465939
1 0.369981 0.207358 0.0134206 0.0411459
4 0.0271249 0.333956 0.018448 0.0610608
2 0.870951 0.478448 0.0219769 0.0677828
7 0.382536 0.270302 0.0220963 0.0451584
20 0.641571 0.311028 0.0195396 0.0562041
12 0.39956 0.214547 0.0173792 0.0439793
21 0.811425 0.299222 0.0217705 0.0539207
10 0.482968 0.224744 0.0180374 0.0450148
1 0.399321 0.214245 0.0173513 0.0425775
0 0.359035 0.225979 0.00918388 0.0187745
14 0.660795 0.387143 0.0187977 0.0549688
22 0.917366 0.379774 0.0222416 0.0664817
9 0.404512 0.345037 0.0219669 0.0552811
15 0.561033 0.459652 0.0245253 0.0624383
16 0.0266309 0.333998 0.0196034 0.0603917
18 0.404488 0.489084 0.0301266 0.0563526
13 0.483924 0.224138 0.0175697 0.0448611
13 0.502875 0.215841 0.0145767 0.039676
23 0.459803 0.363635 0.0175391 0.0538556
16 0.195001 0.5336 0.0257965 0.0627181
3 0.732805 0.708676 0.0250039 0.0759932
5 0.320076 0.254122 0.0245207 0.0511758
6 0.231708 0.418206 0.0225766 0.0578439
8 0.218988 0.35762 0.0188834 0.0517188
11 0.510341 0.270245 0.015704 0.0465939
1 0.369981 0.207358 0.0134206 0.0411459
4 0.0271249 0.333956 0.018448 0.0610608
2 0.870951 0.478448 0.0219769 0.0677828
7 0.382536 0.270302 0.0220963 0.0451584
20 0.641571 0.311028 0.0195396 0.0562041
12 0.39956 0.214547 0.0173792 0.0439793
21 0.811425 0.299222 0.0217705 0.0539207
10 0.482968 0.224744 0.0180374 0.0450148
1 0.399321 0.214245 0.0173513 0.0425775
0 0.359035 0.225979 0.00918388 0.0187745
14 0.660795 0.387143 0.0187977 0.0549688
22 0.917366 0.379774 0.0222416 0.0664817
9 0.404512 0.345037 0.0219669 0.0552811
15 0.561033 0.459652 0.0245253 0.0624383
16 0.0266309 0.333998 0.0196034 0.0603917
18 0.404488 0.489084 0.0301266 0.0563526
13 0.483924 0.224138 0.0175697 0.0448611
13 0.502875 0.215841 0.0145767 0.039676
23 0.459803 0.363635 0.0175391 0.0538556
16 0.195001 0.5336 0.0257965 0.0627181
3 0.732805 0.708676 0.0250039 0.0759932
5 0.320076 0.254122 0.0245207 0.0511758
6 0.231708 0.418206 0.0225766 0.0578439
8 0.218988 0.35762 0.0188834 0.0517188
11 0.510341 0.270245 0.015704 0.0465939
1 0.369981 0.207358 0.0134206 0.0411459
4 0.0271249 0.333956 0.018448 0.0610608
2 0.870951 0.478448 0.0219769 0.0677828
7 0.382536 0.270302 0.0220963 0.0451584
20 0.641571 0.311028 0.0195396 0.0562041
12 0.39956 0.214547 0.0173792 0.0439793
21 0.811425 0.299222 0.0217705 0.0539207
10 0.482968 0.224744 0.0180374 0.0450148
1 0.399321 0.214245 0.0173513 0.0425775
0 0.359035 0.225979 0.00918388 0.0187745
14 0.660795 0.387143 0.0187977 0.0549688
22 0.917366 0.379774 0.0222416 0.0664817
9 0.404512 0.345037 0.0219669 0.0552811
15 0.561033 0.459652 0.0245253 0.0624383
16 0.0266309 0.333998 0.0196034 0.0603917
18 0.404488 0.489084 0.0301266 0.0563526
13 0.483924 0.224138 0.0175697 0.0448611
13 0.502875 0.215841 0.0145767 0.039676
23 0.459803 0.363635 0.0175391 0.0538556
16 0.195001 0.5336 0.0257965 0.0627181
3 0.732805 0.708676 0.0250039 0.0759932
5 0.320076 0.254122 0.0245207 0.0511758
6 0.231708 0.418206 0.0225766 0.0578439
8 0.218988 0.35762 0.0188834 0.0517188
11 0.510341 0.270245 0.015704 0.0465939
1 0.369981 0.207358 0.0134206 0.0411459
4 0.0271249 0.333956 0.018448 0.0610608
2 0.870951 0.478448 0.0219769 0.0677828
7 0.382536 0.270302 0.0220963 0.0451584
20 0.641571 0.311028 0.0195396 0.0562041
12 0.39956 0.214547 0.0173792 0.0439793
21 0.811425 0.299222 0.0217705 0.0539207
10 0.482968 0.224744 0.0180374 0.0450148
1 0.399321 0.214245 0.0173513 0.0425775
0 0.359035 0.225979 0.00918388 0.0187745
14 0.660795 0.387143 0.0187977 0.0549688
22 0.917366 0.379774 0.0222416 0.0664817
9 0.404512 0.345037 0.0219669 0.0552811
15 0.561033 0.459652 0.0245253 0.0624383
16 0.0266309 0.333998 0.0196034 0.0603917
18 0.404488 0.489084 0.0301266 0.0563526
13 0.483924 0.224138 0.0175697 0.0448611
13 0.502875 0.215841 0.0145767 0.039676
