5 0.226047 0.211422 0.0342364 0.0676589
1 0.298108 0.107681 0.0205496 0.05102
3 0.69251 0.781624 0.0271912 0.0913459
13 0.522363 0.156449 0.0213444 0.0507623
15 0.587613 0.472909 0.0267879 0.0696243
23 0.39585 0.393497 0.0202898 0.0622205
11 0.485647 0.208391 0.021667 0.0460464
21 0.782906 0.232224 0.023491 0.0602479
12 0.298164 0.107601 0.0221427 0.0507155
2 0.878158 0.455953 0.0279209 0.0792097
9 0.159642 0.414927 0.0225136 0.0592422
18 0.162056 0.498804 0.0334304 0.0763882
7 0.424182 0.251037 0.0266607 0.058918
6 0.161101 0.499467 0.0340834 0.0771727
22 0.897742 0.329293 0.0254437 0.0755942
18 0.448223 0.55861 0.0274029 0.07542
14 0.595735 0.351797 0.0231258 0.0674825
3 0.157602 0.745768 0.0318789 0.0826417
5 0.226047 0.211422 0.0342364 0.0676589
1 0.298108 0.107681 0.0205496 0.05102
3 0.69251 0.781624 0.0271912 0.0913459
13 0.522363 0.156449 0.0213444 0.0507623
15 0.587613 0.472909 0.0267879 0.0696243
23 0.39585 0.393497 0.0202898 0.0622205
11 0.485647 0.208391 0.021667 0.0460464
21 0.782906 0.232224 0.023491 0.0602479
12 0.298164 0.107601 0.0221427 0.0507155
2 0.878158 0.455953 0.0279209 0.0792097
9 0.159642 0.414927 0.0225136 0.0592422
18 0.162056 0.498804 0.0334304 0.0763882
7 0.424182 0.251037 0.0266607 0.058918
6 0.161101 0.499467 0.0340834 0.0771727
22 0.897742 0.329293 0.0254437 0.0755942
18 0.448223 0.55861 0.0274029 0.07542
14 0.595735 0.351797 0.0231258 0.0674825
3 0.157602 0.745768 0.0318789 0.0826417
5 0.226047 0.211422 0.0342364 0.0676589
1 0.298108 0.107681 0.0205496 0.05102
3 0.69251 0.781624 0.0271912 0.0913459
13 0.522363 0.156449 0.0213444 0.0507623
15 0.587613 0.472909 0.0267879 0.0696243
23 0.39585 0.393497 0.0202898 0.0622205
11 0.485647 0.208391 0.021667 0.0460464
21 0.782906 0.232224 0.023491 0.0602479
12 0.298164 0.107601 0.0221427 0.0507155
2 0.878158 0.455953 0.0279209 0.0792097
9 0.159642 0.414927 0.0225136 0.0592422
18 0.162056 0.498804 0.0334304 0.0763882
7 0.424182 0.251037 0.0266607 0.058918
6 0.161101 0.499467 0.0340834 0.0771727
22 0.897742 0.329293 0.0254437 0.0755942
18 0.448223 0.55861 0.0274029 0.07542
14 0.595735 0.351797 0.0231258 0.0674825
3 0.157602 0.745768 0.0318789 0.0826417
5 0.226047 0.211422 0.0342364 0.0676589
1 0.298108 0.107681 0.0205496 0.05102
3 0.69251 0.781624 0.0271912 0.0913459
13 0.522363 0.156449 0.0213444 0.0507623
15 0.587613 0.472909 0.0267879 0.0696243
23 0.39585 0.393497 0.0202898 0.0622205
11 0.485647 0.208391 0.021667 0.0460464
21 0.782906 0.232224 0.023491 0.0602479
12 0.298164 0.107601 0.0221427 0.0507155
2 0.878158 0.455953 0.0279209 0.0792097
9 0.159642 0.414927 0.0225136 0.0592422
18 0.162056 0.498804 0.0334304 0.0763882
7 0.424182 0.251037 0.0266607 0.058918
6 0.161101 0.499467 0.0340834 0.0771727
22 0.897742 0.329293 0.0254437 0.0755942
18 0.448223 0.55861 0.0274029 0.07542
14 0.595735 0.351797 0.0231258 0.0674825
3 0.157602 0.745768 0.0318789 0.0826417
