23 0.487916 0.296806 0.0159632 0.0488612
6 0.206192 0.348975 0.0183994 0.0574352
1 0.357557 0.230793 0.0165647 0.051105
20 0.748776 0.312428 0.0183069 0.058384
12 0.357754 0.231346 0.016321 0.0497969
21 0.856918 0.298606 0.020948 0.0627607
4 0.160329 0.326132 0.0156916 0.0522688
9 0.322857 0.337212 0.0180152 0.0589145
2 0.778831 0.439442 0.0240773 0.0563149
18 0.738689 0.624414 0.028948 0.0659878
14 0.68503 0.393594 0.019702 0.0599716
3 0.738551 0.623907 0.0299521 0.064791
16 0.102884 0.380446 0.0217655 0.0398843
18 0.308642 0.433145 0.021779 0.0601162
9 0.358609 0.29767 0.0170913 0.0545041
9 0.557048 0.26331 0.0154904 0.0477668
23 0.487916 0.296806 0.0159632 0.0488612
6 0.206192 0.348975 0.0183994 0.0574352
1 0.357557 0.230793 0.0165647 0.051105
20 0.748776 0.312428 0.0183069 0.058384
12 0.357754 0.231346 0.016321 0.0497969
21 0.856918 0.298606 0.020948 0.0627607
4 0.160329 0.326132 0.0156916 0.0522688
9 0.322857 0.337212 0.0180152 0.0589145
2 0.778831 0.439442 0.0240773 0.0563149
18 0.738689 0.624414 0.028948 0.0659878
14 0.68503 0.393594 0.019702 0.0599716
3 0.738551 0.623907 0.0299521 0.064791
16 0.102884 0.380446 0.0217655 0.0398843
18 0.308642 0.433145 0.021779 0.0601162
9 0.358609 0.29767 0.0170913 0.0545041
9 0.557048 0.26331 0.0154904 0.0477668
23 0.487916 0.296806 0.0159632 0.0488612
6 0.206192 0.348975 0.0183994 0.0574352
1 0.357557 0.230793 0.0165647 0.051105
20 0.748776 0.312428 0.0183069 0.058384
12 0.357754 0.231346 0.016321 0.0497969
21 0.856918 0.298606 0.020948 0.0627607
4 0.160329 0.326132 0.0156916 0.0522688
9 0.322857 0.337212 0.0180152 0.0589145
2 0.778831 0.439442 0.0240773 0.0563149
18 0.738689 0.624414 0.028948 0.0659878
14 0.68503 0.393594 0.019702 0.0599716
3 0.738551 0.623907 0.0299521 0.064791
16 0.102884 0.380446 0.0217655 0.0398843
18 0.308642 0.433145 0.021779 0.0601162
9 0.358609 0.29767 0.0170913 0.0545041
9 0.557048 0.26331 0.0154904 0.0477668
23 0.487916 0.296806 0.0159632 0.0488612
6 0.206192 0.348975 0.0183994 0.0574352
1 0.357557 0.230793 0.0165647 0.051105
20 0.748776 0.312428 0.0183069 0.058384
12 0.357754 0.231346 0.016321 0.0497969
21 0.856918 0.298606 0.020948 0.0627607
4 0.160329 0.326132 0.0156916 0.0522688
9 0.322857 0.337212 0.0180152 0.0589145
2 0.778831 0.439442 0.0240773 0.0563149
18 0.738689 0.624414 0.028948 0.0659878
14 0.68503 0.393594 0.019702 0.0599716
3 0.738551 0.623907 0.0299521 0.064791
16 0.102884 0.380446 0.0217655 0.0398843
18 0.308642 0.433145 0.021779 0.0601162
9 0.358609 0.29767 0.0170913 0.0545041
9 0.557048 0.26331 0.0154904 0.0477668
