9 0.319071 0.332642 0.0180573 0.0538608
23 0.486614 0.294608 0.0160873 0.0468939
6 0.19721 0.352744 0.0203554 0.0614153
20 0.740219 0.313266 0.0176161 0.0586692
3 0.745237 0.62962 0.0325118 0.0823425
2 0.815058 0.449376 0.0256257 0.0614583
12 0.352307 0.238495 0.0184845 0.0503931
21 0.864688 0.301129 0.0209543 0.0598462
9 0.342974 0.296005 0.0151901 0.0510512
15 0.418675 0.391702 0.0195351 0.0583076
4 0.147076 0.325863 0.0182007 0.0504545
14 0.68366 0.390058 0.0227123 0.0583176
2 0.31264 0.431673 0.0240179 0.0607772
2 0.978289 0.402868 0.0291584 0.0604713
5 0.329327 0.249817 0.0121306 0.0454124
18 0.312342 0.432444 0.0236543 0.0593575
20 0.864456 0.301205 0.0209311 0.0593617
9 0.319071 0.332642 0.0180573 0.0538608
23 0.486614 0.294608 0.0160873 0.0468939
6 0.19721 0.352744 0.0203554 0.0614153
20 0.740219 0.313266 0.0176161 0.0586692
3 0.745237 0.62962 0.0325118 0.0823425
2 0.815058 0.449376 0.0256257 0.0614583
12 0.352307 0.238495 0.0184845 0.0503931
21 0.864688 0.301129 0.0209543 0.0598462
9 0.342974 0.296005 0.0151901 0.0510512
15 0.418675 0.391702 0.0195351 0.0583076
4 0.147076 0.325863 0.0182007 0.0504545
14 0.68366 0.390058 0.0227123 0.0583176
2 0.31264 0.431673 0.0240179 0.0607772
2 0.978289 0.402868 0.0291584 0.0604713
5 0.329327 0.249817 0.0121306 0.0454124
18 0.312342 0.432444 0.0236543 0.0593575
20 0.864456 0.301205 0.0209311 0.0593617
9 0.319071 0.332642 0.0180573 0.0538608
23 0.486614 0.294608 0.0160873 0.0468939
6 0.19721 0.352744 0.0203554 0.0614153
20 0.740219 0.313266 0.0176161 0.0586692
3 0.745237 0.62962 0.0325118 0.0823425
2 0.815058 0.449376 0.0256257 0.0614583
12 0.352307 0.238495 0.0184845 0.0503931
21 0.864688 0.301129 0.0209543 0.0598462
9 0.342974 0.296005 0.0151901 0.0510512
15 0.418675 0.391702 0.0195351 0.0583076
4 0.147076 0.325863 0.0182007 0.0504545
14 0.68366 0.390058 0.0227123 0.0583176
2 0.31264 0.431673 0.0240179 0.0607772
2 0.978289 0.402868 0.0291584 0.0604713
5 0.329327 0.249817 0.0121306 0.0454124
18 0.312342 0.432444 0.0236543 0.0593575
20 0.864456 0.301205 0.0209311 0.0593617
9 0.319071 0.332642 0.0180573 0.0538608
23 0.486614 0.294608 0.0160873 0.0468939
6 0.19721 0.352744 0.0203554 0.0614153
20 0.740219 0.313266 0.0176161 0.0586692
3 0.745237 0.62962 0.0325118 0.0823425
2 0.815058 0.449376 0.0256257 0.0614583
12 0.352307 0.238495 0.0184845 0.0503931
21 0.864688 0.301129 0.0209543 0.0598462
9 0.342974 0.296005 0.0151901 0.0510512
15 0.418675 0.391702 0.0195351 0.0583076
4 0.147076 0.325863 0.0182007 0.0504545
14 0.68366 0.390058 0.0227123 0.0583176
2 0.31264 0.431673 0.0240179 0.0607772
2 0.978289 0.402868 0.0291584 0.0604713
5 0.329327 0.249817 0.0121306 0.0454124
18 0.312342 0.432444 0.0236543 0.0593575
20 0.864456 0.301205 0.0209311 0.0593617
