3 0.742052 0.682368 0.0273151 0.0840259
5 0.316167 0.242192 0.0256407 0.0473489
16 0.188681 0.45969 0.0227339 0.0583191
12 0.360646 0.201226 0.0172719 0.0524438
23 0.475673 0.329747 0.0185322 0.0535251
4 0.0863495 0.318851 0.0177414 0.0525805
2 0.873169 0.471573 0.0266586 0.0662804
15 0.519573 0.434572 0.0209181 0.0604791
6 0.222155 0.377847 0.022119 0.0528605
20 0.681213 0.304483 0.0198805 0.0568179
2 0.372452 0.460904 0.0300105 0.0629572
9 0.384036 0.324912 0.0241696 0.0585197
2 0.830593 0.298461 0.0197263 0.0554045
18 0.372524 0.460542 0.0289746 0.0601535
8 0.244532 0.31225 0.014948 0.0402302
7 0.358237 0.251243 0.0185188 0.0407376
3 0.742052 0.682368 0.0273151 0.0840259
5 0.316167 0.242192 0.0256407 0.0473489
16 0.188681 0.45969 0.0227339 0.0583191
12 0.360646 0.201226 0.0172719 0.0524438
23 0.475673 0.329747 0.0185322 0.0535251
4 0.0863495 0.318851 0.0177414 0.0525805
2 0.873169 0.471573 0.0266586 0.0662804
15 0.519573 0.434572 0.0209181 0.0604791
6 0.222155 0.377847 0.022119 0.0528605
20 0.681213 0.304483 0.0198805 0.0568179
2 0.372452 0.460904 0.0300105 0.0629572
9 0.384036 0.324912 0.0241696 0.0585197
2 0.830593 0.298461 0.0197263 0.0554045
18 0.372524 0.460542 0.0289746 0.0601535
8 0.244532 0.31225 0.014948 0.0402302
7 0.358237 0.251243 0.0185188 0.0407376
3 0.742052 0.682368 0.0273151 0.0840259
5 0.316167 0.242192 0.0256407 0.0473489
16 0.188681 0.45969 0.0227339 0.0583191
12 0.360646 0.201226 0.0172719 0.0524438
23 0.475673 0.329747 0.0185322 0.0535251
4 0.0863495 0.318851 0.0177414 0.0525805
2 0.873169 0.471573 0.0266586 0.0662804
15 0.519573 0.434572 0.0209181 0.0604791
6 0.222155 0.377847 0.022119 0.0528605
20 0.681213 0.304483 0.0198805 0.0568179
2 0.372452 0.460904 0.0300105 0.0629572
9 0.384036 0.324912 0.0241696 0.0585197
2 0.830593 0.298461 0.0197263 0.0554045
18 0.372524 0.460542 0.0289746 0.0601535
8 0.244532 0.31225 0.014948 0.0402302
7 0.358237 0.251243 0.0185188 0.0407376
3 0.742052 0.682368 0.0273151 0.0840259
5 0.316167 0.242192 0.0256407 0.0473489
16 0.188681 0.45969 0.0227339 0.0583191
12 0.360646 0.201226 0.0172719 0.0524438
23 0.475673 0.329747 0.0185322 0.0535251
4 0.0863495 0.318851 0.0177414 0.0525805
2 0.873169 0.471573 0.0266586 0.0662804
15 0.519573 0.434572 0.0209181 0.0604791
6 0.222155 0.377847 0.022119 0.0528605
20 0.681213 0.304483 0.0198805 0.0568179
2 0.372452 0.460904 0.0300105 0.0629572
9 0.384036 0.324912 0.0241696 0.0585197
2 0.830593 0.298461 0.0197263 0.0554045
18 0.372524 0.460542 0.0289746 0.0601535
8 0.244532 0.31225 0.014948 0.0402302
7 0.358237 0.251243 0.0185188 0.0407376
