0 0.341474 0.195461 0.00703685 0.0155981
6 0.215032 0.441921 0.0236251 0.0525404
3 0.721393 0.733187 0.0281355 0.0778856
1 0.355229 0.178902 0.0200667 0.0456373
0 0.383816 0.284336 0.0125188 0.0144359
16 0.17915 0.600111 0.028364 0.0704095
23 0.436076 0.375858 0.0178118 0.0545025
5 0.29211 0.240657 0.0258636 0.0535558
9 0.399235 0.347404 0.0276684 0.0567736
2 0.874652 0.47554 0.0259739 0.065112
11 0.502855 0.254914 0.0200057 0.0440239
12 0.412461 0.20207 0.0242689 0.044648
8 0.201079 0.365095 0.0176999 0.0556449
22 0.901127 0.366471 0.0238087 0.068253
7 0.391802 0.264734 0.0178635 0.0397268
13 0.510262 0.200635 0.0187933 0.045811
20 0.595097 0.301062 0.0191439 0.0598191
10 0.482527 0.208082 0.0227325 0.0490978
15 0.582964 0.469444 0.0279565 0.0620934
20 0.797632 0.284659 0.0183177 0.0555271
14 0.639191 0.380138 0.0232389 0.0584552
13 0.483095 0.20901 0.0216755 0.0490535
18 0.416904 0.513843 0.0302639 0.0636753
3 0.436144 0.376804 0.0187101 0.0566908
0 0.341474 0.195461 0.00703685 0.0155981
6 0.215032 0.441921 0.0236251 0.0525404
3 0.721393 0.733187 0.0281355 0.0778856
1 0.355229 0.178902 0.0200667 0.0456373
0 0.383816 0.284336 0.0125188 0.0144359
16 0.17915 0.600111 0.028364 0.0704095
23 0.436076 0.375858 0.0178118 0.0545025
5 0.29211 0.240657 0.0258636 0.0535558
9 0.399235 0.347404 0.0276684 0.0567736
2 0.874652 0.47554 0.0259739 0.065112
11 0.502855 0.254914 0.0200057 0.0440239
12 0.412461 0.20207 0.0242689 0.044648
8 0.201079 0.365095 0.0176999 0.0556449
22 0.901127 0.366471 0.0238087 0.068253
7 0.391802 0.264734 0.0178635 0.0397268
13 0.510262 0.200635 0.0187933 0.045811
20 0.595097 0.301062 0.0191439 0.0598191
10 0.482527 0.208082 0.0227325 0.0490978
15 0.582964 0.469444 0.0279565 0.0620934
20 0.797632 0.284659 0.0183177 0.0555271
14 0.639191 0.380138 0.0232389 0.0584552
13 0.483095 0.20901 0.0216755 0.0490535
18 0.416904 0.513843 0.0302639 0.0636753
3 0.436144 0.376804 0.0187101 0.0566908
0 0.341474 0.195461 0.00703685 0.0155981
6 0.215032 0.441921 0.0236251 0.0525404
3 0.721393 0.733187 0.0281355 0.0778856
1 0.355229 0.178902 0.0200667 0.0456373
0 0.383816 0.284336 0.0125188 0.0144359
16 0.17915 0.600111 0.028364 0.0704095
23 0.436076 0.375858 0.0178118 0.0545025
5 0.29211 0.240657 0.0258636 0.0535558
9 0.399235 0.347404 0.0276684 0.0567736
2 0.874652 0.47554 0.0259739 0.065112
11 0.502855 0.254914 0.0200057 0.0440239
12 0.412461 0.20207 0.0242689 0.044648
8 0.201079 0.365095 0.0176999 0.0556449
22 0.901127 0.366471 0.0238087 0.068253
7 0.391802 0.264734 0.0178635 0.0397268
13 0.510262 0.200635 0.0187933 0.045811
20 0.595097 0.301062 0.0191439 0.0598191
10 0.482527 0.208082 0.0227325 0.0490978
15 0.582964 0.469444 0.0279565 0.0620934
20 0.797632 0.284659 0.0183177 0.0555271
14 0.639191 0.380138 0.0232389 0.0584552
13 0.483095 0.20901 0.0216755 0.0490535
18 0.416904 0.513843 0.0302639 0.0636753
3 0.436144 0.376804 0.0187101 0.0566908
0 0.341474 0.195461 0.00703685 0.0155981
6 0.215032 0.441921 0.0236251 0.0525404
3 0.721393 0.733187 0.0281355 0.0778856
1 0.355229 0.178902 0.0200667 0.0456373
0 0.383816 0.284336 0.0125188 0.0144359
16 0.17915 0.600111 0.028364 0.0704095
23 0.436076 0.375858 0.0178118 0.0545025
5 0.29211 0.240657 0.0258636 0.0535558
9 0.399235 0.347404 0.0276684 0.0567736
2 0.874652 0.47554 0.0259739 0.065112
11 0.502855 0.254914 0.0200057 0.0440239
12 0.412461 0.20207 0.0242689 0.044648
8 0.201079 0.365095 0.0176999 0.0556449
22 0.901127 0.366471 0.0238087 0.068253
7 0.391802 0.264734 0.0178635 0.0397268
13 0.510262 0.200635 0.0187933 0.045811
20 0.595097 0.301062 0.0191439 0.0598191
10 0.482527 0.208082 0.0227325 0.0490978
15 0.582964 0.469444 0.0279565 0.0620934
20 0.797632 0.284659 0.0183177 0.0555271
14 0.639191 0.380138 0.0232389 0.0584552
13 0.483095 0.20901 0.0216755 0.0490535
18 0.416904 0.513843 0.0302639 0.0636753
3 0.436144 0.376804 0.0187101 0.0566908
