23 0.487965 0.296511 0.0158062 0.0492961
4 0.155645 0.324778 0.0204615 0.049881
16 0.11196 0.372949 0.019447 0.038227
6 0.203808 0.349654 0.0168922 0.0579864
20 0.746072 0.312901 0.017712 0.0582186
12 0.356334 0.232347 0.0158717 0.048304
3 0.74074 0.624189 0.0284447 0.0746365
21 0.860028 0.309923 0.0214262 0.0528132
9 0.321719 0.337288 0.0176567 0.0583178
11 0.554938 0.263544 0.0153517 0.0481425
14 0.684898 0.390865 0.019999 0.0577217
20 0.860256 0.310452 0.0204049 0.0532803
9 0.353479 0.295431 0.0173307 0.0538084
10 0.545898 0.218564 0.0122569 0.0453525
2 0.78973 0.448577 0.021965 0.0652167
15 0.790681 0.450501 0.0213624 0.0678869
20 0.685302 0.391236 0.020093 0.0594113
23 0.487965 0.296511 0.0158062 0.0492961
4 0.155645 0.324778 0.0204615 0.049881
16 0.11196 0.372949 0.019447 0.038227
6 0.203808 0.349654 0.0168922 0.0579864
20 0.746072 0.312901 0.017712 0.0582186
12 0.356334 0.232347 0.0158717 0.048304
3 0.74074 0.624189 0.0284447 0.0746365
21 0.860028 0.309923 0.0214262 0.0528132
9 0.321719 0.337288 0.0176567 0.0583178
11 0.554938 0.263544 0.0153517 0.0481425
14 0.684898 0.390865 0.019999 0.0577217
20 0.860256 0.310452 0.0204049 0.0532803
9 0.353479 0.295431 0.0173307 0.0538084
10 0.545898 0.218564 0.0122569 0.0453525
2 0.78973 0.448577 0.021965 0.0652167
15 0.790681 0.450501 0.0213624 0.0678869
20 0.685302 0.391236 0.020093 0.0594113
23 0.487965 0.296511 0.0158062 0.0492961
4 0.155645 0.324778 0.0204615 0.049881
16 0.11196 0.372949 0.019447 0.038227
6 0.203808 0.349654 0.0168922 0.0579864
20 0.746072 0.312901 0.017712 0.0582186
12 0.356334 0.232347 0.0158717 0.048304
3 0.74074 0.624189 0.0284447 0.0746365
21 0.860028 0.309923 0.0214262 0.0528132
9 0.321719 0.337288 0.0176567 0.0583178
11 0.554938 0.263544 0.0153517 0.0481425
14 0.684898 0.390865 0.019999 0.0577217
20 0.860256 0.310452 0.0204049 0.0532803
9 0.353479 0.295431 0.0173307 0.0538084
10 0.545898 0.218564 0.0122569 0.0453525
2 0.78973 0.448577 0.021965 0.0652167
15 0.790681 0.450501 0.0213624 0.0678869
20 0.685302 0.391236 0.020093 0.0594113
23 0.487965 0.296511 0.0158062 0.0492961
4 0.155645 0.324778 0.0204615 0.049881
16 0.11196 0.372949 0.019447 0.038227
6 0.203808 0.349654 0.0168922 0.0579864
20 0.746072 0.312901 0.017712 0.0582186
12 0.356334 0.232347 0.0158717 0.048304
3 0.74074 0.624189 0.0284447 0.0746365
21 0.860028 0.309923 0.0214262 0.0528132
9 0.321719 0.337288 0.0176567 0.0583178
11 0.554938 0.263544 0.0153517 0.0481425
14 0.684898 0.390865 0.019999 0.0577217
20 0.860256 0.310452 0.0204049 0.0532803
9 0.353479 0.295431 0.0173307 0.0538084
10 0.545898 0.218564 0.0122569 0.0453525
2 0.78973 0.448577 0.021965 0.0652167
15 0.790681 0.450501 0.0213624 0.0678869
20 0.685302 0.391236 0.020093 0.0594113
