5 0.313173 0.242438 0.0223881 0.0468599
3 0.741315 0.679243 0.0256765 0.080847
23 0.476484 0.326955 0.0187059 0.0530635
16 0.187689 0.454245 0.0215507 0.0598136
4 0.0917255 0.314857 0.0182631 0.0535872
2 0.872077 0.470066 0.0245251 0.0671512
6 0.218874 0.376052 0.020413 0.0531825
18 0.366372 0.458979 0.0256088 0.0613401
20 0.683474 0.304241 0.0218548 0.0555082
15 0.51216 0.432885 0.0223505 0.0624327
8 0.238933 0.290568 0.0138011 0.0375504
2 0.831595 0.298817 0.0211021 0.0574481
22 0.953109 0.381663 0.0220517 0.0676329
13 0.472894 0.205959 0.0135908 0.0355832
9 0.378592 0.322926 0.0240771 0.0576632
21 0.8309 0.299384 0.0213814 0.0588613
20 0.511115 0.263366 0.0175634 0.0494122
8 0.248758 0.308535 0.0169682 0.0420126
5 0.313173 0.242438 0.0223881 0.0468599
3 0.741315 0.679243 0.0256765 0.080847
23 0.476484 0.326955 0.0187059 0.0530635
16 0.187689 0.454245 0.0215507 0.0598136
4 0.0917255 0.314857 0.0182631 0.0535872
2 0.872077 0.470066 0.0245251 0.0671512
6 0.218874 0.376052 0.020413 0.0531825
18 0.366372 0.458979 0.0256088 0.0613401
20 0.683474 0.304241 0.0218548 0.0555082
15 0.51216 0.432885 0.0223505 0.0624327
8 0.238933 0.290568 0.0138011 0.0375504
2 0.831595 0.298817 0.0211021 0.0574481
22 0.953109 0.381663 0.0220517 0.0676329
13 0.472894 0.205959 0.0135908 0.0355832
9 0.378592 0.322926 0.0240771 0.0576632
21 0.8309 0.299384 0.0213814 0.0588613
20 0.511115 0.263366 0.0175634 0.0494122
8 0.248758 0.308535 0.0169682 0.0420126
5 0.313173 0.242438 0.0223881 0.0468599
3 0.741315 0.679243 0.0256765 0.080847
23 0.476484 0.326955 0.0187059 0.0530635
16 0.187689 0.454245 0.0215507 0.0598136
4 0.0917255 0.314857 0.0182631 0.0535872
2 0.872077 0.470066 0.0245251 0.0671512
6 0.218874 0.376052 0.020413 0.0531825
18 0.366372 0.458979 0.0256088 0.0613401
20 0.683474 0.304241 0.0218548 0.0555082
15 0.51216 0.432885 0.0223505 0.0624327
8 0.238933 0.290568 0.0138011 0.0375504
2 0.831595 0.298817 0.0211021 0.0574481
22 0.953109 0.381663 0.0220517 0.0676329
13 0.472894 0.205959 0.0135908 0.0355832
9 0.378592 0.322926 0.0240771 0.0576632
21 0.8309 0.299384 0.0213814 0.0588613
20 0.511115 0.263366 0.0175634 0.0494122
8 0.248758 0.308535 0.0169682 0.0420126
5 0.313173 0.242438 0.0223881 0.0468599
3 0.741315 0.679243 0.0256765 0.080847
23 0.476484 0.326955 0.0187059 0.0530635
16 0.187689 0.454245 0.0215507 0.0598136
4 0.0917255 0.314857 0.0182631 0.0535872
2 0.872077 0.470066 0.0245251 0.0671512
6 0.218874 0.376052 0.020413 0.0531825
18 0.366372 0.458979 0.0256088 0.0613401
20 0.683474 0.304241 0.0218548 0.0555082
15 0.51216 0.432885 0.0223505 0.0624327
8 0.238933 0.290568 0.0138011 0.0375504
2 0.831595 0.298817 0.0211021 0.0574481
22 0.953109 0.381663 0.0220517 0.0676329
13 0.472894 0.205959 0.0135908 0.0355832
9 0.378592 0.322926 0.0240771 0.0576632
21 0.8309 0.299384 0.0213814 0.0588613
20 0.511115 0.263366 0.0175634 0.0494122
8 0.248758 0.308535 0.0169682 0.0420126
