0 0.342629 0.195145 0.00687901 0.0176182
1 0.357402 0.180609 0.019079 0.0422504
3 0.723073 0.732538 0.0280001 0.0782277
6 0.216303 0.440725 0.0230324 0.0528607
23 0.437459 0.375236 0.018539 0.0543582
11 0.504195 0.255332 0.0191404 0.0439259
9 0.400024 0.347262 0.0266439 0.057073
2 0.875789 0.474377 0.0251892 0.0672272
5 0.294945 0.240033 0.0252076 0.0556602
12 0.411885 0.202527 0.0216406 0.046258
16 0.179325 0.595532 0.0283459 0.0677408
7 0.392364 0.268588 0.0270278 0.0491141
13 0.510909 0.200984 0.0193921 0.0442274
22 0.903059 0.368427 0.0229073 0.0702793
8 0.201772 0.365175 0.0175128 0.0560277
20 0.598524 0.302788 0.0198708 0.0598806
10 0.483086 0.209535 0.0225719 0.0484125
18 0.415618 0.513214 0.0276577 0.0622855
3 0.437626 0.375942 0.0205257 0.0569812
14 0.640533 0.381082 0.0215843 0.056802
13 0.483454 0.210001 0.0214472 0.0490255
15 0.5837 0.469274 0.0294071 0.0607073
8 0.21896 0.387682 0.0159646 0.0465244
20 0.79942 0.284849 0.0186181 0.0541094
0 0.342629 0.195145 0.00687901 0.0176182
1 0.357402 0.180609 0.019079 0.0422504
3 0.723073 0.732538 0.0280001 0.0782277
6 0.216303 0.440725 0.0230324 0.0528607
23 0.437459 0.375236 0.018539 0.0543582
11 0.504195 0.255332 0.0191404 0.0439259
9 0.400024 0.347262 0.0266439 0.057073
2 0.875789 0.474377 0.0251892 0.0672272
5 0.294945 0.240033 0.0252076 0.0556602
12 0.411885 0.202527 0.0216406 0.046258
16 0.179325 0.595532 0.0283459 0.0677408
7 0.392364 0.268588 0.0270278 0.0491141
13 0.510909 0.200984 0.0193921 0.0442274
22 0.903059 0.368427 0.0229073 0.0702793
8 0.201772 0.365175 0.0175128 0.0560277
20 0.598524 0.302788 0.0198708 0.0598806
10 0.483086 0.209535 0.0225719 0.0484125
18 0.415618 0.513214 0.0276577 0.0622855
3 0.437626 0.375942 0.0205257 0.0569812
14 0.640533 0.381082 0.0215843 0.056802
13 0.483454 0.210001 0.0214472 0.0490255
15 0.5837 0.469274 0.0294071 0.0607073
8 0.21896 0.387682 0.0159646 0.0465244
20 0.79942 0.284849 0.0186181 0.0541094
0 0.342629 0.195145 0.00687901 0.0176182
1 0.357402 0.180609 0.019079 0.0422504
3 0.723073 0.732538 0.0280001 0.0782277
6 0.216303 0.440725 0.0230324 0.0528607
23 0.437459 0.375236 0.018539 0.0543582
11 0.504195 0.255332 0.0191404 0.0439259
9 0.400024 0.347262 0.0266439 0.057073
2 0.875789 0.474377 0.0251892 0.0672272
5 0.294945 0.240033 0.0252076 0.0556602
12 0.411885 0.202527 0.0216406 0.046258
16 0.179325 0.595532 0.0283459 0.0677408
7 0.392364 0.268588 0.0270278 0.0491141
13 0.510909 0.200984 0.0193921 0.0442274
22 0.903059 0.368427 0.0229073 0.0702793
8 0.201772 0.365175 0.0175128 0.0560277
20 0.598524 0.302788 0.0198708 0.0598806
10 0.483086 0.209535 0.0225719 0.0484125
18 0.415618 0.513214 0.0276577 0.0622855
3 0.437626 0.375942 0.0205257 0.0569812
14 0.640533 0.381082 0.0215843 0.056802
13 0.483454 0.210001 0.0214472 0.0490255
15 0.5837 0.469274 0.0294071 0.0607073
8 0.21896 0.387682 0.0159646 0.0465244
20 0.79942 0.284849 0.0186181 0.0541094
0 0.342629 0.195145 0.00687901 0.0176182
1 0.357402 0.180609 0.019079 0.0422504
3 0.723073 0.732538 0.0280001 0.0782277
6 0.216303 0.440725 0.0230324 0.0528607
23 0.437459 0.375236 0.018539 0.0543582
11 0.504195 0.255332 0.0191404 0.0439259
9 0.400024 0.347262 0.0266439 0.057073
2 0.875789 0.474377 0.0251892 0.0672272
5 0.294945 0.240033 0.0252076 0.0556602
12 0.411885 0.202527 0.0216406 0.046258
16 0.179325 0.595532 0.0283459 0.0677408
7 0.392364 0.268588 0.0270278 0.0491141
13 0.510909 0.200984 0.0193921 0.0442274
22 0.903059 0.368427 0.0229073 0.0702793
8 0.201772 0.365175 0.0175128 0.0560277
20 0.598524 0.302788 0.0198708 0.0598806
10 0.483086 0.209535 0.0225719 0.0484125
18 0.415618 0.513214 0.0276577 0.0622855
3 0.437626 0.375942 0.0205257 0.0569812
14 0.640533 0.381082 0.0215843 0.056802
13 0.483454 0.210001 0.0214472 0.0490255
15 0.5837 0.469274 0.0294071 0.0607073
8 0.21896 0.387682 0.0159646 0.0465244
20 0.79942 0.284849 0.0186181 0.0541094
