3 0.736401 0.676412 0.0279423 0.0840869
23 0.471322 0.319557 0.0194912 0.0492134
16 0.178664 0.443222 0.0236374 0.0533869
12 0.33541 0.191228 0.0132768 0.0351849
5 0.303139 0.241362 0.0222338 0.045812
4 0.0936563 0.311019 0.0173569 0.0527516
2 0.863234 0.468243 0.0260445 0.0664694
15 0.496501 0.425363 0.0231453 0.056046
18 0.354398 0.4526 0.0289725 0.0571382
20 0.682187 0.304199 0.0197275 0.0575138
8 0.247118 0.304328 0.0155703 0.0457566
9 0.367495 0.320806 0.024815 0.0596219
6 0.2091 0.371879 0.0232756 0.0541704
2 0.826334 0.298674 0.0206425 0.0595538
13 0.457965 0.208592 0.00969677 0.0411431
20 0.504516 0.264048 0.0174603 0.0487723
8 0.467481 0.223543 0.0133746 0.0455503
15 0.670758 0.379716 0.0224262 0.0548881
3 0.736401 0.676412 0.0279423 0.0840869
23 0.471322 0.319557 0.0194912 0.0492134
16 0.178664 0.443222 0.0236374 0.0533869
12 0.33541 0.191228 0.0132768 0.0351849
5 0.303139 0.241362 0.0222338 0.045812
4 0.0936563 0.311019 0.0173569 0.0527516
2 0.863234 0.468243 0.0260445 0.0664694
15 0.496501 0.425363 0.0231453 0.056046
18 0.354398 0.4526 0.0289725 0.0571382
20 0.682187 0.304199 0.0197275 0.0575138
8 0.247118 0.304328 0.0155703 0.0457566
9 0.367495 0.320806 0.024815 0.0596219
6 0.2091 0.371879 0.0232756 0.0541704
2 0.826334 0.298674 0.0206425 0.0595538
13 0.457965 0.208592 0.00969677 0.0411431
20 0.504516 0.264048 0.0174603 0.0487723
8 0.467481 0.223543 0.0133746 0.0455503
15 0.670758 0.379716 0.0224262 0.0548881
3 0.736401 0.676412 0.0279423 0.0840869
23 0.471322 0.319557 0.0194912 0.0492134
16 0.178664 0.443222 0.0236374 0.0533869
12 0.33541 0.191228 0.0132768 0.0351849
5 0.303139 0.241362 0.0222338 0.045812
4 0.0936563 0.311019 0.0173569 0.0527516
2 0.863234 0.468243 0.0260445 0.0664694
15 0.496501 0.425363 0.0231453 0.056046
18 0.354398 0.4526 0.0289725 0.0571382
20 0.682187 0.304199 0.0197275 0.0575138
8 0.247118 0.304328 0.0155703 0.0457566
9 0.367495 0.320806 0.024815 0.0596219
6 0.2091 0.371879 0.0232756 0.0541704
2 0.826334 0.298674 0.0206425 0.0595538
13 0.457965 0.208592 0.00969677 0.0411431
20 0.504516 0.264048 0.0174603 0.0487723
8 0.467481 0.223543 0.0133746 0.0455503
15 0.670758 0.379716 0.0224262 0.0548881
3 0.736401 0.676412 0.0279423 0.0840869
23 0.471322 0.319557 0.0194912 0.0492134
16 0.178664 0.443222 0.0236374 0.0533869
12 0.33541 0.191228 0.0132768 0.0351849
5 0.303139 0.241362 0.0222338 0.045812
4 0.0936563 0.311019 0.0173569 0.0527516
2 0.863234 0.468243 0.0260445 0.0664694
15 0.496501 0.425363 0.0231453 0.056046
18 0.354398 0.4526 0.0289725 0.0571382
20 0.682187 0.304199 0.0197275 0.0575138
8 0.247118 0.304328 0.0155703 0.0457566
9 0.367495 0.320806 0.024815 0.0596219
6 0.2091 0.371879 0.0232756 0.0541704
2 0.826334 0.298674 0.0206425 0.0595538
13 0.457965 0.208592 0.00969677 0.0411431
20 0.504516 0.264048 0.0174603 0.0487723
8 0.467481 0.223543 0.0133746 0.0455503
15 0.670758 0.379716 0.0224262 0.0548881
