5 0.235177 0.217089 0.0263705 0.0628098
13 0.515197 0.169243 0.0219087 0.0521636
1 0.314277 0.125522 0.0219981 0.0447096
2 0.876002 0.46203 0.0315727 0.0780905
3 0.7 0.770513 0.0319322 0.0852161
11 0.487365 0.223727 0.0181467 0.0444547
15 0.580853 0.474019 0.0201141 0.0658481
12 0.428894 0.168386 0.0260324 0.0519682
20 0.525777 0.283684 0.0207678 0.0629378
18 0.150517 0.705194 0.0284739 0.0830902
3 0.150915 0.705812 0.0284063 0.0828587
23 0.400619 0.388402 0.0237436 0.0612825
9 0.172008 0.481258 0.0287659 0.0722756
21 0.783373 0.246496 0.0238639 0.0581939
22 0.892805 0.338033 0.0281088 0.0753391
3 0.434892 0.550237 0.0319086 0.0750205
14 0.60241 0.361698 0.0257865 0.0644007
13 0.470872 0.1773 0.0225504 0.0477679
8 0.186518 0.349218 0.0303076 0.0512215
9 0.180317 0.399267 0.0251462 0.049971
7 0.408281 0.258499 0.0273128 0.0586396
5 0.235177 0.217089 0.0263705 0.0628098
13 0.515197 0.169243 0.0219087 0.0521636
1 0.314277 0.125522 0.0219981 0.0447096
2 0.876002 0.46203 0.0315727 0.0780905
3 0.7 0.770513 0.0319322 0.0852161
11 0.487365 0.223727 0.0181467 0.0444547
15 0.580853 0.474019 0.0201141 0.0658481
12 0.428894 0.168386 0.0260324 0.0519682
20 0.525777 0.283684 0.0207678 0.0629378
18 0.150517 0.705194 0.0284739 0.0830902
3 0.150915 0.705812 0.0284063 0.0828587
23 0.400619 0.388402 0.0237436 0.0612825
9 0.172008 0.481258 0.0287659 0.0722756
21 0.783373 0.246496 0.0238639 0.0581939
22 0.892805 0.338033 0.0281088 0.0753391
3 0.434892 0.550237 0.0319086 0.0750205
14 0.60241 0.361698 0.0257865 0.0644007
13 0.470872 0.1773 0.0225504 0.0477679
8 0.186518 0.349218 0.0303076 0.0512215
9 0.180317 0.399267 0.0251462 0.049971
7 0.408281 0.258499 0.0273128 0.0586396
5 0.235177 0.217089 0.0263705 0.0628098
13 0.515197 0.169243 0.0219087 0.0521636
1 0.314277 0.125522 0.0219981 0.0447096
2 0.876002 0.46203 0.0315727 0.0780905
3 0.7 0.770513 0.0319322 0.0852161
11 0.487365 0.223727 0.0181467 0.0444547
15 0.580853 0.474019 0.0201141 0.0658481
12 0.428894 0.168386 0.0260324 0.0519682
20 0.525777 0.283684 0.0207678 0.0629378
18 0.150517 0.705194 0.0284739 0.0830902
3 0.150915 0.705812 0.0284063 0.0828587
23 0.400619 0.388402 0.0237436 0.0612825
9 0.172008 0.481258 0.0287659 0.0722756
21 0.783373 0.246496 0.0238639 0.0581939
22 0.892805 0.338033 0.0281088 0.0753391
3 0.434892 0.550237 0.0319086 0.0750205
14 0.60241 0.361698 0.0257865 0.0644007
13 0.470872 0.1773 0.0225504 0.0477679
8 0.186518 0.349218 0.0303076 0.0512215
9 0.180317 0.399267 0.0251462 0.049971
7 0.408281 0.258499 0.0273128 0.0586396
5 0.235177 0.217089 0.0263705 0.0628098
13 0.515197 0.169243 0.0219087 0.0521636
1 0.314277 0.125522 0.0219981 0.0447096
2 0.876002 0.46203 0.0315727 0.0780905
3 0.7 0.770513 0.0319322 0.0852161
11 0.487365 0.223727 0.0181467 0.0444547
15 0.580853 0.474019 0.0201141 0.0658481
12 0.428894 0.168386 0.0260324 0.0519682
20 0.525777 0.283684 0.0207678 0.0629378
18 0.150517 0.705194 0.0284739 0.0830902
3 0.150915 0.705812 0.0284063 0.0828587
23 0.400619 0.388402 0.0237436 0.0612825
9 0.172008 0.481258 0.0287659 0.0722756
21 0.783373 0.246496 0.0238639 0.0581939
22 0.892805 0.338033 0.0281088 0.0753391
3 0.434892 0.550237 0.0319086 0.0750205
14 0.60241 0.361698 0.0257865 0.0644007
13 0.470872 0.1773 0.0225504 0.0477679
8 0.186518 0.349218 0.0303076 0.0512215
9 0.180317 0.399267 0.0251462 0.049971
7 0.408281 0.258499 0.0273128 0.0586396
