0 0.343836 0.196845 0.00752576 0.0167215
6 0.218871 0.439896 0.02429 0.0520586
1 0.358531 0.183049 0.0178217 0.0457452
5 0.296865 0.239513 0.0241893 0.0559866
11 0.505821 0.255504 0.0206179 0.0432577
23 0.43994 0.375505 0.0195175 0.055165
3 0.723284 0.732072 0.0276217 0.0777851
9 0.400341 0.34908 0.026516 0.0609766
2 0.875849 0.47513 0.024094 0.0681123
16 0.180522 0.593049 0.0288899 0.0707007
12 0.411931 0.204133 0.0198021 0.0476083
13 0.510733 0.201366 0.0200045 0.0441334
22 0.904181 0.368108 0.0223827 0.0726535
8 0.203377 0.364871 0.0174733 0.0576415
10 0.483344 0.210493 0.0214537 0.049278
20 0.601146 0.302353 0.0191792 0.0588338
7 0.392219 0.268803 0.0253845 0.0501782
3 0.439606 0.375894 0.0209032 0.057414
8 0.220969 0.386444 0.0172479 0.0483865
18 0.415555 0.512056 0.0257639 0.0632226
15 0.583098 0.469668 0.0283754 0.0591419
14 0.642547 0.381408 0.0197196 0.0561442
0 0.343836 0.196845 0.00752576 0.0167215
6 0.218871 0.439896 0.02429 0.0520586
1 0.358531 0.183049 0.0178217 0.0457452
5 0.296865 0.239513 0.0241893 0.0559866
11 0.505821 0.255504 0.0206179 0.0432577
23 0.43994 0.375505 0.0195175 0.055165
3 0.723284 0.732072 0.0276217 0.0777851
9 0.400341 0.34908 0.026516 0.0609766
2 0.875849 0.47513 0.024094 0.0681123
16 0.180522 0.593049 0.0288899 0.0707007
12 0.411931 0.204133 0.0198021 0.0476083
13 0.510733 0.201366 0.0200045 0.0441334
22 0.904181 0.368108 0.0223827 0.0726535
8 0.203377 0.364871 0.0174733 0.0576415
10 0.483344 0.210493 0.0214537 0.049278
20 0.601146 0.302353 0.0191792 0.0588338
7 0.392219 0.268803 0.0253845 0.0501782
3 0.439606 0.375894 0.0209032 0.057414
8 0.220969 0.386444 0.0172479 0.0483865
18 0.415555 0.512056 0.0257639 0.0632226
15 0.583098 0.469668 0.0283754 0.0591419
14 0.642547 0.381408 0.0197196 0.0561442
0 0.343836 0.196845 0.00752576 0.0167215
6 0.218871 0.439896 0.02429 0.0520586
1 0.358531 0.183049 0.0178217 0.0457452
5 0.296865 0.239513 0.0241893 0.0559866
11 0.505821 0.255504 0.0206179 0.0432577
23 0.43994 0.375505 0.0195175 0.055165
3 0.723284 0.732072 0.0276217 0.0777851
9 0.400341 0.34908 0.026516 0.0609766
2 0.875849 0.47513 0.024094 0.0681123
16 0.180522 0.593049 0.0288899 0.0707007
12 0.411931 0.204133 0.0198021 0.0476083
13 0.510733 0.201366 0.0200045 0.0441334
22 0.904181 0.368108 0.0223827 0.0726535
8 0.203377 0.364871 0.0174733 0.0576415
10 0.483344 0.210493 0.0214537 0.049278
20 0.601146 0.302353 0.0191792 0.0588338
7 0.392219 0.268803 0.0253845 0.0501782
3 0.439606 0.375894 0.0209032 0.057414
8 0.220969 0.386444 0.0172479 0.0483865
18 0.415555 0.512056 0.0257639 0.0632226
15 0.583098 0.469668 0.0283754 0.0591419
14 0.642547 0.381408 0.0197196 0.0561442
0 0.343836 0.196845 0.00752576 0.0167215
6 0.218871 0.439896 0.02429 0.0520586
1 0.358531 0.183049 0.0178217 0.0457452
5 0.296865 0.239513 0.0241893 0.0559866
11 0.505821 0.255504 0.0206179 0.0432577
23 0.43994 0.375505 0.0195175 0.055165
3 0.723284 0.732072 0.0276217 0.0777851
9 0.400341 0.34908 0.026516 0.0609766
2 0.875849 0.47513 0.024094 0.0681123
16 0.180522 0.593049 0.0288899 0.0707007
12 0.411931 0.204133 0.0198021 0.0476083
13 0.510733 0.201366 0.0200045 0.0441334
22 0.904181 0.368108 0.0223827 0.0726535
8 0.203377 0.364871 0.0174733 0.0576415
10 0.483344 0.210493 0.0214537 0.049278
20 0.601146 0.302353 0.0191792 0.0588338
7 0.392219 0.268803 0.0253845 0.0501782
3 0.439606 0.375894 0.0209032 0.057414
8 0.220969 0.386444 0.0172479 0.0483865
18 0.415555 0.512056 0.0257639 0.0632226
15 0.583098 0.469668 0.0283754 0.0591419
14 0.642547 0.381408 0.0197196 0.0561442
