9 0.319089 0.332568 0.0176843 0.0530616
23 0.486306 0.295246 0.0161716 0.0478377
20 0.739289 0.313593 0.0174746 0.0588626
4 0.146599 0.325716 0.016918 0.0487757
3 0.745266 0.630297 0.0322519 0.0828382
6 0.196221 0.353594 0.0183939 0.0573062
2 0.817142 0.450108 0.0266082 0.0614047
12 0.351772 0.238658 0.0184203 0.0514628
21 0.86488 0.30202 0.0215511 0.0580607
14 0.684371 0.390065 0.0211892 0.0573664
15 0.417615 0.391396 0.0205223 0.0581259
20 0.864707 0.302223 0.0212748 0.0581351
9 0.341317 0.29604 0.0162312 0.0490479
2 0.313078 0.431957 0.0237817 0.0613388
18 0.312781 0.432626 0.0229702 0.0599097
18 0.979921 0.403434 0.0282604 0.0600627
1 0.351876 0.238011 0.0189459 0.052231
9 0.319089 0.332568 0.0176843 0.0530616
23 0.486306 0.295246 0.0161716 0.0478377
20 0.739289 0.313593 0.0174746 0.0588626
4 0.146599 0.325716 0.016918 0.0487757
3 0.745266 0.630297 0.0322519 0.0828382
6 0.196221 0.353594 0.0183939 0.0573062
2 0.817142 0.450108 0.0266082 0.0614047
12 0.351772 0.238658 0.0184203 0.0514628
21 0.86488 0.30202 0.0215511 0.0580607
14 0.684371 0.390065 0.0211892 0.0573664
15 0.417615 0.391396 0.0205223 0.0581259
20 0.864707 0.302223 0.0212748 0.0581351
9 0.341317 0.29604 0.0162312 0.0490479
2 0.313078 0.431957 0.0237817 0.0613388
18 0.312781 0.432626 0.0229702 0.0599097
18 0.979921 0.403434 0.0282604 0.0600627
1 0.351876 0.238011 0.0189459 0.052231
9 0.319089 0.332568 0.0176843 0.0530616
23 0.486306 0.295246 0.0161716 0.0478377
20 0.739289 0.313593 0.0174746 0.0588626
4 0.146599 0.325716 0.016918 0.0487757
3 0.745266 0.630297 0.0322519 0.0828382
6 0.196221 0.353594 0.0183939 0.0573062
2 0.817142 0.450108 0.0266082 0.0614047
12 0.351772 0.238658 0.0184203 0.0514628
21 0.86488 0.30202 0.0215511 0.0580607
14 0.684371 0.390065 0.0211892 0.0573664
15 0.417615 0.391396 0.0205223 0.0581259
20 0.864707 0.302223 0.0212748 0.0581351
9 0.341317 0.29604 0.0162312 0.0490479
2 0.313078 0.431957 0.0237817 0.0613388
18 0.312781 0.432626 0.0229702 0.0599097
18 0.979921 0.403434 0.0282604 0.0600627
1 0.351876 0.238011 0.0189459 0.052231
9 0.319089 0.332568 0.0176843 0.0530616
23 0.486306 0.295246 0.0161716 0.0478377
20 0.739289 0.313593 0.0174746 0.0588626
4 0.146599 0.325716 0.016918 0.0487757
3 0.745266 0.630297 0.0322519 0.0828382
6 0.196221 0.353594 0.0183939 0.0573062
2 0.817142 0.450108 0.0266082 0.0614047
12 0.351772 0.238658 0.0184203 0.0514628
21 0.86488 0.30202 0.0215511 0.0580607
14 0.684371 0.390065 0.0211892 0.0573664
15 0.417615 0.391396 0.0205223 0.0581259
20 0.864707 0.302223 0.0212748 0.0581351
9 0.341317 0.29604 0.0162312 0.0490479
2 0.313078 0.431957 0.0237817 0.0613388
18 0.312781 0.432626 0.0229702 0.0599097
18 0.979921 0.403434 0.0282604 0.0600627
1 0.351876 0.238011 0.0189459 0.052231
