1 0.327696 0.145446 0.0195044 0.0447266
23 0.408276 0.385582 0.0221512 0.0584167
5 0.252701 0.225947 0.0254241 0.060267
3 0.701953 0.754035 0.0287866 0.0854099
13 0.472626 0.188811 0.0243978 0.0453495
15 0.580108 0.471565 0.0218376 0.064924
21 0.782652 0.258692 0.024434 0.0576491
9 0.38253 0.346682 0.0293447 0.0625604
11 0.490569 0.232019 0.021397 0.0415279
6 0.185863 0.46844 0.0284714 0.0682223
12 0.419566 0.183128 0.0179817 0.0494783
2 0.87138 0.465715 0.0305982 0.073262
9 0.185167 0.467677 0.0282564 0.0688482
20 0.542886 0.29078 0.0206984 0.0621589
7 0.401601 0.261105 0.0315076 0.0569541
13 0.510289 0.180401 0.0167297 0.0419802
2 0.426415 0.538175 0.031754 0.0690056
18 0.157041 0.674008 0.0347177 0.084485
13 0.513135 0.184283 0.0179525 0.042248
16 0.157662 0.672874 0.0345432 0.085694
22 0.887507 0.346947 0.0264944 0.0709764
14 0.608322 0.366797 0.0283131 0.0587338
18 0.426752 0.538017 0.0310827 0.0687344
14 0.542858 0.29025 0.0204624 0.0633891
1 0.327696 0.145446 0.0195044 0.0447266
23 0.408276 0.385582 0.0221512 0.0584167
5 0.252701 0.225947 0.0254241 0.060267
3 0.701953 0.754035 0.0287866 0.0854099
13 0.472626 0.188811 0.0243978 0.0453495
15 0.580108 0.471565 0.0218376 0.064924
21 0.782652 0.258692 0.024434 0.0576491
9 0.38253 0.346682 0.0293447 0.0625604
11 0.490569 0.232019 0.021397 0.0415279
6 0.185863 0.46844 0.0284714 0.0682223
12 0.419566 0.183128 0.0179817 0.0494783
2 0.87138 0.465715 0.0305982 0.073262
9 0.185167 0.467677 0.0282564 0.0688482
20 0.542886 0.29078 0.0206984 0.0621589
7 0.401601 0.261105 0.0315076 0.0569541
13 0.510289 0.180401 0.0167297 0.0419802
2 0.426415 0.538175 0.031754 0.0690056
18 0.157041 0.674008 0.0347177 0.084485
13 0.513135 0.184283 0.0179525 0.042248
16 0.157662 0.672874 0.0345432 0.085694
22 0.887507 0.346947 0.0264944 0.0709764
14 0.608322 0.366797 0.0283131 0.0587338
18 0.426752 0.538017 0.0310827 0.0687344
14 0.542858 0.29025 0.0204624 0.0633891
1 0.327696 0.145446 0.0195044 0.0447266
23 0.408276 0.385582 0.0221512 0.0584167
5 0.252701 0.225947 0.0254241 0.060267
3 0.701953 0.754035 0.0287866 0.0854099
13 0.472626 0.188811 0.0243978 0.0453495
15 0.580108 0.471565 0.0218376 0.064924
21 0.782652 0.258692 0.024434 0.0576491
9 0.38253 0.346682 0.0293447 0.0625604
11 0.490569 0.232019 0.021397 0.0415279
6 0.185863 0.46844 0.0284714 0.0682223
12 0.419566 0.183128 0.0179817 0.0494783
2 0.87138 0.465715 0.0305982 0.073262
9 0.185167 0.467677 0.0282564 0.0688482
20 0.542886 0.29078 0.0206984 0.0621589
7 0.401601 0.261105 0.0315076 0.0569541
13 0.510289 0.180401 0.0167297 0.0419802
2 0.426415 0.538175 0.031754 0.0690056
18 0.157041 0.674008 0.0347177 0.084485
13 0.513135 0.184283 0.0179525 0.042248
16 0.157662 0.672874 0.0345432 0.085694
22 0.887507 0.346947 0.0264944 0.0709764
14 0.608322 0.366797 0.0283131 0.0587338
18 0.426752 0.538017 0.0310827 0.0687344
14 0.542858 0.29025 0.0204624 0.0633891
1 0.327696 0.145446 0.0195044 0.0447266
23 0.408276 0.385582 0.0221512 0.0584167
5 0.252701 0.225947 0.0254241 0.060267
3 0.701953 0.754035 0.0287866 0.0854099
13 0.472626 0.188811 0.0243978 0.0453495
15 0.580108 0.471565 0.0218376 0.064924
21 0.782652 0.258692 0.024434 0.0576491
9 0.38253 0.346682 0.0293447 0.0625604
11 0.490569 0.232019 0.021397 0.0415279
6 0.185863 0.46844 0.0284714 0.0682223
12 0.419566 0.183128 0.0179817 0.0494783
2 0.87138 0.465715 0.0305982 0.073262
9 0.185167 0.467677 0.0282564 0.0688482
20 0.542886 0.29078 0.0206984 0.0621589
7 0.401601 0.261105 0.0315076 0.0569541
13 0.510289 0.180401 0.0167297 0.0419802
2 0.426415 0.538175 0.031754 0.0690056
18 0.157041 0.674008 0.0347177 0.084485
13 0.513135 0.184283 0.0179525 0.042248
16 0.157662 0.672874 0.0345432 0.085694
22 0.887507 0.346947 0.0264944 0.0709764
14 0.608322 0.366797 0.0283131 0.0587338
18 0.426752 0.538017 0.0310827 0.0687344
14 0.542858 0.29025 0.0204624 0.0633891
