4 0.0710704 0.323767 0.0180212 0.0566441
3 0.742249 0.694694 0.0259856 0.0721844
6 0.225799 0.39269 0.0256321 0.0540453
2 0.875499 0.475571 0.0241282 0.0650755
5 0.318325 0.246603 0.0212815 0.046303
23 0.472718 0.341757 0.0197664 0.0575524
16 0.193339 0.485221 0.0248154 0.0611908
8 0.246775 0.311079 0.0157969 0.0445627
7 0.368626 0.263006 0.0160906 0.0396838
2 0.385096 0.473812 0.0278882 0.0590961
8 0.23116 0.328651 0.0147387 0.046463
20 0.671784 0.308934 0.0180688 0.053262
15 0.535593 0.443466 0.0243123 0.0593345
9 0.394346 0.333859 0.0265351 0.0602203
2 0.827976 0.300762 0.0199001 0.0552531
1 0.366202 0.214872 0.0113351 0.0417585
9 0.511813 0.269046 0.0194778 0.0483656
20 0.942897 0.383139 0.0225632 0.0625078
4 0.0710704 0.323767 0.0180212 0.0566441
3 0.742249 0.694694 0.0259856 0.0721844
6 0.225799 0.39269 0.0256321 0.0540453
2 0.875499 0.475571 0.0241282 0.0650755
5 0.318325 0.246603 0.0212815 0.046303
23 0.472718 0.341757 0.0197664 0.0575524
16 0.193339 0.485221 0.0248154 0.0611908
8 0.246775 0.311079 0.0157969 0.0445627
7 0.368626 0.263006 0.0160906 0.0396838
2 0.385096 0.473812 0.0278882 0.0590961
8 0.23116 0.328651 0.0147387 0.046463
20 0.671784 0.308934 0.0180688 0.053262
15 0.535593 0.443466 0.0243123 0.0593345
9 0.394346 0.333859 0.0265351 0.0602203
2 0.827976 0.300762 0.0199001 0.0552531
1 0.366202 0.214872 0.0113351 0.0417585
9 0.511813 0.269046 0.0194778 0.0483656
20 0.942897 0.383139 0.0225632 0.0625078
4 0.0710704 0.323767 0.0180212 0.0566441
3 0.742249 0.694694 0.0259856 0.0721844
6 0.225799 0.39269 0.0256321 0.0540453
2 0.875499 0.475571 0.0241282 0.0650755
5 0.318325 0.246603 0.0212815 0.046303
23 0.472718 0.341757 0.0197664 0.0575524
16 0.193339 0.485221 0.0248154 0.0611908
8 0.246775 0.311079 0.0157969 0.0445627
7 0.368626 0.263006 0.0160906 0.0396838
2 0.385096 0.473812 0.0278882 0.0590961
8 0.23116 0.328651 0.0147387 0.046463
20 0.671784 0.308934 0.0180688 0.053262
15 0.535593 0.443466 0.0243123 0.0593345
9 0.394346 0.333859 0.0265351 0.0602203
2 0.827976 0.300762 0.0199001 0.0552531
1 0.366202 0.214872 0.0113351 0.0417585
9 0.511813 0.269046 0.0194778 0.0483656
20 0.942897 0.383139 0.0225632 0.0625078
4 0.0710704 0.323767 0.0180212 0.0566441
3 0.742249 0.694694 0.0259856 0.0721844
6 0.225799 0.39269 0.0256321 0.0540453
2 0.875499 0.475571 0.0241282 0.0650755
5 0.318325 0.246603 0.0212815 0.046303
23 0.472718 0.341757 0.0197664 0.0575524
16 0.193339 0.485221 0.0248154 0.0611908
8 0.246775 0.311079 0.0157969 0.0445627
7 0.368626 0.263006 0.0160906 0.0396838
2 0.385096 0.473812 0.0278882 0.0590961
8 0.23116 0.328651 0.0147387 0.046463
20 0.671784 0.308934 0.0180688 0.053262
15 0.535593 0.443466 0.0243123 0.0593345
9 0.394346 0.333859 0.0265351 0.0602203
2 0.827976 0.300762 0.0199001 0.0552531
1 0.366202 0.214872 0.0113351 0.0417585
9 0.511813 0.269046 0.0194778 0.0483656
20 0.942897 0.383139 0.0225632 0.0625078
