23 0.468708 0.317981 0.017778 0.0487406
3 0.733763 0.675104 0.0258625 0.0805506
5 0.29847 0.24019 0.0233514 0.0463539
4 0.0954451 0.311784 0.0172375 0.0530306
12 0.32831 0.192959 0.0120084 0.0391613
2 0.857942 0.467411 0.0239422 0.0675793
16 0.17286 0.435063 0.0232538 0.0502263
20 0.682505 0.304093 0.0191378 0.0592138
15 0.485548 0.424662 0.0259403 0.0586761
8 0.245544 0.303798 0.0146346 0.0464232
7 0.331481 0.244553 0.0161116 0.0370597
18 0.347379 0.451705 0.025215 0.0591332
9 0.360616 0.321457 0.029988 0.0603291
15 0.666981 0.379854 0.0213406 0.0541272
8 0.462596 0.224137 0.0123762 0.0494381
20 0.500709 0.263165 0.0178551 0.0513298
6 0.202712 0.370898 0.0216644 0.0557965
2 0.347497 0.451331 0.0258619 0.0615769
2 0.824291 0.297419 0.022263 0.0620912
23 0.468708 0.317981 0.017778 0.0487406
3 0.733763 0.675104 0.0258625 0.0805506
5 0.29847 0.24019 0.0233514 0.0463539
4 0.0954451 0.311784 0.0172375 0.0530306
12 0.32831 0.192959 0.0120084 0.0391613
2 0.857942 0.467411 0.0239422 0.0675793
16 0.17286 0.435063 0.0232538 0.0502263
20 0.682505 0.304093 0.0191378 0.0592138
15 0.485548 0.424662 0.0259403 0.0586761
8 0.245544 0.303798 0.0146346 0.0464232
7 0.331481 0.244553 0.0161116 0.0370597
18 0.347379 0.451705 0.025215 0.0591332
9 0.360616 0.321457 0.029988 0.0603291
15 0.666981 0.379854 0.0213406 0.0541272
8 0.462596 0.224137 0.0123762 0.0494381
20 0.500709 0.263165 0.0178551 0.0513298
6 0.202712 0.370898 0.0216644 0.0557965
2 0.347497 0.451331 0.0258619 0.0615769
2 0.824291 0.297419 0.022263 0.0620912
23 0.468708 0.317981 0.017778 0.0487406
3 0.733763 0.675104 0.0258625 0.0805506
5 0.29847 0.24019 0.0233514 0.0463539
4 0.0954451 0.311784 0.0172375 0.0530306
12 0.32831 0.192959 0.0120084 0.0391613
2 0.857942 0.467411 0.0239422 0.0675793
16 0.17286 0.435063 0.0232538 0.0502263
20 0.682505 0.304093 0.0191378 0.0592138
15 0.485548 0.424662 0.0259403 0.0586761
8 0.245544 0.303798 0.0146346 0.0464232
7 0.331481 0.244553 0.0161116 0.0370597
18 0.347379 0.451705 0.025215 0.0591332
9 0.360616 0.321457 0.029988 0.0603291
15 0.666981 0.379854 0.0213406 0.0541272
8 0.462596 0.224137 0.0123762 0.0494381
20 0.500709 0.263165 0.0178551 0.0513298
6 0.202712 0.370898 0.0216644 0.0557965
2 0.347497 0.451331 0.0258619 0.0615769
2 0.824291 0.297419 0.022263 0.0620912
23 0.468708 0.317981 0.017778 0.0487406
3 0.733763 0.675104 0.0258625 0.0805506
5 0.29847 0.24019 0.0233514 0.0463539
4 0.0954451 0.311784 0.0172375 0.0530306
12 0.32831 0.192959 0.0120084 0.0391613
2 0.857942 0.467411 0.0239422 0.0675793
16 0.17286 0.435063 0.0232538 0.0502263
20 0.682505 0.304093 0.0191378 0.0592138
15 0.485548 0.424662 0.0259403 0.0586761
8 0.245544 0.303798 0.0146346 0.0464232
7 0.331481 0.244553 0.0161116 0.0370597
18 0.347379 0.451705 0.025215 0.0591332
9 0.360616 0.321457 0.029988 0.0603291
15 0.666981 0.379854 0.0213406 0.0541272
8 0.462596 0.224137 0.0123762 0.0494381
20 0.500709 0.263165 0.0178551 0.0513298
6 0.202712 0.370898 0.0216644 0.0557965
2 0.347497 0.451331 0.0258619 0.0615769
2 0.824291 0.297419 0.022263 0.0620912
