0 0.309079 0.159719 0.00972096 0.0183723
1 0.323525 0.140546 0.0181732 0.0446858
5 0.247791 0.221816 0.0279579 0.0630011
13 0.511943 0.178222 0.0221136 0.0492745
3 0.701258 0.761978 0.0282846 0.0846103
12 0.423039 0.177347 0.0227982 0.0488747
11 0.488938 0.230352 0.0192091 0.0436454
16 0.15366 0.682243 0.0289238 0.0802397
13 0.471712 0.186219 0.0222322 0.047937
20 0.53668 0.287772 0.0193984 0.0632041
6 0.180866 0.471165 0.0305247 0.0634057
15 0.580726 0.471703 0.0225216 0.0643082
21 0.782588 0.253231 0.0232416 0.0593131
23 0.404179 0.384903 0.0233993 0.0615507
2 0.873347 0.465986 0.0281738 0.0753901
14 0.60591 0.364912 0.0227601 0.0611421
9 0.402358 0.259817 0.0246676 0.0578996
9 0.379614 0.342271 0.0246555 0.0618944
18 0.428943 0.545434 0.0299692 0.0751582
22 0.888967 0.34299 0.024803 0.071932
14 0.536986 0.287602 0.0185881 0.0612138
9 0.180888 0.470794 0.0296207 0.0613503
0 0.309079 0.159719 0.00972096 0.0183723
1 0.323525 0.140546 0.0181732 0.0446858
5 0.247791 0.221816 0.0279579 0.0630011
13 0.511943 0.178222 0.0221136 0.0492745
3 0.701258 0.761978 0.0282846 0.0846103
12 0.423039 0.177347 0.0227982 0.0488747
11 0.488938 0.230352 0.0192091 0.0436454
16 0.15366 0.682243 0.0289238 0.0802397
13 0.471712 0.186219 0.0222322 0.047937
20 0.53668 0.287772 0.0193984 0.0632041
6 0.180866 0.471165 0.0305247 0.0634057
15 0.580726 0.471703 0.0225216 0.0643082
21 0.782588 0.253231 0.0232416 0.0593131
23 0.404179 0.384903 0.0233993 0.0615507
2 0.873347 0.465986 0.0281738 0.0753901
14 0.60591 0.364912 0.0227601 0.0611421
9 0.402358 0.259817 0.0246676 0.0578996
9 0.379614 0.342271 0.0246555 0.0618944
18 0.428943 0.545434 0.0299692 0.0751582
22 0.888967 0.34299 0.024803 0.071932
14 0.536986 0.287602 0.0185881 0.0612138
9 0.180888 0.470794 0.0296207 0.0613503
0 0.309079 0.159719 0.00972096 0.0183723
1 0.323525 0.140546 0.0181732 0.0446858
5 0.247791 0.221816 0.0279579 0.0630011
13 0.511943 0.178222 0.0221136 0.0492745
3 0.701258 0.761978 0.0282846 0.0846103
12 0.423039 0.177347 0.0227982 0.0488747
11 0.488938 0.230352 0.0192091 0.0436454
16 0.15366 0.682243 0.0289238 0.0802397
13 0.471712 0.186219 0.0222322 0.047937
20 0.53668 0.287772 0.0193984 0.0632041
6 0.180866 0.471165 0.0305247 0.0634057
15 0.580726 0.471703 0.0225216 0.0643082
21 0.782588 0.253231 0.0232416 0.0593131
23 0.404179 0.384903 0.0233993 0.0615507
2 0.873347 0.465986 0.0281738 0.0753901
14 0.60591 0.364912 0.0227601 0.0611421
9 0.402358 0.259817 0.0246676 0.0578996
9 0.379614 0.342271 0.0246555 0.0618944
18 0.428943 0.545434 0.0299692 0.0751582
22 0.888967 0.34299 0.024803 0.071932
14 0.536986 0.287602 0.0185881 0.0612138
9 0.180888 0.470794 0.0296207 0.0613503
0 0.309079 0.159719 0.00972096 0.0183723
1 0.323525 0.140546 0.0181732 0.0446858
5 0.247791 0.221816 0.0279579 0.0630011
13 0.511943 0.178222 0.0221136 0.0492745
3 0.701258 0.761978 0.0282846 0.0846103
12 0.423039 0.177347 0.0227982 0.0488747
11 0.488938 0.230352 0.0192091 0.0436454
16 0.15366 0.682243 0.0289238 0.0802397
13 0.471712 0.186219 0.0222322 0.047937
20 0.53668 0.287772 0.0193984 0.0632041
6 0.180866 0.471165 0.0305247 0.0634057
15 0.580726 0.471703 0.0225216 0.0643082
21 0.782588 0.253231 0.0232416 0.0593131
23 0.404179 0.384903 0.0233993 0.0615507
2 0.873347 0.465986 0.0281738 0.0753901
14 0.60591 0.364912 0.0227601 0.0611421
9 0.402358 0.259817 0.0246676 0.0578996
9 0.379614 0.342271 0.0246555 0.0618944
18 0.428943 0.545434 0.0299692 0.0751582
22 0.888967 0.34299 0.024803 0.071932
14 0.536986 0.287602 0.0185881 0.0612138
9 0.180888 0.470794 0.0296207 0.0613503
