23 0.45904 0.307328 0.0174923 0.0470873
3 0.724642 0.6601 0.0242612 0.0798717
16 0.145315 0.410167 0.0191717 0.0507884
12 0.296355 0.195559 0.0147218 0.0359276
4 0.11097 0.312421 0.0195876 0.0499208
5 0.283281 0.241857 0.0252344 0.0405495
6 0.181933 0.367912 0.0202476 0.0532026
2 0.840308 0.466099 0.027732 0.0770889
20 0.685732 0.306654 0.0192343 0.0564047
1 0.32582 0.22345 0.0163761 0.043696
10 0.456178 0.223706 0.0168592 0.0476562
2 0.820752 0.297024 0.0208603 0.0558748
13 0.423283 0.213299 0.0147273 0.0452075
22 0.948865 0.387336 0.0227001 0.0683106
13 0.455681 0.224363 0.0155174 0.047327
14 0.657733 0.38118 0.0191466 0.0570834
9 0.332137 0.318975 0.0195401 0.0577747
23 0.45904 0.307328 0.0174923 0.0470873
3 0.724642 0.6601 0.0242612 0.0798717
16 0.145315 0.410167 0.0191717 0.0507884
12 0.296355 0.195559 0.0147218 0.0359276
4 0.11097 0.312421 0.0195876 0.0499208
5 0.283281 0.241857 0.0252344 0.0405495
6 0.181933 0.367912 0.0202476 0.0532026
2 0.840308 0.466099 0.027732 0.0770889
20 0.685732 0.306654 0.0192343 0.0564047
1 0.32582 0.22345 0.0163761 0.043696
10 0.456178 0.223706 0.0168592 0.0476562
2 0.820752 0.297024 0.0208603 0.0558748
13 0.423283 0.213299 0.0147273 0.0452075
22 0.948865 0.387336 0.0227001 0.0683106
13 0.455681 0.224363 0.0155174 0.047327
14 0.657733 0.38118 0.0191466 0.0570834
9 0.332137 0.318975 0.0195401 0.0577747
23 0.45904 0.307328 0.0174923 0.0470873
3 0.724642 0.6601 0.0242612 0.0798717
16 0.145315 0.410167 0.0191717 0.0507884
12 0.296355 0.195559 0.0147218 0.0359276
4 0.11097 0.312421 0.0195876 0.0499208
5 0.283281 0.241857 0.0252344 0.0405495
6 0.181933 0.367912 0.0202476 0.0532026
2 0.840308 0.466099 0.027732 0.0770889
20 0.685732 0.306654 0.0192343 0.0564047
1 0.32582 0.22345 0.0163761 0.043696
10 0.456178 0.223706 0.0168592 0.0476562
2 0.820752 0.297024 0.0208603 0.0558748
13 0.423283 0.213299 0.0147273 0.0452075
22 0.948865 0.387336 0.0227001 0.0683106
13 0.455681 0.224363 0.0155174 0.047327
14 0.657733 0.38118 0.0191466 0.0570834
9 0.332137 0.318975 0.0195401 0.0577747
23 0.45904 0.307328 0.0174923 0.0470873
3 0.724642 0.6601 0.0242612 0.0798717
16 0.145315 0.410167 0.0191717 0.0507884
12 0.296355 0.195559 0.0147218 0.0359276
4 0.11097 0.312421 0.0195876 0.0499208
5 0.283281 0.241857 0.0252344 0.0405495
6 0.181933 0.367912 0.0202476 0.0532026
2 0.840308 0.466099 0.027732 0.0770889
20 0.685732 0.306654 0.0192343 0.0564047
1 0.32582 0.22345 0.0163761 0.043696
10 0.456178 0.223706 0.0168592 0.0476562
2 0.820752 0.297024 0.0208603 0.0558748
13 0.423283 0.213299 0.0147273 0.0452075
22 0.948865 0.387336 0.0227001 0.0683106
13 0.455681 0.224363 0.0155174 0.047327
14 0.657733 0.38118 0.0191466 0.0570834
9 0.332137 0.318975 0.0195401 0.0577747
