23 0.483375 0.295885 0.0163939 0.0516077
6 0.186752 0.353285 0.020588 0.0568595
16 0.132863 0.368874 0.0252401 0.029392
9 0.316929 0.328728 0.0140117 0.0536389
3 0.745747 0.633641 0.0301682 0.0838093
4 0.136776 0.331851 0.0189879 0.0233971
2 0.836172 0.460275 0.0266468 0.0654463
20 0.733619 0.309671 0.0183546 0.0585697
1 0.256026 0.213334 0.0181648 0.0458688
12 0.347325 0.241786 0.0178535 0.050702
21 0.864175 0.295981 0.023406 0.0644753
15 0.413622 0.391745 0.0202173 0.0538867
15 0.681148 0.389317 0.0213196 0.0595073
1 0.347152 0.241883 0.0175617 0.0506745
9 0.32906 0.294446 0.0116398 0.0469933
18 0.313229 0.433024 0.0255472 0.058247
23 0.483375 0.295885 0.0163939 0.0516077
6 0.186752 0.353285 0.020588 0.0568595
16 0.132863 0.368874 0.0252401 0.029392
9 0.316929 0.328728 0.0140117 0.0536389
3 0.745747 0.633641 0.0301682 0.0838093
4 0.136776 0.331851 0.0189879 0.0233971
2 0.836172 0.460275 0.0266468 0.0654463
20 0.733619 0.309671 0.0183546 0.0585697
1 0.256026 0.213334 0.0181648 0.0458688
12 0.347325 0.241786 0.0178535 0.050702
21 0.864175 0.295981 0.023406 0.0644753
15 0.413622 0.391745 0.0202173 0.0538867
15 0.681148 0.389317 0.0213196 0.0595073
1 0.347152 0.241883 0.0175617 0.0506745
9 0.32906 0.294446 0.0116398 0.0469933
18 0.313229 0.433024 0.0255472 0.058247
23 0.483375 0.295885 0.0163939 0.0516077
6 0.186752 0.353285 0.020588 0.0568595
16 0.132863 0.368874 0.0252401 0.029392
9 0.316929 0.328728 0.0140117 0.0536389
3 0.745747 0.633641 0.0301682 0.0838093
4 0.136776 0.331851 0.0189879 0.0233971
2 0.836172 0.460275 0.0266468 0.0654463
20 0.733619 0.309671 0.0183546 0.0585697
1 0.256026 0.213334 0.0181648 0.0458688
12 0.347325 0.241786 0.0178535 0.050702
21 0.864175 0.295981 0.023406 0.0644753
15 0.413622 0.391745 0.0202173 0.0538867
15 0.681148 0.389317 0.0213196 0.0595073
1 0.347152 0.241883 0.0175617 0.0506745
9 0.32906 0.294446 0.0116398 0.0469933
18 0.313229 0.433024 0.0255472 0.058247
23 0.483375 0.295885 0.0163939 0.0516077
6 0.186752 0.353285 0.020588 0.0568595
16 0.132863 0.368874 0.0252401 0.029392
9 0.316929 0.328728 0.0140117 0.0536389
3 0.745747 0.633641 0.0301682 0.0838093
4 0.136776 0.331851 0.0189879 0.0233971
2 0.836172 0.460275 0.0266468 0.0654463
20 0.733619 0.309671 0.0183546 0.0585697
1 0.256026 0.213334 0.0181648 0.0458688
12 0.347325 0.241786 0.0178535 0.050702
21 0.864175 0.295981 0.023406 0.0644753
15 0.413622 0.391745 0.0202173 0.0538867
15 0.681148 0.389317 0.0213196 0.0595073
1 0.347152 0.241883 0.0175617 0.0506745
9 0.32906 0.294446 0.0116398 0.0469933
18 0.313229 0.433024 0.0255472 0.058247
