5 0.304772 0.241876 0.0241881 0.044925
3 0.735921 0.676791 0.0269293 0.0833368
16 0.179568 0.44645 0.0249645 0.0539342
23 0.470863 0.322693 0.0175829 0.0486359
4 0.0905169 0.313248 0.0203053 0.0557153
2 0.864234 0.468965 0.0280632 0.0660789
12 0.34117 0.190555 0.0111385 0.0308396
18 0.358022 0.456145 0.0248021 0.0609197
8 0.246106 0.306377 0.0161515 0.0457655
20 0.680779 0.304823 0.0206624 0.0572897
6 0.211837 0.37323 0.0233 0.0543586
9 0.369452 0.321198 0.021727 0.0596176
8 0.468236 0.223688 0.0140826 0.0467001
7 0.342378 0.24859 0.0154301 0.035694
13 0.45939 0.210479 0.0114929 0.0444302
5 0.304772 0.241876 0.0241881 0.044925
3 0.735921 0.676791 0.0269293 0.0833368
16 0.179568 0.44645 0.0249645 0.0539342
23 0.470863 0.322693 0.0175829 0.0486359
4 0.0905169 0.313248 0.0203053 0.0557153
2 0.864234 0.468965 0.0280632 0.0660789
12 0.34117 0.190555 0.0111385 0.0308396
18 0.358022 0.456145 0.0248021 0.0609197
8 0.246106 0.306377 0.0161515 0.0457655
20 0.680779 0.304823 0.0206624 0.0572897
6 0.211837 0.37323 0.0233 0.0543586
9 0.369452 0.321198 0.021727 0.0596176
8 0.468236 0.223688 0.0140826 0.0467001
7 0.342378 0.24859 0.0154301 0.035694
13 0.45939 0.210479 0.0114929 0.0444302
5 0.304772 0.241876 0.0241881 0.044925
3 0.735921 0.676791 0.0269293 0.0833368
16 0.179568 0.44645 0.0249645 0.0539342
23 0.470863 0.322693 0.0175829 0.0486359
4 0.0905169 0.313248 0.0203053 0.0557153
2 0.864234 0.468965 0.0280632 0.0660789
12 0.34117 0.190555 0.0111385 0.0308396
18 0.358022 0.456145 0.0248021 0.0609197
8 0.246106 0.306377 0.0161515 0.0457655
20 0.680779 0.304823 0.0206624 0.0572897
6 0.211837 0.37323 0.0233 0.0543586
9 0.369452 0.321198 0.021727 0.0596176
8 0.468236 0.223688 0.0140826 0.0467001
7 0.342378 0.24859 0.0154301 0.035694
13 0.45939 0.210479 0.0114929 0.0444302
5 0.304772 0.241876 0.0241881 0.044925
3 0.735921 0.676791 0.0269293 0.0833368
16 0.179568 0.44645 0.0249645 0.0539342
23 0.470863 0.322693 0.0175829 0.0486359
4 0.0905169 0.313248 0.0203053 0.0557153
2 0.864234 0.468965 0.0280632 0.0660789
12 0.34117 0.190555 0.0111385 0.0308396
18 0.358022 0.456145 0.0248021 0.0609197
8 0.246106 0.306377 0.0161515 0.0457655
20 0.680779 0.304823 0.0206624 0.0572897
6 0.211837 0.37323 0.0233 0.0543586
9 0.369452 0.321198 0.021727 0.0596176
8 0.468236 0.223688 0.0140826 0.0467001
7 0.342378 0.24859 0.0154301 0.035694
13 0.45939 0.210479 0.0114929 0.0444302
