5 0.262946 0.230341 0.0290546 0.0599265
1 0.334978 0.156644 0.0197873 0.0448061
0 0.320911 0.17498 0.00872536 0.0191678
6 0.193527 0.461495 0.0248482 0.0646455
9 0.385846 0.348087 0.0283192 0.0605544
11 0.492498 0.240642 0.0189366 0.0409715
13 0.508302 0.188635 0.0204805 0.0472678
23 0.414387 0.381644 0.0219829 0.0574463
21 0.783694 0.265356 0.0240124 0.0558418
3 0.705996 0.749379 0.0309498 0.0814551
13 0.473361 0.196102 0.0233532 0.0475334
15 0.579825 0.471555 0.0215426 0.0651242
12 0.415017 0.190677 0.0196611 0.0498283
8 0.186352 0.359852 0.0224654 0.056287
2 0.870417 0.470232 0.028368 0.0728804
7 0.395825 0.266992 0.0262095 0.0475851
22 0.8883 0.353124 0.0220503 0.0702693
20 0.557549 0.294466 0.0184225 0.0597878
14 0.557365 0.293767 0.0195063 0.0597341
14 0.615557 0.372855 0.0230584 0.0642964
17 0.199253 0.39267 0.0185832 0.0516329
18 0.420138 0.531371 0.0295164 0.0700172
9 0.396482 0.267581 0.0290393 0.0498722
16 0.162039 0.648796 0.028043 0.0760044
5 0.262946 0.230341 0.0290546 0.0599265
1 0.334978 0.156644 0.0197873 0.0448061
0 0.320911 0.17498 0.00872536 0.0191678
6 0.193527 0.461495 0.0248482 0.0646455
9 0.385846 0.348087 0.0283192 0.0605544
11 0.492498 0.240642 0.0189366 0.0409715
13 0.508302 0.188635 0.0204805 0.0472678
23 0.414387 0.381644 0.0219829 0.0574463
21 0.783694 0.265356 0.0240124 0.0558418
3 0.705996 0.749379 0.0309498 0.0814551
13 0.473361 0.196102 0.0233532 0.0475334
15 0.579825 0.471555 0.0215426 0.0651242
12 0.415017 0.190677 0.0196611 0.0498283
8 0.186352 0.359852 0.0224654 0.056287
2 0.870417 0.470232 0.028368 0.0728804
7 0.395825 0.266992 0.0262095 0.0475851
22 0.8883 0.353124 0.0220503 0.0702693
20 0.557549 0.294466 0.0184225 0.0597878
14 0.557365 0.293767 0.0195063 0.0597341
14 0.615557 0.372855 0.0230584 0.0642964
17 0.199253 0.39267 0.0185832 0.0516329
18 0.420138 0.531371 0.0295164 0.0700172
9 0.396482 0.267581 0.0290393 0.0498722
16 0.162039 0.648796 0.028043 0.0760044
5 0.262946 0.230341 0.0290546 0.0599265
1 0.334978 0.156644 0.0197873 0.0448061
0 0.320911 0.17498 0.00872536 0.0191678
6 0.193527 0.461495 0.0248482 0.0646455
9 0.385846 0.348087 0.0283192 0.0605544
11 0.492498 0.240642 0.0189366 0.0409715
13 0.508302 0.188635 0.0204805 0.0472678
23 0.414387 0.381644 0.0219829 0.0574463
21 0.783694 0.265356 0.0240124 0.0558418
3 0.705996 0.749379 0.0309498 0.0814551
13 0.473361 0.196102 0.0233532 0.0475334
15 0.579825 0.471555 0.0215426 0.0651242
12 0.415017 0.190677 0.0196611 0.0498283
8 0.186352 0.359852 0.0224654 0.056287
2 0.870417 0.470232 0.028368 0.0728804
7 0.395825 0.266992 0.0262095 0.0475851
22 0.8883 0.353124 0.0220503 0.0702693
20 0.557549 0.294466 0.0184225 0.0597878
14 0.557365 0.293767 0.0195063 0.0597341
14 0.615557 0.372855 0.0230584 0.0642964
17 0.199253 0.39267 0.0185832 0.0516329
18 0.420138 0.531371 0.0295164 0.0700172
9 0.396482 0.267581 0.0290393 0.0498722
16 0.162039 0.648796 0.028043 0.0760044
5 0.262946 0.230341 0.0290546 0.0599265
1 0.334978 0.156644 0.0197873 0.0448061
0 0.320911 0.17498 0.00872536 0.0191678
6 0.193527 0.461495 0.0248482 0.0646455
9 0.385846 0.348087 0.0283192 0.0605544
11 0.492498 0.240642 0.0189366 0.0409715
13 0.508302 0.188635 0.0204805 0.0472678
23 0.414387 0.381644 0.0219829 0.0574463
21 0.783694 0.265356 0.0240124 0.0558418
3 0.705996 0.749379 0.0309498 0.0814551
13 0.473361 0.196102 0.0233532 0.0475334
15 0.579825 0.471555 0.0215426 0.0651242
12 0.415017 0.190677 0.0196611 0.0498283
8 0.186352 0.359852 0.0224654 0.056287
2 0.870417 0.470232 0.028368 0.0728804
7 0.395825 0.266992 0.0262095 0.0475851
22 0.8883 0.353124 0.0220503 0.0702693
20 0.557549 0.294466 0.0184225 0.0597878
14 0.557365 0.293767 0.0195063 0.0597341
14 0.615557 0.372855 0.0230584 0.0642964
17 0.199253 0.39267 0.0185832 0.0516329
18 0.420138 0.531371 0.0295164 0.0700172
9 0.396482 0.267581 0.0290393 0.0498722
16 0.162039 0.648796 0.028043 0.0760044
