5 0.31453 0.248938 0.0279429 0.0568029
23 0.454374 0.374478 0.0193976 0.0545635
3 0.729205 0.720854 0.0232508 0.0766374
1 0.370684 0.195347 0.0177597 0.044282
6 0.231371 0.422782 0.0215935 0.0502066
12 0.410311 0.21126 0.0198673 0.0440199
9 0.406017 0.347162 0.0271746 0.0582569
20 0.625709 0.307732 0.0190946 0.057001
11 0.511178 0.265787 0.0188831 0.0438553
2 0.875727 0.477031 0.0247837 0.0711351
21 0.80871 0.294072 0.021621 0.0573627
10 0.488144 0.218905 0.0148156 0.0433874
18 0.41274 0.502862 0.0296639 0.0646426
14 0.655255 0.38557 0.0195869 0.0567059
9 0.393507 0.272127 0.0220612 0.0483433
13 0.511199 0.212002 0.0149963 0.0442556
22 0.913358 0.375111 0.022433 0.0659041
7 0.393425 0.272406 0.022683 0.0471398
18 0.196693 0.563237 0.0231199 0.0665367
20 0.912843 0.374701 0.0228947 0.0686415
5 0.31453 0.248938 0.0279429 0.0568029
23 0.454374 0.374478 0.0193976 0.0545635
3 0.729205 0.720854 0.0232508 0.0766374
1 0.370684 0.195347 0.0177597 0.044282
6 0.231371 0.422782 0.0215935 0.0502066
12 0.410311 0.21126 0.0198673 0.0440199
9 0.406017 0.347162 0.0271746 0.0582569
20 0.625709 0.307732 0.0190946 0.057001
11 0.511178 0.265787 0.0188831 0.0438553
2 0.875727 0.477031 0.0247837 0.0711351
21 0.80871 0.294072 0.021621 0.0573627
10 0.488144 0.218905 0.0148156 0.0433874
18 0.41274 0.502862 0.0296639 0.0646426
14 0.655255 0.38557 0.0195869 0.0567059
9 0.393507 0.272127 0.0220612 0.0483433
13 0.511199 0.212002 0.0149963 0.0442556
22 0.913358 0.375111 0.022433 0.0659041
7 0.393425 0.272406 0.022683 0.0471398
18 0.196693 0.563237 0.0231199 0.0665367
20 0.912843 0.374701 0.0228947 0.0686415
5 0.31453 0.248938 0.0279429 0.0568029
23 0.454374 0.374478 0.0193976 0.0545635
3 0.729205 0.720854 0.0232508 0.0766374
1 0.370684 0.195347 0.0177597 0.044282
6 0.231371 0.422782 0.0215935 0.0502066
12 0.410311 0.21126 0.0198673 0.0440199
9 0.406017 0.347162 0.0271746 0.0582569
20 0.625709 0.307732 0.0190946 0.057001
11 0.511178 0.265787 0.0188831 0.0438553
2 0.875727 0.477031 0.0247837 0.0711351
21 0.80871 0.294072 0.021621 0.0573627
10 0.488144 0.218905 0.0148156 0.0433874
18 0.41274 0.502862 0.0296639 0.0646426
14 0.655255 0.38557 0.0195869 0.0567059
9 0.393507 0.272127 0.0220612 0.0483433
13 0.511199 0.212002 0.0149963 0.0442556
22 0.913358 0.375111 0.022433 0.0659041
7 0.393425 0.272406 0.022683 0.0471398
18 0.196693 0.563237 0.0231199 0.0665367
20 0.912843 0.374701 0.0228947 0.0686415
5 0.31453 0.248938 0.0279429 0.0568029
23 0.454374 0.374478 0.0193976 0.0545635
3 0.729205 0.720854 0.0232508 0.0766374
1 0.370684 0.195347 0.0177597 0.044282
6 0.231371 0.422782 0.0215935 0.0502066
12 0.410311 0.21126 0.0198673 0.0440199
9 0.406017 0.347162 0.0271746 0.0582569
20 0.625709 0.307732 0.0190946 0.057001
11 0.511178 0.265787 0.0188831 0.0438553
2 0.875727 0.477031 0.0247837 0.0711351
21 0.80871 0.294072 0.021621 0.0573627
10 0.488144 0.218905 0.0148156 0.0433874
18 0.41274 0.502862 0.0296639 0.0646426
14 0.655255 0.38557 0.0195869 0.0567059
9 0.393507 0.272127 0.0220612 0.0483433
13 0.511199 0.212002 0.0149963 0.0442556
22 0.913358 0.375111 0.022433 0.0659041
7 0.393425 0.272406 0.022683 0.0471398
18 0.196693 0.563237 0.0231199 0.0665367
20 0.912843 0.374701 0.0228947 0.0686415
