23 0.460827 0.312229 0.0170444 0.049015
5 0.285713 0.239079 0.0269889 0.0427213
3 0.725793 0.664951 0.0254306 0.0777686
16 0.156143 0.419812 0.0227459 0.0513248
4 0.101414 0.310362 0.0217476 0.0547456
20 0.681342 0.304061 0.0201052 0.0586777
12 0.306545 0.193024 0.0133382 0.0384569
2 0.844531 0.464795 0.021978 0.0674515
9 0.346407 0.322699 0.0270517 0.0663917
13 0.432537 0.210711 0.0168008 0.0463708
6 0.187294 0.369077 0.0230994 0.0512756
15 0.462777 0.419922 0.0219534 0.0583094
1 0.322542 0.22416 0.0126621 0.0276845
21 0.819273 0.296187 0.0197021 0.0572797
10 0.456758 0.220029 0.0184124 0.0515368
2 0.819501 0.296523 0.0191912 0.0543698
22 0.946037 0.38554 0.0211187 0.0711149
6 0.242238 0.303714 0.020193 0.0432628
15 0.657835 0.381673 0.0232896 0.055554
23 0.460827 0.312229 0.0170444 0.049015
5 0.285713 0.239079 0.0269889 0.0427213
3 0.725793 0.664951 0.0254306 0.0777686
16 0.156143 0.419812 0.0227459 0.0513248
4 0.101414 0.310362 0.0217476 0.0547456
20 0.681342 0.304061 0.0201052 0.0586777
12 0.306545 0.193024 0.0133382 0.0384569
2 0.844531 0.464795 0.021978 0.0674515
9 0.346407 0.322699 0.0270517 0.0663917
13 0.432537 0.210711 0.0168008 0.0463708
6 0.187294 0.369077 0.0230994 0.0512756
15 0.462777 0.419922 0.0219534 0.0583094
1 0.322542 0.22416 0.0126621 0.0276845
21 0.819273 0.296187 0.0197021 0.0572797
10 0.456758 0.220029 0.0184124 0.0515368
2 0.819501 0.296523 0.0191912 0.0543698
22 0.946037 0.38554 0.0211187 0.0711149
6 0.242238 0.303714 0.020193 0.0432628
15 0.657835 0.381673 0.0232896 0.055554
23 0.460827 0.312229 0.0170444 0.049015
5 0.285713 0.239079 0.0269889 0.0427213
3 0.725793 0.664951 0.0254306 0.0777686
16 0.156143 0.419812 0.0227459 0.0513248
4 0.101414 0.310362 0.0217476 0.0547456
20 0.681342 0.304061 0.0201052 0.0586777
12 0.306545 0.193024 0.0133382 0.0384569
2 0.844531 0.464795 0.021978 0.0674515
9 0.346407 0.322699 0.0270517 0.0663917
13 0.432537 0.210711 0.0168008 0.0463708
6 0.187294 0.369077 0.0230994 0.0512756
15 0.462777 0.419922 0.0219534 0.0583094
1 0.322542 0.22416 0.0126621 0.0276845
21 0.819273 0.296187 0.0197021 0.0572797
10 0.456758 0.220029 0.0184124 0.0515368
2 0.819501 0.296523 0.0191912 0.0543698
22 0.946037 0.38554 0.0211187 0.0711149
6 0.242238 0.303714 0.020193 0.0432628
15 0.657835 0.381673 0.0232896 0.055554
23 0.460827 0.312229 0.0170444 0.049015
5 0.285713 0.239079 0.0269889 0.0427213
3 0.725793 0.664951 0.0254306 0.0777686
16 0.156143 0.419812 0.0227459 0.0513248
4 0.101414 0.310362 0.0217476 0.0547456
20 0.681342 0.304061 0.0201052 0.0586777
12 0.306545 0.193024 0.0133382 0.0384569
2 0.844531 0.464795 0.021978 0.0674515
9 0.346407 0.322699 0.0270517 0.0663917
13 0.432537 0.210711 0.0168008 0.0463708
6 0.187294 0.369077 0.0230994 0.0512756
15 0.462777 0.419922 0.0219534 0.0583094
1 0.322542 0.22416 0.0126621 0.0276845
21 0.819273 0.296187 0.0197021 0.0572797
10 0.456758 0.220029 0.0184124 0.0515368
2 0.819501 0.296523 0.0191912 0.0543698
22 0.946037 0.38554 0.0211187 0.0711149
6 0.242238 0.303714 0.020193 0.0432628
15 0.657835 0.381673 0.0232896 0.055554
