23 0.459532 0.305942 0.0163321 0.0510036
3 0.726199 0.657156 0.0253545 0.0766571
12 0.291145 0.192849 0.0163565 0.0362995
16 0.140529 0.404765 0.0202204 0.0508224
4 0.120393 0.312011 0.018792 0.0489936
2 0.839417 0.462049 0.0249683 0.0813629
20 0.690927 0.305146 0.019615 0.0558592
6 0.178225 0.369914 0.0246818 0.0503879
1 0.329723 0.226254 0.0240425 0.051968
13 0.419618 0.2139 0.0167608 0.0477742
17 0.253974 0.282016 0.0110178 0.0454497
22 0.952872 0.388744 0.0218388 0.0742403
5 0.28408 0.23929 0.022909 0.0392624
15 0.443343 0.416558 0.0218569 0.0669513
7 0.307099 0.237833 0.014667 0.0402829
10 0.462206 0.220953 0.0147333 0.0473026
2 0.82398 0.297896 0.0216248 0.0546877
8 0.241192 0.29501 0.0151718 0.052755
16 0.178146 0.369888 0.0249589 0.0498836
23 0.459532 0.305942 0.0163321 0.0510036
3 0.726199 0.657156 0.0253545 0.0766571
12 0.291145 0.192849 0.0163565 0.0362995
16 0.140529 0.404765 0.0202204 0.0508224
4 0.120393 0.312011 0.018792 0.0489936
2 0.839417 0.462049 0.0249683 0.0813629
20 0.690927 0.305146 0.019615 0.0558592
6 0.178225 0.369914 0.0246818 0.0503879
1 0.329723 0.226254 0.0240425 0.051968
13 0.419618 0.2139 0.0167608 0.0477742
17 0.253974 0.282016 0.0110178 0.0454497
22 0.952872 0.388744 0.0218388 0.0742403
5 0.28408 0.23929 0.022909 0.0392624
15 0.443343 0.416558 0.0218569 0.0669513
7 0.307099 0.237833 0.014667 0.0402829
10 0.462206 0.220953 0.0147333 0.0473026
2 0.82398 0.297896 0.0216248 0.0546877
8 0.241192 0.29501 0.0151718 0.052755
16 0.178146 0.369888 0.0249589 0.0498836
23 0.459532 0.305942 0.0163321 0.0510036
3 0.726199 0.657156 0.0253545 0.0766571
12 0.291145 0.192849 0.0163565 0.0362995
16 0.140529 0.404765 0.0202204 0.0508224
4 0.120393 0.312011 0.018792 0.0489936
2 0.839417 0.462049 0.0249683 0.0813629
20 0.690927 0.305146 0.019615 0.0558592
6 0.178225 0.369914 0.0246818 0.0503879
1 0.329723 0.226254 0.0240425 0.051968
13 0.419618 0.2139 0.0167608 0.0477742
17 0.253974 0.282016 0.0110178 0.0454497
22 0.952872 0.388744 0.0218388 0.0742403
5 0.28408 0.23929 0.022909 0.0392624
15 0.443343 0.416558 0.0218569 0.0669513
7 0.307099 0.237833 0.014667 0.0402829
10 0.462206 0.220953 0.0147333 0.0473026
2 0.82398 0.297896 0.0216248 0.0546877
8 0.241192 0.29501 0.0151718 0.052755
16 0.178146 0.369888 0.0249589 0.0498836
23 0.459532 0.305942 0.0163321 0.0510036
3 0.726199 0.657156 0.0253545 0.0766571
12 0.291145 0.192849 0.0163565 0.0362995
16 0.140529 0.404765 0.0202204 0.0508224
4 0.120393 0.312011 0.018792 0.0489936
2 0.839417 0.462049 0.0249683 0.0813629
20 0.690927 0.305146 0.019615 0.0558592
6 0.178225 0.369914 0.0246818 0.0503879
1 0.329723 0.226254 0.0240425 0.051968
13 0.419618 0.2139 0.0167608 0.0477742
17 0.253974 0.282016 0.0110178 0.0454497
22 0.952872 0.388744 0.0218388 0.0742403
5 0.28408 0.23929 0.022909 0.0392624
15 0.443343 0.416558 0.0218569 0.0669513
7 0.307099 0.237833 0.014667 0.0402829
10 0.462206 0.220953 0.0147333 0.0473026
2 0.82398 0.297896 0.0216248 0.0546877
8 0.241192 0.29501 0.0151718 0.052755
16 0.178146 0.369888 0.0249589 0.0498836
