16 0.124506 0.382603 0.0320683 0.0244887
3 0.739795 0.64555 0.0255357 0.0740256
4 0.141708 0.326953 0.0357684 0.03527
9 0.32112 0.319589 0.0167012 0.0561216
6 0.174832 0.359721 0.0189573 0.0569375
20 0.717481 0.307806 0.0178676 0.0603138
15 0.420131 0.402041 0.0203022 0.0598317
2 0.844199 0.463099 0.0236744 0.0692301
12 0.277635 0.20623 0.0158604 0.0429342
8 0.260903 0.292176 0.0160055 0.0549207
7 0.314491 0.241878 0.0150056 0.0479575
18 0.309701 0.436473 0.0238056 0.0577611
23 0.473791 0.298048 0.0182138 0.0491845
12 0.342191 0.238359 0.0178925 0.052125
9 0.299903 0.290871 0.0139851 0.0458289
13 0.41243 0.212439 0.0150364 0.0492185
16 0.124506 0.382603 0.0320683 0.0244887
3 0.739795 0.64555 0.0255357 0.0740256
4 0.141708 0.326953 0.0357684 0.03527
9 0.32112 0.319589 0.0167012 0.0561216
6 0.174832 0.359721 0.0189573 0.0569375
20 0.717481 0.307806 0.0178676 0.0603138
15 0.420131 0.402041 0.0203022 0.0598317
2 0.844199 0.463099 0.0236744 0.0692301
12 0.277635 0.20623 0.0158604 0.0429342
8 0.260903 0.292176 0.0160055 0.0549207
7 0.314491 0.241878 0.0150056 0.0479575
18 0.309701 0.436473 0.0238056 0.0577611
23 0.473791 0.298048 0.0182138 0.0491845
12 0.342191 0.238359 0.0178925 0.052125
9 0.299903 0.290871 0.0139851 0.0458289
13 0.41243 0.212439 0.0150364 0.0492185
16 0.124506 0.382603 0.0320683 0.0244887
3 0.739795 0.64555 0.0255357 0.0740256
4 0.141708 0.326953 0.0357684 0.03527
9 0.32112 0.319589 0.0167012 0.0561216
6 0.174832 0.359721 0.0189573 0.0569375
20 0.717481 0.307806 0.0178676 0.0603138
15 0.420131 0.402041 0.0203022 0.0598317
2 0.844199 0.463099 0.0236744 0.0692301
12 0.277635 0.20623 0.0158604 0.0429342
8 0.260903 0.292176 0.0160055 0.0549207
7 0.314491 0.241878 0.0150056 0.0479575
18 0.309701 0.436473 0.0238056 0.0577611
23 0.473791 0.298048 0.0182138 0.0491845
12 0.342191 0.238359 0.0178925 0.052125
9 0.299903 0.290871 0.0139851 0.0458289
13 0.41243 0.212439 0.0150364 0.0492185
16 0.124506 0.382603 0.0320683 0.0244887
3 0.739795 0.64555 0.0255357 0.0740256
4 0.141708 0.326953 0.0357684 0.03527
9 0.32112 0.319589 0.0167012 0.0561216
6 0.174832 0.359721 0.0189573 0.0569375
20 0.717481 0.307806 0.0178676 0.0603138
15 0.420131 0.402041 0.0203022 0.0598317
2 0.844199 0.463099 0.0236744 0.0692301
12 0.277635 0.20623 0.0158604 0.0429342
8 0.260903 0.292176 0.0160055 0.0549207
7 0.314491 0.241878 0.0150056 0.0479575
18 0.309701 0.436473 0.0238056 0.0577611
23 0.473791 0.298048 0.0182138 0.0491845
12 0.342191 0.238359 0.0178925 0.052125
9 0.299903 0.290871 0.0139851 0.0458289
13 0.41243 0.212439 0.0150364 0.0492185
