9 0.320026 0.334354 0.0170242 0.0559182
23 0.486586 0.296224 0.0167784 0.0495901
4 0.149482 0.327029 0.0195314 0.053453
6 0.19908 0.351446 0.0207396 0.0566672
21 0.863503 0.303717 0.0207383 0.0582025
20 0.742144 0.313148 0.0177931 0.0592282
12 0.353802 0.235219 0.017703 0.0496007
9 0.346438 0.297806 0.0164714 0.0505346
2 0.808613 0.45015 0.0232912 0.0600897
20 0.863548 0.30363 0.0212158 0.0582692
3 0.741672 0.625163 0.0298006 0.0735111
14 0.683527 0.389429 0.0228277 0.0587413
18 0.311886 0.433111 0.0273594 0.0598685
13 0.542087 0.217921 0.0130467 0.0456914
10 0.541927 0.218214 0.0124365 0.0443809
14 0.80871 0.450938 0.0245802 0.0585572
16 0.199126 0.35036 0.0217949 0.0592834
9 0.320026 0.334354 0.0170242 0.0559182
23 0.486586 0.296224 0.0167784 0.0495901
4 0.149482 0.327029 0.0195314 0.053453
6 0.19908 0.351446 0.0207396 0.0566672
21 0.863503 0.303717 0.0207383 0.0582025
20 0.742144 0.313148 0.0177931 0.0592282
12 0.353802 0.235219 0.017703 0.0496007
9 0.346438 0.297806 0.0164714 0.0505346
2 0.808613 0.45015 0.0232912 0.0600897
20 0.863548 0.30363 0.0212158 0.0582692
3 0.741672 0.625163 0.0298006 0.0735111
14 0.683527 0.389429 0.0228277 0.0587413
18 0.311886 0.433111 0.0273594 0.0598685
13 0.542087 0.217921 0.0130467 0.0456914
10 0.541927 0.218214 0.0124365 0.0443809
14 0.80871 0.450938 0.0245802 0.0585572
16 0.199126 0.35036 0.0217949 0.0592834
9 0.320026 0.334354 0.0170242 0.0559182
23 0.486586 0.296224 0.0167784 0.0495901
4 0.149482 0.327029 0.0195314 0.053453
6 0.19908 0.351446 0.0207396 0.0566672
21 0.863503 0.303717 0.0207383 0.0582025
20 0.742144 0.313148 0.0177931 0.0592282
12 0.353802 0.235219 0.017703 0.0496007
9 0.346438 0.297806 0.0164714 0.0505346
2 0.808613 0.45015 0.0232912 0.0600897
20 0.863548 0.30363 0.0212158 0.0582692
3 0.741672 0.625163 0.0298006 0.0735111
14 0.683527 0.389429 0.0228277 0.0587413
18 0.311886 0.433111 0.0273594 0.0598685
13 0.542087 0.217921 0.0130467 0.0456914
10 0.541927 0.218214 0.0124365 0.0443809
14 0.80871 0.450938 0.0245802 0.0585572
16 0.199126 0.35036 0.0217949 0.0592834
9 0.320026 0.334354 0.0170242 0.0559182
23 0.486586 0.296224 0.0167784 0.0495901
4 0.149482 0.327029 0.0195314 0.053453
6 0.19908 0.351446 0.0207396 0.0566672
21 0.863503 0.303717 0.0207383 0.0582025
20 0.742144 0.313148 0.0177931 0.0592282
12 0.353802 0.235219 0.017703 0.0496007
9 0.346438 0.297806 0.0164714 0.0505346
2 0.808613 0.45015 0.0232912 0.0600897
20 0.863548 0.30363 0.0212158 0.0582692
3 0.741672 0.625163 0.0298006 0.0735111
14 0.683527 0.389429 0.0228277 0.0587413
18 0.311886 0.433111 0.0273594 0.0598685
13 0.542087 0.217921 0.0130467 0.0456914
10 0.541927 0.218214 0.0124365 0.0443809
14 0.80871 0.450938 0.0245802 0.0585572
16 0.199126 0.35036 0.0217949 0.0592834
