23 0.483969 0.295418 0.0172545 0.0505107
6 0.184268 0.355285 0.01867 0.0588837
12 0.272858 0.217257 0.0171952 0.042744
16 0.131421 0.378796 0.027619 0.0247184
4 0.140331 0.338362 0.0164428 0.0240839
2 0.849538 0.467672 0.0275726 0.0643782
20 0.731095 0.310404 0.0187819 0.060448
3 0.749534 0.636589 0.0294666 0.0806684
21 0.865547 0.303129 0.021492 0.0558315
12 0.349499 0.239343 0.0181112 0.0524445
14 0.682802 0.388193 0.0204821 0.0595094
9 0.321867 0.330808 0.0191722 0.0506796
13 0.519038 0.216932 0.0145779 0.0508906
15 0.418769 0.396267 0.0188561 0.0541768
1 0.349654 0.239126 0.0181057 0.0527881
2 0.316632 0.434811 0.0239707 0.0598137
10 0.519023 0.217326 0.0146904 0.0503104
1 0.272698 0.216856 0.0174391 0.0437029
18 0.316707 0.434808 0.0231468 0.0592956
2 0.865205 0.303531 0.0211502 0.056302
23 0.483969 0.295418 0.0172545 0.0505107
6 0.184268 0.355285 0.01867 0.0588837
12 0.272858 0.217257 0.0171952 0.042744
16 0.131421 0.378796 0.027619 0.0247184
4 0.140331 0.338362 0.0164428 0.0240839
2 0.849538 0.467672 0.0275726 0.0643782
20 0.731095 0.310404 0.0187819 0.060448
3 0.749534 0.636589 0.0294666 0.0806684
21 0.865547 0.303129 0.021492 0.0558315
12 0.349499 0.239343 0.0181112 0.0524445
14 0.682802 0.388193 0.0204821 0.0595094
9 0.321867 0.330808 0.0191722 0.0506796
13 0.519038 0.216932 0.0145779 0.0508906
15 0.418769 0.396267 0.0188561 0.0541768
1 0.349654 0.239126 0.0181057 0.0527881
2 0.316632 0.434811 0.0239707 0.0598137
10 0.519023 0.217326 0.0146904 0.0503104
1 0.272698 0.216856 0.0174391 0.0437029
18 0.316707 0.434808 0.0231468 0.0592956
2 0.865205 0.303531 0.0211502 0.056302
23 0.483969 0.295418 0.0172545 0.0505107
6 0.184268 0.355285 0.01867 0.0588837
12 0.272858 0.217257 0.0171952 0.042744
16 0.131421 0.378796 0.027619 0.0247184
4 0.140331 0.338362 0.0164428 0.0240839
2 0.849538 0.467672 0.0275726 0.0643782
20 0.731095 0.310404 0.0187819 0.060448
3 0.749534 0.636589 0.0294666 0.0806684
21 0.865547 0.303129 0.021492 0.0558315
12 0.349499 0.239343 0.0181112 0.0524445
14 0.682802 0.388193 0.0204821 0.0595094
9 0.321867 0.330808 0.0191722 0.0506796
13 0.519038 0.216932 0.0145779 0.0508906
15 0.418769 0.396267 0.0188561 0.0541768
1 0.349654 0.239126 0.0181057 0.0527881
2 0.316632 0.434811 0.0239707 0.0598137
10 0.519023 0.217326 0.0146904 0.0503104
1 0.272698 0.216856 0.0174391 0.0437029
18 0.316707 0.434808 0.0231468 0.0592956
2 0.865205 0.303531 0.0211502 0.056302
23 0.483969 0.295418 0.0172545 0.0505107
6 0.184268 0.355285 0.01867 0.0588837
12 0.272858 0.217257 0.0171952 0.042744
16 0.131421 0.378796 0.027619 0.0247184
4 0.140331 0.338362 0.0164428 0.0240839
2 0.849538 0.467672 0.0275726 0.0643782
20 0.731095 0.310404 0.0187819 0.060448
3 0.749534 0.636589 0.0294666 0.0806684
21 0.865547 0.303129 0.021492 0.0558315
12 0.349499 0.239343 0.0181112 0.0524445
14 0.682802 0.388193 0.0204821 0.0595094
9 0.321867 0.330808 0.0191722 0.0506796
13 0.519038 0.216932 0.0145779 0.0508906
15 0.418769 0.396267 0.0188561 0.0541768
1 0.349654 0.239126 0.0181057 0.0527881
2 0.316632 0.434811 0.0239707 0.0598137
10 0.519023 0.217326 0.0146904 0.0503104
1 0.272698 0.216856 0.0174391 0.0437029
18 0.316707 0.434808 0.0231468 0.0592956
2 0.865205 0.303531 0.0211502 0.056302
