5 0.231232 0.211153 0.0309671 0.0657329
3 0.70075 0.780396 0.030923 0.087068
1 0.306353 0.119884 0.0203046 0.0521807
15 0.584975 0.476423 0.0233841 0.0749652
13 0.518674 0.161763 0.0232498 0.0529247
9 0.165553 0.490955 0.0334355 0.0770545
7 0.415736 0.252499 0.0281832 0.0627632
2 0.877503 0.459942 0.0302212 0.075345
12 0.435103 0.16145 0.0247547 0.044985
13 0.471195 0.168983 0.0220716 0.0514994
20 0.513303 0.278118 0.0200019 0.0639553
11 0.486934 0.213789 0.0197392 0.0429617
16 0.151308 0.731482 0.0323445 0.0906539
6 0.165214 0.492132 0.0321769 0.0754032
18 0.151108 0.730117 0.0329658 0.0908975
22 0.897767 0.332599 0.0271256 0.0742496
10 0.471181 0.169085 0.0220793 0.0511301
18 0.878258 0.46022 0.0287058 0.0744298
18 0.441488 0.555071 0.0333616 0.072083
2 0.440967 0.555335 0.0341232 0.0715783
5 0.231232 0.211153 0.0309671 0.0657329
3 0.70075 0.780396 0.030923 0.087068
1 0.306353 0.119884 0.0203046 0.0521807
15 0.584975 0.476423 0.0233841 0.0749652
13 0.518674 0.161763 0.0232498 0.0529247
9 0.165553 0.490955 0.0334355 0.0770545
7 0.415736 0.252499 0.0281832 0.0627632
2 0.877503 0.459942 0.0302212 0.075345
12 0.435103 0.16145 0.0247547 0.044985
13 0.471195 0.168983 0.0220716 0.0514994
20 0.513303 0.278118 0.0200019 0.0639553
11 0.486934 0.213789 0.0197392 0.0429617
16 0.151308 0.731482 0.0323445 0.0906539
6 0.165214 0.492132 0.0321769 0.0754032
18 0.151108 0.730117 0.0329658 0.0908975
22 0.897767 0.332599 0.0271256 0.0742496
10 0.471181 0.169085 0.0220793 0.0511301
18 0.878258 0.46022 0.0287058 0.0744298
18 0.441488 0.555071 0.0333616 0.072083
2 0.440967 0.555335 0.0341232 0.0715783
5 0.231232 0.211153 0.0309671 0.0657329
3 0.70075 0.780396 0.030923 0.087068
1 0.306353 0.119884 0.0203046 0.0521807
15 0.584975 0.476423 0.0233841 0.0749652
13 0.518674 0.161763 0.0232498 0.0529247
9 0.165553 0.490955 0.0334355 0.0770545
7 0.415736 0.252499 0.0281832 0.0627632
2 0.877503 0.459942 0.0302212 0.075345
12 0.435103 0.16145 0.0247547 0.044985
13 0.471195 0.168983 0.0220716 0.0514994
20 0.513303 0.278118 0.0200019 0.0639553
11 0.486934 0.213789 0.0197392 0.0429617
16 0.151308 0.731482 0.0323445 0.0906539
6 0.165214 0.492132 0.0321769 0.0754032
18 0.151108 0.730117 0.0329658 0.0908975
22 0.897767 0.332599 0.0271256 0.0742496
10 0.471181 0.169085 0.0220793 0.0511301
18 0.878258 0.46022 0.0287058 0.0744298
18 0.441488 0.555071 0.0333616 0.072083
2 0.440967 0.555335 0.0341232 0.0715783
5 0.231232 0.211153 0.0309671 0.0657329
3 0.70075 0.780396 0.030923 0.087068
1 0.306353 0.119884 0.0203046 0.0521807
15 0.584975 0.476423 0.0233841 0.0749652
13 0.518674 0.161763 0.0232498 0.0529247
9 0.165553 0.490955 0.0334355 0.0770545
7 0.415736 0.252499 0.0281832 0.0627632
2 0.877503 0.459942 0.0302212 0.075345
12 0.435103 0.16145 0.0247547 0.044985
13 0.471195 0.168983 0.0220716 0.0514994
20 0.513303 0.278118 0.0200019 0.0639553
11 0.486934 0.213789 0.0197392 0.0429617
16 0.151308 0.731482 0.0323445 0.0906539
6 0.165214 0.492132 0.0321769 0.0754032
18 0.151108 0.730117 0.0329658 0.0908975
22 0.897767 0.332599 0.0271256 0.0742496
10 0.471181 0.169085 0.0220793 0.0511301
18 0.878258 0.46022 0.0287058 0.0744298
18 0.441488 0.555071 0.0333616 0.072083
2 0.440967 0.555335 0.0341232 0.0715783
