23 0.484603 0.295508 0.0166075 0.0506568
6 0.185211 0.355538 0.0201123 0.0577326
20 0.732558 0.310627 0.0183123 0.0597695
3 0.7491 0.636552 0.028587 0.0839778
1 0.270175 0.215922 0.0197896 0.0445427
2 0.848263 0.465899 0.030456 0.0680914
4 0.13935 0.342065 0.0180894 0.0293172
16 0.132878 0.377982 0.025582 0.0224845
14 0.68348 0.389369 0.0210159 0.0585108
15 0.417542 0.394841 0.0189207 0.0555611
9 0.320938 0.332763 0.0189501 0.0487984
12 0.349502 0.239778 0.0185854 0.052883
21 0.865551 0.298286 0.0225933 0.0629952
13 0.522159 0.217443 0.014417 0.0501066
2 0.317485 0.435152 0.0240143 0.0597471
1 0.349673 0.239861 0.0185909 0.0533479
23 0.484603 0.295508 0.0166075 0.0506568
6 0.185211 0.355538 0.0201123 0.0577326
20 0.732558 0.310627 0.0183123 0.0597695
3 0.7491 0.636552 0.028587 0.0839778
1 0.270175 0.215922 0.0197896 0.0445427
2 0.848263 0.465899 0.030456 0.0680914
4 0.13935 0.342065 0.0180894 0.0293172
16 0.132878 0.377982 0.025582 0.0224845
14 0.68348 0.389369 0.0210159 0.0585108
15 0.417542 0.394841 0.0189207 0.0555611
9 0.320938 0.332763 0.0189501 0.0487984
12 0.349502 0.239778 0.0185854 0.052883
21 0.865551 0.298286 0.0225933 0.0629952
13 0.522159 0.217443 0.014417 0.0501066
2 0.317485 0.435152 0.0240143 0.0597471
1 0.349673 0.239861 0.0185909 0.0533479
23 0.484603 0.295508 0.0166075 0.0506568
6 0.185211 0.355538 0.0201123 0.0577326
20 0.732558 0.310627 0.0183123 0.0597695
3 0.7491 0.636552 0.028587 0.0839778
1 0.270175 0.215922 0.0197896 0.0445427
2 0.848263 0.465899 0.030456 0.0680914
4 0.13935 0.342065 0.0180894 0.0293172
16 0.132878 0.377982 0.025582 0.0224845
14 0.68348 0.389369 0.0210159 0.0585108
15 0.417542 0.394841 0.0189207 0.0555611
9 0.320938 0.332763 0.0189501 0.0487984
12 0.349502 0.239778 0.0185854 0.052883
21 0.865551 0.298286 0.0225933 0.0629952
13 0.522159 0.217443 0.014417 0.0501066
2 0.317485 0.435152 0.0240143 0.0597471
1 0.349673 0.239861 0.0185909 0.0533479
23 0.484603 0.295508 0.0166075 0.0506568
6 0.185211 0.355538 0.0201123 0.0577326
20 0.732558 0.310627 0.0183123 0.0597695
3 0.7491 0.636552 0.028587 0.0839778
1 0.270175 0.215922 0.0197896 0.0445427
2 0.848263 0.465899 0.030456 0.0680914
4 0.13935 0.342065 0.0180894 0.0293172
16 0.132878 0.377982 0.025582 0.0224845
14 0.68348 0.389369 0.0210159 0.0585108
15 0.417542 0.394841 0.0189207 0.0555611
9 0.320938 0.332763 0.0189501 0.0487984
12 0.349502 0.239778 0.0185854 0.052883
21 0.865551 0.298286 0.0225933 0.0629952
13 0.522159 0.217443 0.014417 0.0501066
2 0.317485 0.435152 0.0240143 0.0597471
1 0.349673 0.239861 0.0185909 0.0533479
