5 0.235491 0.216668 0.0311893 0.0659823
3 0.68695 0.785654 0.0318314 0.0907388
9 0.167963 0.512396 0.0316748 0.0747785
1 0.297712 0.105709 0.021119 0.0529188
15 0.594405 0.47391 0.0237068 0.0706672
16 0.174751 0.766226 0.0352772 0.0838816
18 0.168401 0.513834 0.0309277 0.072944
6 0.167487 0.513522 0.0323377 0.0753135
23 0.403381 0.395758 0.0173623 0.0580846
9 0.495779 0.276147 0.0214394 0.0617306
18 0.174425 0.76726 0.0354389 0.0839261
13 0.532746 0.158098 0.0230598 0.0513888
2 0.874445 0.454585 0.028719 0.0787848
7 0.441098 0.245643 0.0307455 0.0574706
14 0.594621 0.347153 0.0224121 0.0710858
11 0.488716 0.207386 0.0205709 0.0416776
12 0.297986 0.105247 0.0223833 0.0537645
12 0.457229 0.152402 0.0177085 0.0469556
22 0.898927 0.325594 0.0255619 0.0745922
5 0.235491 0.216668 0.0311893 0.0659823
3 0.68695 0.785654 0.0318314 0.0907388
9 0.167963 0.512396 0.0316748 0.0747785
1 0.297712 0.105709 0.021119 0.0529188
15 0.594405 0.47391 0.0237068 0.0706672
16 0.174751 0.766226 0.0352772 0.0838816
18 0.168401 0.513834 0.0309277 0.072944
6 0.167487 0.513522 0.0323377 0.0753135
23 0.403381 0.395758 0.0173623 0.0580846
9 0.495779 0.276147 0.0214394 0.0617306
18 0.174425 0.76726 0.0354389 0.0839261
13 0.532746 0.158098 0.0230598 0.0513888
2 0.874445 0.454585 0.028719 0.0787848
7 0.441098 0.245643 0.0307455 0.0574706
14 0.594621 0.347153 0.0224121 0.0710858
11 0.488716 0.207386 0.0205709 0.0416776
12 0.297986 0.105247 0.0223833 0.0537645
12 0.457229 0.152402 0.0177085 0.0469556
22 0.898927 0.325594 0.0255619 0.0745922
5 0.235491 0.216668 0.0311893 0.0659823
3 0.68695 0.785654 0.0318314 0.0907388
9 0.167963 0.512396 0.0316748 0.0747785
1 0.297712 0.105709 0.021119 0.0529188
15 0.594405 0.47391 0.0237068 0.0706672
16 0.174751 0.766226 0.0352772 0.0838816
18 0.168401 0.513834 0.0309277 0.072944
6 0.167487 0.513522 0.0323377 0.0753135
23 0.403381 0.395758 0.0173623 0.0580846
9 0.495779 0.276147 0.0214394 0.0617306
18 0.174425 0.76726 0.0354389 0.0839261
13 0.532746 0.158098 0.0230598 0.0513888
2 0.874445 0.454585 0.028719 0.0787848
7 0.441098 0.245643 0.0307455 0.0574706
14 0.594621 0.347153 0.0224121 0.0710858
11 0.488716 0.207386 0.0205709 0.0416776
12 0.297986 0.105247 0.0223833 0.0537645
12 0.457229 0.152402 0.0177085 0.0469556
22 0.898927 0.325594 0.0255619 0.0745922
5 0.235491 0.216668 0.0311893 0.0659823
3 0.68695 0.785654 0.0318314 0.0907388
9 0.167963 0.512396 0.0316748 0.0747785
1 0.297712 0.105709 0.021119 0.0529188
15 0.594405 0.47391 0.0237068 0.0706672
16 0.174751 0.766226 0.0352772 0.0838816
18 0.168401 0.513834 0.0309277 0.072944
6 0.167487 0.513522 0.0323377 0.0753135
23 0.403381 0.395758 0.0173623 0.0580846
9 0.495779 0.276147 0.0214394 0.0617306
18 0.174425 0.76726 0.0354389 0.0839261
13 0.532746 0.158098 0.0230598 0.0513888
2 0.874445 0.454585 0.028719 0.0787848
7 0.441098 0.245643 0.0307455 0.0574706
14 0.594621 0.347153 0.0224121 0.0710858
11 0.488716 0.207386 0.0205709 0.0416776
12 0.297986 0.105247 0.0223833 0.0537645
12 0.457229 0.152402 0.0177085 0.0469556
22 0.898927 0.325594 0.0255619 0.0745922
