5 0.314354 0.242733 0.0228078 0.0465457
3 0.74129 0.680606 0.0262973 0.0819053
16 0.188009 0.457545 0.0219982 0.0604843
23 0.476263 0.327549 0.0190069 0.0532938
4 0.0900651 0.315071 0.021007 0.053511
2 0.873225 0.47077 0.0252792 0.0678179
15 0.514233 0.434178 0.0226015 0.0637004
20 0.682483 0.303809 0.0208764 0.0564162
9 0.381201 0.323292 0.0240779 0.0576799
6 0.220461 0.376428 0.0201557 0.0530889
2 0.831643 0.298191 0.0207794 0.0573053
18 0.36796 0.459737 0.025963 0.0621411
8 0.239289 0.291359 0.0144052 0.0372308
22 0.952139 0.383016 0.0217007 0.06575
8 0.24665 0.309696 0.0162498 0.0419763
21 0.830974 0.298555 0.0210243 0.0581093
5 0.314354 0.242733 0.0228078 0.0465457
3 0.74129 0.680606 0.0262973 0.0819053
16 0.188009 0.457545 0.0219982 0.0604843
23 0.476263 0.327549 0.0190069 0.0532938
4 0.0900651 0.315071 0.021007 0.053511
2 0.873225 0.47077 0.0252792 0.0678179
15 0.514233 0.434178 0.0226015 0.0637004
20 0.682483 0.303809 0.0208764 0.0564162
9 0.381201 0.323292 0.0240779 0.0576799
6 0.220461 0.376428 0.0201557 0.0530889
2 0.831643 0.298191 0.0207794 0.0573053
18 0.36796 0.459737 0.025963 0.0621411
8 0.239289 0.291359 0.0144052 0.0372308
22 0.952139 0.383016 0.0217007 0.06575
8 0.24665 0.309696 0.0162498 0.0419763
21 0.830974 0.298555 0.0210243 0.0581093
5 0.314354 0.242733 0.0228078 0.0465457
3 0.74129 0.680606 0.0262973 0.0819053
16 0.188009 0.457545 0.0219982 0.0604843
23 0.476263 0.327549 0.0190069 0.0532938
4 0.0900651 0.315071 0.021007 0.053511
2 0.873225 0.47077 0.0252792 0.0678179
15 0.514233 0.434178 0.0226015 0.0637004
20 0.682483 0.303809 0.0208764 0.0564162
9 0.381201 0.323292 0.0240779 0.0576799
6 0.220461 0.376428 0.0201557 0.0530889
2 0.831643 0.298191 0.0207794 0.0573053
18 0.36796 0.459737 0.025963 0.0621411
8 0.239289 0.291359 0.0144052 0.0372308
22 0.952139 0.383016 0.0217007 0.06575
8 0.24665 0.309696 0.0162498 0.0419763
21 0.830974 0.298555 0.0210243 0.0581093
5 0.314354 0.242733 0.0228078 0.0465457
3 0.74129 0.680606 0.0262973 0.0819053
16 0.188009 0.457545 0.0219982 0.0604843
23 0.476263 0.327549 0.0190069 0.0532938
4 0.0900651 0.315071 0.021007 0.053511
2 0.873225 0.47077 0.0252792 0.0678179
15 0.514233 0.434178 0.0226015 0.0637004
20 0.682483 0.303809 0.0208764 0.0564162
9 0.381201 0.323292 0.0240779 0.0576799
6 0.220461 0.376428 0.0201557 0.0530889
2 0.831643 0.298191 0.0207794 0.0573053
18 0.36796 0.459737 0.025963 0.0621411
8 0.239289 0.291359 0.0144052 0.0372308
22 0.952139 0.383016 0.0217007 0.06575
8 0.24665 0.309696 0.0162498 0.0419763
21 0.830974 0.298555 0.0210243 0.0581093
