3 0.728794 0.72339 0.0269337 0.0800907
6 0.227083 0.433514 0.0216337 0.0508948
5 0.30866 0.244694 0.0231126 0.0550099
23 0.449622 0.374787 0.0201738 0.0555395
1 0.367129 0.192292 0.0186982 0.0446927
16 0.190861 0.573468 0.0251919 0.0650562
11 0.510561 0.260992 0.0180923 0.0439732
9 0.405885 0.346425 0.0279961 0.0556171
13 0.513028 0.207114 0.0200849 0.0418931
12 0.412825 0.209213 0.0168767 0.0447099
21 0.805708 0.292117 0.0197976 0.0527505
10 0.487536 0.216047 0.0187273 0.0483867
2 0.876861 0.478104 0.0279659 0.0643977
20 0.617478 0.306548 0.0177651 0.0561291
15 0.579838 0.465707 0.0232558 0.0567086
9 0.394348 0.270636 0.0219516 0.0487818
22 0.910515 0.373109 0.0231517 0.0709356
13 0.488112 0.216569 0.0186933 0.0472909
18 0.876446 0.478248 0.0288197 0.0633916
7 0.394294 0.27073 0.0223969 0.0483427
18 0.416729 0.505612 0.0280366 0.0633709
10 0.513064 0.206677 0.019821 0.041015
3 0.728794 0.72339 0.0269337 0.0800907
6 0.227083 0.433514 0.0216337 0.0508948
5 0.30866 0.244694 0.0231126 0.0550099
23 0.449622 0.374787 0.0201738 0.0555395
1 0.367129 0.192292 0.0186982 0.0446927
16 0.190861 0.573468 0.0251919 0.0650562
11 0.510561 0.260992 0.0180923 0.0439732
9 0.405885 0.346425 0.0279961 0.0556171
13 0.513028 0.207114 0.0200849 0.0418931
12 0.412825 0.209213 0.0168767 0.0447099
21 0.805708 0.292117 0.0197976 0.0527505
10 0.487536 0.216047 0.0187273 0.0483867
2 0.876861 0.478104 0.0279659 0.0643977
20 0.617478 0.306548 0.0177651 0.0561291
15 0.579838 0.465707 0.0232558 0.0567086
9 0.394348 0.270636 0.0219516 0.0487818
22 0.910515 0.373109 0.0231517 0.0709356
13 0.488112 0.216569 0.0186933 0.0472909
18 0.876446 0.478248 0.0288197 0.0633916
7 0.394294 0.27073 0.0223969 0.0483427
18 0.416729 0.505612 0.0280366 0.0633709
10 0.513064 0.206677 0.019821 0.041015
3 0.728794 0.72339 0.0269337 0.0800907
6 0.227083 0.433514 0.0216337 0.0508948
5 0.30866 0.244694 0.0231126 0.0550099
23 0.449622 0.374787 0.0201738 0.0555395
1 0.367129 0.192292 0.0186982 0.0446927
16 0.190861 0.573468 0.0251919 0.0650562
11 0.510561 0.260992 0.0180923 0.0439732
9 0.405885 0.346425 0.0279961 0.0556171
13 0.513028 0.207114 0.0200849 0.0418931
12 0.412825 0.209213 0.0168767 0.0447099
21 0.805708 0.292117 0.0197976 0.0527505
10 0.487536 0.216047 0.0187273 0.0483867
2 0.876861 0.478104 0.0279659 0.0643977
20 0.617478 0.306548 0.0177651 0.0561291
15 0.579838 0.465707 0.0232558 0.0567086
9 0.394348 0.270636 0.0219516 0.0487818
22 0.910515 0.373109 0.0231517 0.0709356
13 0.488112 0.216569 0.0186933 0.0472909
18 0.876446 0.478248 0.0288197 0.0633916
7 0.394294 0.27073 0.0223969 0.0483427
18 0.416729 0.505612 0.0280366 0.0633709
10 0.513064 0.206677 0.019821 0.041015
3 0.728794 0.72339 0.0269337 0.0800907
6 0.227083 0.433514 0.0216337 0.0508948
5 0.30866 0.244694 0.0231126 0.0550099
23 0.449622 0.374787 0.0201738 0.0555395
1 0.367129 0.192292 0.0186982 0.0446927
16 0.190861 0.573468 0.0251919 0.0650562
11 0.510561 0.260992 0.0180923 0.0439732
9 0.405885 0.346425 0.0279961 0.0556171
13 0.513028 0.207114 0.0200849 0.0418931
12 0.412825 0.209213 0.0168767 0.0447099
21 0.805708 0.292117 0.0197976 0.0527505
10 0.487536 0.216047 0.0187273 0.0483867
2 0.876861 0.478104 0.0279659 0.0643977
20 0.617478 0.306548 0.0177651 0.0561291
15 0.579838 0.465707 0.0232558 0.0567086
9 0.394348 0.270636 0.0219516 0.0487818
22 0.910515 0.373109 0.0231517 0.0709356
13 0.488112 0.216569 0.0186933 0.0472909
18 0.876446 0.478248 0.0288197 0.0633916
7 0.394294 0.27073 0.0223969 0.0483427
18 0.416729 0.505612 0.0280366 0.0633709
10 0.513064 0.206677 0.019821 0.041015
