6 0.193551 0.353266 0.0194396 0.0543881
23 0.485447 0.295872 0.0166849 0.0478266
9 0.318195 0.332637 0.0178537 0.0517394
20 0.737167 0.312169 0.0175808 0.0589062
4 0.143821 0.32703 0.0196974 0.0501908
21 0.8649 0.303717 0.0237762 0.0584853
2 0.823511 0.456288 0.0266403 0.060421
12 0.350353 0.238891 0.0183234 0.0502345
16 0.12904 0.366264 0.0226305 0.0342714
1 0.350699 0.239257 0.0185398 0.0512401
7 0.308862 0.241677 0.0144233 0.0551794
3 0.744026 0.63172 0.029296 0.0804813
1 0.247211 0.209961 0.0165502 0.0476625
15 0.415583 0.393468 0.0205776 0.055859
14 0.683394 0.390417 0.0200436 0.0581892
2 0.313561 0.43232 0.0245814 0.0622595
10 0.534753 0.218971 0.0129492 0.0466441
6 0.193551 0.353266 0.0194396 0.0543881
23 0.485447 0.295872 0.0166849 0.0478266
9 0.318195 0.332637 0.0178537 0.0517394
20 0.737167 0.312169 0.0175808 0.0589062
4 0.143821 0.32703 0.0196974 0.0501908
21 0.8649 0.303717 0.0237762 0.0584853
2 0.823511 0.456288 0.0266403 0.060421
12 0.350353 0.238891 0.0183234 0.0502345
16 0.12904 0.366264 0.0226305 0.0342714
1 0.350699 0.239257 0.0185398 0.0512401
7 0.308862 0.241677 0.0144233 0.0551794
3 0.744026 0.63172 0.029296 0.0804813
1 0.247211 0.209961 0.0165502 0.0476625
15 0.415583 0.393468 0.0205776 0.055859
14 0.683394 0.390417 0.0200436 0.0581892
2 0.313561 0.43232 0.0245814 0.0622595
10 0.534753 0.218971 0.0129492 0.0466441
6 0.193551 0.353266 0.0194396 0.0543881
23 0.485447 0.295872 0.0166849 0.0478266
9 0.318195 0.332637 0.0178537 0.0517394
20 0.737167 0.312169 0.0175808 0.0589062
4 0.143821 0.32703 0.0196974 0.0501908
21 0.8649 0.303717 0.0237762 0.0584853
2 0.823511 0.456288 0.0266403 0.060421
12 0.350353 0.238891 0.0183234 0.0502345
16 0.12904 0.366264 0.0226305 0.0342714
1 0.350699 0.239257 0.0185398 0.0512401
7 0.308862 0.241677 0.0144233 0.0551794
3 0.744026 0.63172 0.029296 0.0804813
1 0.247211 0.209961 0.0165502 0.0476625
15 0.415583 0.393468 0.0205776 0.055859
14 0.683394 0.390417 0.0200436 0.0581892
2 0.313561 0.43232 0.0245814 0.0622595
10 0.534753 0.218971 0.0129492 0.0466441
6 0.193551 0.353266 0.0194396 0.0543881
23 0.485447 0.295872 0.0166849 0.0478266
9 0.318195 0.332637 0.0178537 0.0517394
20 0.737167 0.312169 0.0175808 0.0589062
4 0.143821 0.32703 0.0196974 0.0501908
21 0.8649 0.303717 0.0237762 0.0584853
2 0.823511 0.456288 0.0266403 0.060421
12 0.350353 0.238891 0.0183234 0.0502345
16 0.12904 0.366264 0.0226305 0.0342714
1 0.350699 0.239257 0.0185398 0.0512401
7 0.308862 0.241677 0.0144233 0.0551794
3 0.744026 0.63172 0.029296 0.0804813
1 0.247211 0.209961 0.0165502 0.0476625
15 0.415583 0.393468 0.0205776 0.055859
14 0.683394 0.390417 0.0200436 0.0581892
2 0.313561 0.43232 0.0245814 0.0622595
10 0.534753 0.218971 0.0129492 0.0466441
