5 0.289497 0.239313 0.0241906 0.0534319
6 0.213763 0.44238 0.0256291 0.051952
3 0.719214 0.733415 0.027728 0.0777812
12 0.412932 0.201248 0.022401 0.0469126
1 0.353658 0.176316 0.0186221 0.0434818
9 0.39953 0.34851 0.0264303 0.0587719
23 0.434648 0.376517 0.0181719 0.0553522
0 0.340362 0.194459 0.00869503 0.0163439
16 0.17801 0.605893 0.0264194 0.0716124
11 0.501079 0.255105 0.0177213 0.0441655
2 0.874667 0.474285 0.0283285 0.0692705
8 0.20049 0.364625 0.0178688 0.0558974
7 0.392936 0.267887 0.0240637 0.04685
22 0.900234 0.364632 0.0234266 0.067532
14 0.637013 0.379195 0.024218 0.059001
15 0.582021 0.468876 0.0254391 0.0615839
20 0.592549 0.300526 0.0191349 0.0612137
13 0.507042 0.19841 0.014083 0.0394299
10 0.480959 0.207341 0.0236944 0.0481776
18 0.417717 0.515334 0.030715 0.0652317
20 0.796355 0.283443 0.0182344 0.0536065
13 0.482017 0.208052 0.0226629 0.0486684
5 0.289497 0.239313 0.0241906 0.0534319
6 0.213763 0.44238 0.0256291 0.051952
3 0.719214 0.733415 0.027728 0.0777812
12 0.412932 0.201248 0.022401 0.0469126
1 0.353658 0.176316 0.0186221 0.0434818
9 0.39953 0.34851 0.0264303 0.0587719
23 0.434648 0.376517 0.0181719 0.0553522
0 0.340362 0.194459 0.00869503 0.0163439
16 0.17801 0.605893 0.0264194 0.0716124
11 0.501079 0.255105 0.0177213 0.0441655
2 0.874667 0.474285 0.0283285 0.0692705
8 0.20049 0.364625 0.0178688 0.0558974
7 0.392936 0.267887 0.0240637 0.04685
22 0.900234 0.364632 0.0234266 0.067532
14 0.637013 0.379195 0.024218 0.059001
15 0.582021 0.468876 0.0254391 0.0615839
20 0.592549 0.300526 0.0191349 0.0612137
13 0.507042 0.19841 0.014083 0.0394299
10 0.480959 0.207341 0.0236944 0.0481776
18 0.417717 0.515334 0.030715 0.0652317
20 0.796355 0.283443 0.0182344 0.0536065
13 0.482017 0.208052 0.0226629 0.0486684
5 0.289497 0.239313 0.0241906 0.0534319
6 0.213763 0.44238 0.0256291 0.051952
3 0.719214 0.733415 0.027728 0.0777812
12 0.412932 0.201248 0.022401 0.0469126
1 0.353658 0.176316 0.0186221 0.0434818
9 0.39953 0.34851 0.0264303 0.0587719
23 0.434648 0.376517 0.0181719 0.0553522
0 0.340362 0.194459 0.00869503 0.0163439
16 0.17801 0.605893 0.0264194 0.0716124
11 0.501079 0.255105 0.0177213 0.0441655
2 0.874667 0.474285 0.0283285 0.0692705
8 0.20049 0.364625 0.0178688 0.0558974
7 0.392936 0.267887 0.0240637 0.04685
22 0.900234 0.364632 0.0234266 0.067532
14 0.637013 0.379195 0.024218 0.059001
15 0.582021 0.468876 0.0254391 0.0615839
20 0.592549 0.300526 0.0191349 0.0612137
13 0.507042 0.19841 0.014083 0.0394299
10 0.480959 0.207341 0.0236944 0.0481776
18 0.417717 0.515334 0.030715 0.0652317
20 0.796355 0.283443 0.0182344 0.0536065
13 0.482017 0.208052 0.0226629 0.0486684
5 0.289497 0.239313 0.0241906 0.0534319
6 0.213763 0.44238 0.0256291 0.051952
3 0.719214 0.733415 0.027728 0.0777812
12 0.412932 0.201248 0.022401 0.0469126
1 0.353658 0.176316 0.0186221 0.0434818
9 0.39953 0.34851 0.0264303 0.0587719
23 0.434648 0.376517 0.0181719 0.0553522
0 0.340362 0.194459 0.00869503 0.0163439
16 0.17801 0.605893 0.0264194 0.0716124
11 0.501079 0.255105 0.0177213 0.0441655
2 0.874667 0.474285 0.0283285 0.0692705
8 0.20049 0.364625 0.0178688 0.0558974
7 0.392936 0.267887 0.0240637 0.04685
22 0.900234 0.364632 0.0234266 0.067532
14 0.637013 0.379195 0.024218 0.059001
15 0.582021 0.468876 0.0254391 0.0615839
20 0.592549 0.300526 0.0191349 0.0612137
13 0.507042 0.19841 0.014083 0.0394299
10 0.480959 0.207341 0.0236944 0.0481776
18 0.417717 0.515334 0.030715 0.0652317
20 0.796355 0.283443 0.0182344 0.0536065
13 0.482017 0.208052 0.0226629 0.0486684
