23 0.408847 0.385111 0.0204181 0.0578054
1 0.329144 0.146077 0.0214053 0.0468105
5 0.25436 0.226957 0.0283533 0.0627513
3 0.70239 0.753018 0.0295643 0.0867272
13 0.510876 0.182129 0.0216675 0.044699
13 0.472632 0.190641 0.022331 0.0473492
9 0.3826 0.347165 0.0262007 0.0609267
6 0.188222 0.467243 0.0304805 0.0682226
21 0.781625 0.260994 0.0228462 0.0549635
12 0.420021 0.185829 0.0203487 0.0492983
15 0.580808 0.469891 0.0235057 0.0646527
11 0.491531 0.233937 0.0228119 0.0427811
16 0.158474 0.665244 0.0342319 0.0820523
2 0.870948 0.466563 0.0301623 0.0739339
7 0.400278 0.26288 0.031373 0.0556699
20 0.54544 0.292534 0.0207436 0.0607911
22 0.887575 0.348965 0.0275106 0.0696116
2 0.42588 0.538325 0.0291656 0.0670217
23 0.408847 0.385111 0.0204181 0.0578054
1 0.329144 0.146077 0.0214053 0.0468105
5 0.25436 0.226957 0.0283533 0.0627513
3 0.70239 0.753018 0.0295643 0.0867272
13 0.510876 0.182129 0.0216675 0.044699
13 0.472632 0.190641 0.022331 0.0473492
9 0.3826 0.347165 0.0262007 0.0609267
6 0.188222 0.467243 0.0304805 0.0682226
21 0.781625 0.260994 0.0228462 0.0549635
12 0.420021 0.185829 0.0203487 0.0492983
15 0.580808 0.469891 0.0235057 0.0646527
11 0.491531 0.233937 0.0228119 0.0427811
16 0.158474 0.665244 0.0342319 0.0820523
2 0.870948 0.466563 0.0301623 0.0739339
7 0.400278 0.26288 0.031373 0.0556699
20 0.54544 0.292534 0.0207436 0.0607911
22 0.887575 0.348965 0.0275106 0.0696116
2 0.42588 0.538325 0.0291656 0.0670217
23 0.408847 0.385111 0.0204181 0.0578054
1 0.329144 0.146077 0.0214053 0.0468105
5 0.25436 0.226957 0.0283533 0.0627513
3 0.70239 0.753018 0.0295643 0.0867272
13 0.510876 0.182129 0.0216675 0.044699
13 0.472632 0.190641 0.022331 0.0473492
9 0.3826 0.347165 0.0262007 0.0609267
6 0.188222 0.467243 0.0304805 0.0682226
21 0.781625 0.260994 0.0228462 0.0549635
12 0.420021 0.185829 0.0203487 0.0492983
15 0.580808 0.469891 0.0235057 0.0646527
11 0.491531 0.233937 0.0228119 0.0427811
16 0.158474 0.665244 0.0342319 0.0820523
2 0.870948 0.466563 0.0301623 0.0739339
7 0.400278 0.26288 0.031373 0.0556699
20 0.54544 0.292534 0.0207436 0.0607911
22 0.887575 0.348965 0.0275106 0.0696116
2 0.42588 0.538325 0.0291656 0.0670217
23 0.408847 0.385111 0.0204181 0.0578054
1 0.329144 0.146077 0.0214053 0.0468105
5 0.25436 0.226957 0.0283533 0.0627513
3 0.70239 0.753018 0.0295643 0.0867272
13 0.510876 0.182129 0.0216675 0.044699
13 0.472632 0.190641 0.022331 0.0473492
9 0.3826 0.347165 0.0262007 0.0609267
6 0.188222 0.467243 0.0304805 0.0682226
21 0.781625 0.260994 0.0228462 0.0549635
12 0.420021 0.185829 0.0203487 0.0492983
15 0.580808 0.469891 0.0235057 0.0646527
11 0.491531 0.233937 0.0228119 0.0427811
16 0.158474 0.665244 0.0342319 0.0820523
2 0.870948 0.466563 0.0301623 0.0739339
7 0.400278 0.26288 0.031373 0.0556699
20 0.54544 0.292534 0.0207436 0.0607911
22 0.887575 0.348965 0.0275106 0.0696116
2 0.42588 0.538325 0.0291656 0.0670217
