5 0.276952 0.23437 0.0284308 0.0549329
16 0.170075 0.624013 0.0300679 0.0752764
6 0.20218 0.449661 0.0234967 0.0528871
12 0.412983 0.198768 0.0217232 0.0508112
1 0.342398 0.169546 0.0216521 0.0491249
11 0.49632 0.248552 0.0202132 0.0429366
3 0.711284 0.739853 0.0277436 0.0851626
21 0.788957 0.27477 0.0211157 0.0570514
9 0.392193 0.348519 0.0274518 0.0571843
15 0.580311 0.46985 0.0241739 0.0628885
0 0.387766 0.269363 0.0199097 0.0459158
2 0.867769 0.471891 0.0267826 0.0692758
8 0.192288 0.364064 0.0180755 0.0607335
1 0.413017 0.198619 0.0219736 0.0511595
23 0.423948 0.379553 0.0214846 0.0593764
20 0.788408 0.274708 0.0205317 0.0574049
13 0.476871 0.202595 0.0241091 0.0488316
2 0.417228 0.521827 0.0331504 0.0620592
22 0.890384 0.360393 0.0239681 0.0701895
5 0.477036 0.202651 0.0230158 0.0466206
16 0.20255 0.449802 0.0245485 0.0537873
7 0.391301 0.266755 0.0243757 0.0509502
18 0.417588 0.522145 0.0312779 0.0626526
8 0.207406 0.390928 0.0191297 0.0550076
5 0.276952 0.23437 0.0284308 0.0549329
16 0.170075 0.624013 0.0300679 0.0752764
6 0.20218 0.449661 0.0234967 0.0528871
12 0.412983 0.198768 0.0217232 0.0508112
1 0.342398 0.169546 0.0216521 0.0491249
11 0.49632 0.248552 0.0202132 0.0429366
3 0.711284 0.739853 0.0277436 0.0851626
21 0.788957 0.27477 0.0211157 0.0570514
9 0.392193 0.348519 0.0274518 0.0571843
15 0.580311 0.46985 0.0241739 0.0628885
0 0.387766 0.269363 0.0199097 0.0459158
2 0.867769 0.471891 0.0267826 0.0692758
8 0.192288 0.364064 0.0180755 0.0607335
1 0.413017 0.198619 0.0219736 0.0511595
23 0.423948 0.379553 0.0214846 0.0593764
20 0.788408 0.274708 0.0205317 0.0574049
13 0.476871 0.202595 0.0241091 0.0488316
2 0.417228 0.521827 0.0331504 0.0620592
22 0.890384 0.360393 0.0239681 0.0701895
5 0.477036 0.202651 0.0230158 0.0466206
16 0.20255 0.449802 0.0245485 0.0537873
7 0.391301 0.266755 0.0243757 0.0509502
18 0.417588 0.522145 0.0312779 0.0626526
8 0.207406 0.390928 0.0191297 0.0550076
5 0.276952 0.23437 0.0284308 0.0549329
16 0.170075 0.624013 0.0300679 0.0752764
6 0.20218 0.449661 0.0234967 0.0528871
12 0.412983 0.198768 0.0217232 0.0508112
1 0.342398 0.169546 0.0216521 0.0491249
11 0.49632 0.248552 0.0202132 0.0429366
3 0.711284 0.739853 0.0277436 0.0851626
21 0.788957 0.27477 0.0211157 0.0570514
9 0.392193 0.348519 0.0274518 0.0571843
15 0.580311 0.46985 0.0241739 0.0628885
0 0.387766 0.269363 0.0199097 0.0459158
2 0.867769 0.471891 0.0267826 0.0692758
8 0.192288 0.364064 0.0180755 0.0607335
1 0.413017 0.198619 0.0219736 0.0511595
23 0.423948 0.379553 0.0214846 0.0593764
20 0.788408 0.274708 0.0205317 0.0574049
13 0.476871 0.202595 0.0241091 0.0488316
2 0.417228 0.521827 0.0331504 0.0620592
22 0.890384 0.360393 0.0239681 0.0701895
5 0.477036 0.202651 0.0230158 0.0466206
16 0.20255 0.449802 0.0245485 0.0537873
7 0.391301 0.266755 0.0243757 0.0509502
18 0.417588 0.522145 0.0312779 0.0626526
8 0.207406 0.390928 0.0191297 0.0550076
5 0.276952 0.23437 0.0284308 0.0549329
16 0.170075 0.624013 0.0300679 0.0752764
6 0.20218 0.449661 0.0234967 0.0528871
12 0.412983 0.198768 0.0217232 0.0508112
1 0.342398 0.169546 0.0216521 0.0491249
11 0.49632 0.248552 0.0202132 0.0429366
3 0.711284 0.739853 0.0277436 0.0851626
21 0.788957 0.27477 0.0211157 0.0570514
9 0.392193 0.348519 0.0274518 0.0571843
15 0.580311 0.46985 0.0241739 0.0628885
0 0.387766 0.269363 0.0199097 0.0459158
2 0.867769 0.471891 0.0267826 0.0692758
8 0.192288 0.364064 0.0180755 0.0607335
1 0.413017 0.198619 0.0219736 0.0511595
23 0.423948 0.379553 0.0214846 0.0593764
20 0.788408 0.274708 0.0205317 0.0574049
13 0.476871 0.202595 0.0241091 0.0488316
2 0.417228 0.521827 0.0331504 0.0620592
22 0.890384 0.360393 0.0239681 0.0701895
5 0.477036 0.202651 0.0230158 0.0466206
16 0.20255 0.449802 0.0245485 0.0537873
7 0.391301 0.266755 0.0243757 0.0509502
18 0.417588 0.522145 0.0312779 0.0626526
8 0.207406 0.390928 0.0191297 0.0550076
