0 0.306115 0.152311 0.00811691 0.0146954
1 0.317169 0.1316 0.0216254 0.0447939
3 0.702006 0.765893 0.0304724 0.0869358
6 0.177873 0.474607 0.0331898 0.0692334
11 0.488741 0.225014 0.0218657 0.0433876
15 0.581594 0.471803 0.0232234 0.0634377
13 0.515192 0.173084 0.0225252 0.048437
13 0.471622 0.181046 0.0237581 0.048344
20 0.530633 0.285021 0.018548 0.0639782
2 0.87442 0.46451 0.0296316 0.072862
12 0.424708 0.173258 0.0180061 0.0505477
7 0.406946 0.258995 0.0288098 0.0590139
22 0.891139 0.340464 0.0256172 0.0752073
18 0.15351 0.694802 0.0333564 0.0870004
23 0.401206 0.388268 0.0217176 0.0640693
21 0.78172 0.250543 0.0234121 0.0568279
18 0.429985 0.546413 0.0285229 0.0698269
14 0.603994 0.364199 0.0217173 0.0592842
3 0.15426 0.693481 0.0322574 0.0849066
9 0.378471 0.341288 0.0233407 0.0618144
14 0.530718 0.285711 0.0194812 0.0639451
8 0.184349 0.351566 0.0253167 0.0516992
9 0.185001 0.401371 0.0237416 0.0430422
2 0.152974 0.693315 0.0345608 0.0888004
5 0.242538 0.218756 0.0283612 0.0664332
9 0.177492 0.474672 0.0331062 0.0705678
0 0.306115 0.152311 0.00811691 0.0146954
1 0.317169 0.1316 0.0216254 0.0447939
3 0.702006 0.765893 0.0304724 0.0869358
6 0.177873 0.474607 0.0331898 0.0692334
11 0.488741 0.225014 0.0218657 0.0433876
15 0.581594 0.471803 0.0232234 0.0634377
13 0.515192 0.173084 0.0225252 0.048437
13 0.471622 0.181046 0.0237581 0.048344
20 0.530633 0.285021 0.018548 0.0639782
2 0.87442 0.46451 0.0296316 0.072862
12 0.424708 0.173258 0.0180061 0.0505477
7 0.406946 0.258995 0.0288098 0.0590139
22 0.891139 0.340464 0.0256172 0.0752073
18 0.15351 0.694802 0.0333564 0.0870004
23 0.401206 0.388268 0.0217176 0.0640693
21 0.78172 0.250543 0.0234121 0.0568279
18 0.429985 0.546413 0.0285229 0.0698269
14 0.603994 0.364199 0.0217173 0.0592842
3 0.15426 0.693481 0.0322574 0.0849066
9 0.378471 0.341288 0.0233407 0.0618144
14 0.530718 0.285711 0.0194812 0.0639451
8 0.184349 0.351566 0.0253167 0.0516992
9 0.185001 0.401371 0.0237416 0.0430422
2 0.152974 0.693315 0.0345608 0.0888004
5 0.242538 0.218756 0.0283612 0.0664332
9 0.177492 0.474672 0.0331062 0.0705678
0 0.306115 0.152311 0.00811691 0.0146954
1 0.317169 0.1316 0.0216254 0.0447939
3 0.702006 0.765893 0.0304724 0.0869358
6 0.177873 0.474607 0.0331898 0.0692334
11 0.488741 0.225014 0.0218657 0.0433876
15 0.581594 0.471803 0.0232234 0.0634377
13 0.515192 0.173084 0.0225252 0.048437
13 0.471622 0.181046 0.0237581 0.048344
20 0.530633 0.285021 0.018548 0.0639782
2 0.87442 0.46451 0.0296316 0.072862
12 0.424708 0.173258 0.0180061 0.0505477
7 0.406946 0.258995 0.0288098 0.0590139
22 0.891139 0.340464 0.0256172 0.0752073
18 0.15351 0.694802 0.0333564 0.0870004
23 0.401206 0.388268 0.0217176 0.0640693
21 0.78172 0.250543 0.0234121 0.0568279
18 0.429985 0.546413 0.0285229 0.0698269
14 0.603994 0.364199 0.0217173 0.0592842
3 0.15426 0.693481 0.0322574 0.0849066
9 0.378471 0.341288 0.0233407 0.0618144
14 0.530718 0.285711 0.0194812 0.0639451
8 0.184349 0.351566 0.0253167 0.0516992
9 0.185001 0.401371 0.0237416 0.0430422
2 0.152974 0.693315 0.0345608 0.0888004
5 0.242538 0.218756 0.0283612 0.0664332
9 0.177492 0.474672 0.0331062 0.0705678
0 0.306115 0.152311 0.00811691 0.0146954
1 0.317169 0.1316 0.0216254 0.0447939
3 0.702006 0.765893 0.0304724 0.0869358
6 0.177873 0.474607 0.0331898 0.0692334
11 0.488741 0.225014 0.0218657 0.0433876
15 0.581594 0.471803 0.0232234 0.0634377
13 0.515192 0.173084 0.0225252 0.048437
13 0.471622 0.181046 0.0237581 0.048344
20 0.530633 0.285021 0.018548 0.0639782
2 0.87442 0.46451 0.0296316 0.072862
12 0.424708 0.173258 0.0180061 0.0505477
7 0.406946 0.258995 0.0288098 0.0590139
22 0.891139 0.340464 0.0256172 0.0752073
18 0.15351 0.694802 0.0333564 0.0870004
23 0.401206 0.388268 0.0217176 0.0640693
21 0.78172 0.250543 0.0234121 0.0568279
18 0.429985 0.546413 0.0285229 0.0698269
14 0.603994 0.364199 0.0217173 0.0592842
3 0.15426 0.693481 0.0322574 0.0849066
9 0.378471 0.341288 0.0233407 0.0618144
14 0.530718 0.285711 0.0194812 0.0639451
8 0.184349 0.351566 0.0253167 0.0516992
9 0.185001 0.401371 0.0237416 0.0430422
2 0.152974 0.693315 0.0345608 0.0888004
5 0.242538 0.218756 0.0283612 0.0664332
9 0.177492 0.474672 0.0331062 0.0705678
