5 0.319036 0.246217 0.0228841 0.0466559
4 0.0740446 0.324127 0.0182789 0.0572953
6 0.225454 0.391725 0.0259684 0.0551484
3 0.741686 0.693049 0.0267105 0.0709394
2 0.875079 0.474519 0.0229382 0.0669374
23 0.473232 0.340041 0.0192225 0.0542765
9 0.366782 0.263702 0.0175124 0.0389901
15 0.53342 0.442015 0.0225284 0.0574598
16 0.192914 0.483575 0.0257538 0.0633803
8 0.246442 0.309206 0.014828 0.0454963
8 0.232482 0.326479 0.0146095 0.044947
20 0.673267 0.308524 0.0192526 0.0556701
2 0.382257 0.472736 0.0276743 0.0584858
9 0.392495 0.333154 0.0285376 0.0605938
2 0.828423 0.30153 0.0211624 0.0563064
9 0.511909 0.268062 0.019024 0.0482699
21 0.828346 0.301681 0.0223084 0.0575768
5 0.319036 0.246217 0.0228841 0.0466559
4 0.0740446 0.324127 0.0182789 0.0572953
6 0.225454 0.391725 0.0259684 0.0551484
3 0.741686 0.693049 0.0267105 0.0709394
2 0.875079 0.474519 0.0229382 0.0669374
23 0.473232 0.340041 0.0192225 0.0542765
9 0.366782 0.263702 0.0175124 0.0389901
15 0.53342 0.442015 0.0225284 0.0574598
16 0.192914 0.483575 0.0257538 0.0633803
8 0.246442 0.309206 0.014828 0.0454963
8 0.232482 0.326479 0.0146095 0.044947
20 0.673267 0.308524 0.0192526 0.0556701
2 0.382257 0.472736 0.0276743 0.0584858
9 0.392495 0.333154 0.0285376 0.0605938
2 0.828423 0.30153 0.0211624 0.0563064
9 0.511909 0.268062 0.019024 0.0482699
21 0.828346 0.301681 0.0223084 0.0575768
5 0.319036 0.246217 0.0228841 0.0466559
4 0.0740446 0.324127 0.0182789 0.0572953
6 0.225454 0.391725 0.0259684 0.0551484
3 0.741686 0.693049 0.0267105 0.0709394
2 0.875079 0.474519 0.0229382 0.0669374
23 0.473232 0.340041 0.0192225 0.0542765
9 0.366782 0.263702 0.0175124 0.0389901
15 0.53342 0.442015 0.0225284 0.0574598
16 0.192914 0.483575 0.0257538 0.0633803
8 0.246442 0.309206 0.014828 0.0454963
8 0.232482 0.326479 0.0146095 0.044947
20 0.673267 0.308524 0.0192526 0.0556701
2 0.382257 0.472736 0.0276743 0.0584858
9 0.392495 0.333154 0.0285376 0.0605938
2 0.828423 0.30153 0.0211624 0.0563064
9 0.511909 0.268062 0.019024 0.0482699
21 0.828346 0.301681 0.0223084 0.0575768
5 0.319036 0.246217 0.0228841 0.0466559
4 0.0740446 0.324127 0.0182789 0.0572953
6 0.225454 0.391725 0.0259684 0.0551484
3 0.741686 0.693049 0.0267105 0.0709394
2 0.875079 0.474519 0.0229382 0.0669374
23 0.473232 0.340041 0.0192225 0.0542765
9 0.366782 0.263702 0.0175124 0.0389901
15 0.53342 0.442015 0.0225284 0.0574598
16 0.192914 0.483575 0.0257538 0.0633803
8 0.246442 0.309206 0.014828 0.0454963
8 0.232482 0.326479 0.0146095 0.044947
20 0.673267 0.308524 0.0192526 0.0556701
2 0.382257 0.472736 0.0276743 0.0584858
9 0.392495 0.333154 0.0285376 0.0605938
2 0.828423 0.30153 0.0211624 0.0563064
9 0.511909 0.268062 0.019024 0.0482699
21 0.828346 0.301681 0.0223084 0.0575768
