23 0.464102 0.300357 0.0164904 0.0471588
1 0.334156 0.236719 0.0169559 0.0462714
16 0.127142 0.386256 0.0203586 0.0458447
4 0.138089 0.316342 0.0265306 0.039751
3 0.729801 0.648562 0.0256512 0.0791114
2 0.836949 0.462369 0.0274639 0.066006
9 0.320342 0.318362 0.0209909 0.0534371
12 0.279842 0.198151 0.0109626 0.0350825
20 0.703395 0.306436 0.0181792 0.0585982
6 0.170741 0.365266 0.0156084 0.0502875
8 0.250409 0.293279 0.0177966 0.053873
14 0.663089 0.383294 0.0213629 0.0581766
20 0.508877 0.262812 0.0159263 0.0511132
21 0.83472 0.298168 0.0207132 0.0546041
2 0.835319 0.299075 0.0206749 0.0539561
7 0.306717 0.238848 0.0147272 0.0425755
5 0.286649 0.236382 0.0164392 0.0434048
23 0.464102 0.300357 0.0164904 0.0471588
1 0.334156 0.236719 0.0169559 0.0462714
16 0.127142 0.386256 0.0203586 0.0458447
4 0.138089 0.316342 0.0265306 0.039751
3 0.729801 0.648562 0.0256512 0.0791114
2 0.836949 0.462369 0.0274639 0.066006
9 0.320342 0.318362 0.0209909 0.0534371
12 0.279842 0.198151 0.0109626 0.0350825
20 0.703395 0.306436 0.0181792 0.0585982
6 0.170741 0.365266 0.0156084 0.0502875
8 0.250409 0.293279 0.0177966 0.053873
14 0.663089 0.383294 0.0213629 0.0581766
20 0.508877 0.262812 0.0159263 0.0511132
21 0.83472 0.298168 0.0207132 0.0546041
2 0.835319 0.299075 0.0206749 0.0539561
7 0.306717 0.238848 0.0147272 0.0425755
5 0.286649 0.236382 0.0164392 0.0434048
23 0.464102 0.300357 0.0164904 0.0471588
1 0.334156 0.236719 0.0169559 0.0462714
16 0.127142 0.386256 0.0203586 0.0458447
4 0.138089 0.316342 0.0265306 0.039751
3 0.729801 0.648562 0.0256512 0.0791114
2 0.836949 0.462369 0.0274639 0.066006
9 0.320342 0.318362 0.0209909 0.0534371
12 0.279842 0.198151 0.0109626 0.0350825
20 0.703395 0.306436 0.0181792 0.0585982
6 0.170741 0.365266 0.0156084 0.0502875
8 0.250409 0.293279 0.0177966 0.053873
14 0.663089 0.383294 0.0213629 0.0581766
20 0.508877 0.262812 0.0159263 0.0511132
21 0.83472 0.298168 0.0207132 0.0546041
2 0.835319 0.299075 0.0206749 0.0539561
7 0.306717 0.238848 0.0147272 0.0425755
5 0.286649 0.236382 0.0164392 0.0434048
23 0.464102 0.300357 0.0164904 0.0471588
1 0.334156 0.236719 0.0169559 0.0462714
16 0.127142 0.386256 0.0203586 0.0458447
4 0.138089 0.316342 0.0265306 0.039751
3 0.729801 0.648562 0.0256512 0.0791114
2 0.836949 0.462369 0.0274639 0.066006
9 0.320342 0.318362 0.0209909 0.0534371
12 0.279842 0.198151 0.0109626 0.0350825
20 0.703395 0.306436 0.0181792 0.0585982
6 0.170741 0.365266 0.0156084 0.0502875
8 0.250409 0.293279 0.0177966 0.053873
14 0.663089 0.383294 0.0213629 0.0581766
20 0.508877 0.262812 0.0159263 0.0511132
21 0.83472 0.298168 0.0207132 0.0546041
2 0.835319 0.299075 0.0206749 0.0539561
7 0.306717 0.238848 0.0147272 0.0425755
5 0.286649 0.236382 0.0164392 0.0434048
