23 0.485703 0.295306 0.0170431 0.0489434
9 0.318597 0.332657 0.0176032 0.0522905
6 0.19433 0.350776 0.0193601 0.0579566
4 0.144543 0.326629 0.0192589 0.0509031
21 0.865183 0.303556 0.0230331 0.0582489
20 0.737865 0.312431 0.0177989 0.0581554
2 0.82134 0.453846 0.0281457 0.0615631
12 0.350694 0.238851 0.0183664 0.0509538
1 0.350987 0.238766 0.0184116 0.0523546
3 0.744493 0.631477 0.0295525 0.0817244
7 0.309713 0.24128 0.0147877 0.0549371
11 0.547565 0.264756 0.01532 0.0472613
1 0.247046 0.210053 0.0176898 0.0478751
18 0.312936 0.43237 0.0245956 0.0596004
14 0.683899 0.390267 0.0205847 0.0577736
15 0.416485 0.39266 0.0212378 0.0561196
9 0.338745 0.295438 0.0158608 0.049529
16 0.12862 0.366491 0.0198056 0.0347677
23 0.485703 0.295306 0.0170431 0.0489434
9 0.318597 0.332657 0.0176032 0.0522905
6 0.19433 0.350776 0.0193601 0.0579566
4 0.144543 0.326629 0.0192589 0.0509031
21 0.865183 0.303556 0.0230331 0.0582489
20 0.737865 0.312431 0.0177989 0.0581554
2 0.82134 0.453846 0.0281457 0.0615631
12 0.350694 0.238851 0.0183664 0.0509538
1 0.350987 0.238766 0.0184116 0.0523546
3 0.744493 0.631477 0.0295525 0.0817244
7 0.309713 0.24128 0.0147877 0.0549371
11 0.547565 0.264756 0.01532 0.0472613
1 0.247046 0.210053 0.0176898 0.0478751
18 0.312936 0.43237 0.0245956 0.0596004
14 0.683899 0.390267 0.0205847 0.0577736
15 0.416485 0.39266 0.0212378 0.0561196
9 0.338745 0.295438 0.0158608 0.049529
16 0.12862 0.366491 0.0198056 0.0347677
23 0.485703 0.295306 0.0170431 0.0489434
9 0.318597 0.332657 0.0176032 0.0522905
6 0.19433 0.350776 0.0193601 0.0579566
4 0.144543 0.326629 0.0192589 0.0509031
21 0.865183 0.303556 0.0230331 0.0582489
20 0.737865 0.312431 0.0177989 0.0581554
2 0.82134 0.453846 0.0281457 0.0615631
12 0.350694 0.238851 0.0183664 0.0509538
1 0.350987 0.238766 0.0184116 0.0523546
3 0.744493 0.631477 0.0295525 0.0817244
7 0.309713 0.24128 0.0147877 0.0549371
11 0.547565 0.264756 0.01532 0.0472613
1 0.247046 0.210053 0.0176898 0.0478751
18 0.312936 0.43237 0.0245956 0.0596004
14 0.683899 0.390267 0.0205847 0.0577736
15 0.416485 0.39266 0.0212378 0.0561196
9 0.338745 0.295438 0.0158608 0.049529
16 0.12862 0.366491 0.0198056 0.0347677
23 0.485703 0.295306 0.0170431 0.0489434
9 0.318597 0.332657 0.0176032 0.0522905
6 0.19433 0.350776 0.0193601 0.0579566
4 0.144543 0.326629 0.0192589 0.0509031
21 0.865183 0.303556 0.0230331 0.0582489
20 0.737865 0.312431 0.0177989 0.0581554
2 0.82134 0.453846 0.0281457 0.0615631
12 0.350694 0.238851 0.0183664 0.0509538
1 0.350987 0.238766 0.0184116 0.0523546
3 0.744493 0.631477 0.0295525 0.0817244
7 0.309713 0.24128 0.0147877 0.0549371
11 0.547565 0.264756 0.01532 0.0472613
1 0.247046 0.210053 0.0176898 0.0478751
18 0.312936 0.43237 0.0245956 0.0596004
14 0.683899 0.390267 0.0205847 0.0577736
15 0.416485 0.39266 0.0212378 0.0561196
9 0.338745 0.295438 0.0158608 0.049529
16 0.12862 0.366491 0.0198056 0.0347677
