23 0.453641 0.374431 0.0186906 0.0544085
5 0.313693 0.247054 0.0251732 0.0548985
3 0.729961 0.721454 0.0244915 0.0772307
1 0.370394 0.194112 0.0172827 0.0441291
6 0.231838 0.425127 0.0228703 0.0533182
12 0.411746 0.210967 0.0196424 0.0439349
9 0.405946 0.347545 0.0284031 0.0593101
13 0.511887 0.21196 0.015308 0.0425246
21 0.8078 0.292453 0.0199536 0.0544727
11 0.510756 0.265504 0.0216979 0.0435557
2 0.875811 0.478882 0.0224133 0.0668084
8 0.213987 0.37339 0.0173133 0.0558543
20 0.624092 0.306815 0.0196634 0.0578684
18 0.41297 0.504185 0.0289217 0.0663223
9 0.392357 0.273151 0.0194383 0.049487
10 0.488113 0.219476 0.0155451 0.0478102
14 0.655046 0.385293 0.0199732 0.0579375
13 0.489196 0.218975 0.0151405 0.0479733
7 0.392474 0.273293 0.0199636 0.0485432
22 0.912958 0.374013 0.0236403 0.068549
23 0.453641 0.374431 0.0186906 0.0544085
5 0.313693 0.247054 0.0251732 0.0548985
3 0.729961 0.721454 0.0244915 0.0772307
1 0.370394 0.194112 0.0172827 0.0441291
6 0.231838 0.425127 0.0228703 0.0533182
12 0.411746 0.210967 0.0196424 0.0439349
9 0.405946 0.347545 0.0284031 0.0593101
13 0.511887 0.21196 0.015308 0.0425246
21 0.8078 0.292453 0.0199536 0.0544727
11 0.510756 0.265504 0.0216979 0.0435557
2 0.875811 0.478882 0.0224133 0.0668084
8 0.213987 0.37339 0.0173133 0.0558543
20 0.624092 0.306815 0.0196634 0.0578684
18 0.41297 0.504185 0.0289217 0.0663223
9 0.392357 0.273151 0.0194383 0.049487
10 0.488113 0.219476 0.0155451 0.0478102
14 0.655046 0.385293 0.0199732 0.0579375
13 0.489196 0.218975 0.0151405 0.0479733
7 0.392474 0.273293 0.0199636 0.0485432
22 0.912958 0.374013 0.0236403 0.068549
23 0.453641 0.374431 0.0186906 0.0544085
5 0.313693 0.247054 0.0251732 0.0548985
3 0.729961 0.721454 0.0244915 0.0772307
1 0.370394 0.194112 0.0172827 0.0441291
6 0.231838 0.425127 0.0228703 0.0533182
12 0.411746 0.210967 0.0196424 0.0439349
9 0.405946 0.347545 0.0284031 0.0593101
13 0.511887 0.21196 0.015308 0.0425246
21 0.8078 0.292453 0.0199536 0.0544727
11 0.510756 0.265504 0.0216979 0.0435557
2 0.875811 0.478882 0.0224133 0.0668084
8 0.213987 0.37339 0.0173133 0.0558543
20 0.624092 0.306815 0.0196634 0.0578684
18 0.41297 0.504185 0.0289217 0.0663223
9 0.392357 0.273151 0.0194383 0.049487
10 0.488113 0.219476 0.0155451 0.0478102
14 0.655046 0.385293 0.0199732 0.0579375
13 0.489196 0.218975 0.0151405 0.0479733
7 0.392474 0.273293 0.0199636 0.0485432
22 0.912958 0.374013 0.0236403 0.068549
23 0.453641 0.374431 0.0186906 0.0544085
5 0.313693 0.247054 0.0251732 0.0548985
3 0.729961 0.721454 0.0244915 0.0772307
1 0.370394 0.194112 0.0172827 0.0441291
6 0.231838 0.425127 0.0228703 0.0533182
12 0.411746 0.210967 0.0196424 0.0439349
9 0.405946 0.347545 0.0284031 0.0593101
13 0.511887 0.21196 0.015308 0.0425246
21 0.8078 0.292453 0.0199536 0.0544727
11 0.510756 0.265504 0.0216979 0.0435557
2 0.875811 0.478882 0.0224133 0.0668084
8 0.213987 0.37339 0.0173133 0.0558543
20 0.624092 0.306815 0.0196634 0.0578684
18 0.41297 0.504185 0.0289217 0.0663223
9 0.392357 0.273151 0.0194383 0.049487
10 0.488113 0.219476 0.0155451 0.0478102
14 0.655046 0.385293 0.0199732 0.0579375
13 0.489196 0.218975 0.0151405 0.0479733
7 0.392474 0.273293 0.0199636 0.0485432
22 0.912958 0.374013 0.0236403 0.068549
