6 0.192638 0.353305 0.0197421 0.0560191
23 0.485105 0.296078 0.0169765 0.0480947
20 0.736777 0.312123 0.0175013 0.0581141
4 0.141923 0.326325 0.0183501 0.0441079
9 0.317938 0.33277 0.0175723 0.0518893
21 0.865025 0.304116 0.0226685 0.0574887
2 0.825045 0.457373 0.0258278 0.060132
16 0.130699 0.366124 0.0221274 0.0314752
1 0.350203 0.239926 0.018518 0.0520606
7 0.307959 0.241686 0.0145503 0.0559252
12 0.349688 0.240041 0.0185282 0.0519009
3 0.744638 0.631413 0.0312685 0.0790902
15 0.415041 0.394045 0.0195751 0.0542102
11 0.54509 0.264321 0.0145954 0.0470226
1 0.248352 0.210495 0.0156436 0.0479874
14 0.682489 0.389959 0.0201637 0.0581039
13 0.534042 0.218607 0.0126108 0.0459312
18 0.313233 0.433156 0.026016 0.0598117
2 0.313566 0.432716 0.0255723 0.0611818
6 0.192638 0.353305 0.0197421 0.0560191
23 0.485105 0.296078 0.0169765 0.0480947
20 0.736777 0.312123 0.0175013 0.0581141
4 0.141923 0.326325 0.0183501 0.0441079
9 0.317938 0.33277 0.0175723 0.0518893
21 0.865025 0.304116 0.0226685 0.0574887
2 0.825045 0.457373 0.0258278 0.060132
16 0.130699 0.366124 0.0221274 0.0314752
1 0.350203 0.239926 0.018518 0.0520606
7 0.307959 0.241686 0.0145503 0.0559252
12 0.349688 0.240041 0.0185282 0.0519009
3 0.744638 0.631413 0.0312685 0.0790902
15 0.415041 0.394045 0.0195751 0.0542102
11 0.54509 0.264321 0.0145954 0.0470226
1 0.248352 0.210495 0.0156436 0.0479874
14 0.682489 0.389959 0.0201637 0.0581039
13 0.534042 0.218607 0.0126108 0.0459312
18 0.313233 0.433156 0.026016 0.0598117
2 0.313566 0.432716 0.0255723 0.0611818
6 0.192638 0.353305 0.0197421 0.0560191
23 0.485105 0.296078 0.0169765 0.0480947
20 0.736777 0.312123 0.0175013 0.0581141
4 0.141923 0.326325 0.0183501 0.0441079
9 0.317938 0.33277 0.0175723 0.0518893
21 0.865025 0.304116 0.0226685 0.0574887
2 0.825045 0.457373 0.0258278 0.060132
16 0.130699 0.366124 0.0221274 0.0314752
1 0.350203 0.239926 0.018518 0.0520606
7 0.307959 0.241686 0.0145503 0.0559252
12 0.349688 0.240041 0.0185282 0.0519009
3 0.744638 0.631413 0.0312685 0.0790902
15 0.415041 0.394045 0.0195751 0.0542102
11 0.54509 0.264321 0.0145954 0.0470226
1 0.248352 0.210495 0.0156436 0.0479874
14 0.682489 0.389959 0.0201637 0.0581039
13 0.534042 0.218607 0.0126108 0.0459312
18 0.313233 0.433156 0.026016 0.0598117
2 0.313566 0.432716 0.0255723 0.0611818
6 0.192638 0.353305 0.0197421 0.0560191
23 0.485105 0.296078 0.0169765 0.0480947
20 0.736777 0.312123 0.0175013 0.0581141
4 0.141923 0.326325 0.0183501 0.0441079
9 0.317938 0.33277 0.0175723 0.0518893
21 0.865025 0.304116 0.0226685 0.0574887
2 0.825045 0.457373 0.0258278 0.060132
16 0.130699 0.366124 0.0221274 0.0314752
1 0.350203 0.239926 0.018518 0.0520606
7 0.307959 0.241686 0.0145503 0.0559252
12 0.349688 0.240041 0.0185282 0.0519009
3 0.744638 0.631413 0.0312685 0.0790902
15 0.415041 0.394045 0.0195751 0.0542102
11 0.54509 0.264321 0.0145954 0.0470226
1 0.248352 0.210495 0.0156436 0.0479874
14 0.682489 0.389959 0.0201637 0.0581039
13 0.534042 0.218607 0.0126108 0.0459312
18 0.313233 0.433156 0.026016 0.0598117
2 0.313566 0.432716 0.0255723 0.0611818
