23 0.462242 0.313789 0.0179743 0.0528835
5 0.288905 0.240064 0.0246166 0.0444049
3 0.726826 0.665113 0.0257523 0.0799384
12 0.312151 0.194495 0.0145337 0.0380737
4 0.0992825 0.312283 0.0181668 0.0521801
16 0.160114 0.424582 0.0218501 0.0547697
2 0.848298 0.466594 0.0259373 0.0666332
20 0.681343 0.302647 0.02006 0.0582517
15 0.469027 0.420462 0.0208574 0.0568493
7 0.317317 0.241529 0.0138642 0.0379286
18 0.330695 0.449811 0.0244202 0.0575161
9 0.347541 0.319285 0.0240036 0.0694634
10 0.457434 0.220537 0.0173534 0.0500176
22 0.946712 0.385535 0.021962 0.0733011
2 0.819994 0.297031 0.0209244 0.0565319
6 0.189665 0.370101 0.0211261 0.0536712
13 0.436289 0.210172 0.0135078 0.0455037
21 0.819975 0.296823 0.0214254 0.0588878
6 0.243002 0.304897 0.020648 0.0424465
15 0.661024 0.381294 0.0247746 0.0582899
23 0.462242 0.313789 0.0179743 0.0528835
5 0.288905 0.240064 0.0246166 0.0444049
3 0.726826 0.665113 0.0257523 0.0799384
12 0.312151 0.194495 0.0145337 0.0380737
4 0.0992825 0.312283 0.0181668 0.0521801
16 0.160114 0.424582 0.0218501 0.0547697
2 0.848298 0.466594 0.0259373 0.0666332
20 0.681343 0.302647 0.02006 0.0582517
15 0.469027 0.420462 0.0208574 0.0568493
7 0.317317 0.241529 0.0138642 0.0379286
18 0.330695 0.449811 0.0244202 0.0575161
9 0.347541 0.319285 0.0240036 0.0694634
10 0.457434 0.220537 0.0173534 0.0500176
22 0.946712 0.385535 0.021962 0.0733011
2 0.819994 0.297031 0.0209244 0.0565319
6 0.189665 0.370101 0.0211261 0.0536712
13 0.436289 0.210172 0.0135078 0.0455037
21 0.819975 0.296823 0.0214254 0.0588878
6 0.243002 0.304897 0.020648 0.0424465
15 0.661024 0.381294 0.0247746 0.0582899
23 0.462242 0.313789 0.0179743 0.0528835
5 0.288905 0.240064 0.0246166 0.0444049
3 0.726826 0.665113 0.0257523 0.0799384
12 0.312151 0.194495 0.0145337 0.0380737
4 0.0992825 0.312283 0.0181668 0.0521801
16 0.160114 0.424582 0.0218501 0.0547697
2 0.848298 0.466594 0.0259373 0.0666332
20 0.681343 0.302647 0.02006 0.0582517
15 0.469027 0.420462 0.0208574 0.0568493
7 0.317317 0.241529 0.0138642 0.0379286
18 0.330695 0.449811 0.0244202 0.0575161
9 0.347541 0.319285 0.0240036 0.0694634
10 0.457434 0.220537 0.0173534 0.0500176
22 0.946712 0.385535 0.021962 0.0733011
2 0.819994 0.297031 0.0209244 0.0565319
6 0.189665 0.370101 0.0211261 0.0536712
13 0.436289 0.210172 0.0135078 0.0455037
21 0.819975 0.296823 0.0214254 0.0588878
6 0.243002 0.304897 0.020648 0.0424465
15 0.661024 0.381294 0.0247746 0.0582899
23 0.462242 0.313789 0.0179743 0.0528835
5 0.288905 0.240064 0.0246166 0.0444049
3 0.726826 0.665113 0.0257523 0.0799384
12 0.312151 0.194495 0.0145337 0.0380737
4 0.0992825 0.312283 0.0181668 0.0521801
16 0.160114 0.424582 0.0218501 0.0547697
2 0.848298 0.466594 0.0259373 0.0666332
20 0.681343 0.302647 0.02006 0.0582517
15 0.469027 0.420462 0.0208574 0.0568493
7 0.317317 0.241529 0.0138642 0.0379286
18 0.330695 0.449811 0.0244202 0.0575161
9 0.347541 0.319285 0.0240036 0.0694634
10 0.457434 0.220537 0.0173534 0.0500176
22 0.946712 0.385535 0.021962 0.0733011
2 0.819994 0.297031 0.0209244 0.0565319
6 0.189665 0.370101 0.0211261 0.0536712
13 0.436289 0.210172 0.0135078 0.0455037
21 0.819975 0.296823 0.0214254 0.0588878
6 0.243002 0.304897 0.020648 0.0424465
15 0.661024 0.381294 0.0247746 0.0582899
