3 0.737191 0.675348 0.0266876 0.0850072
5 0.305223 0.240588 0.0245275 0.0460764
16 0.180046 0.443805 0.023533 0.0545451
23 0.471477 0.319625 0.0201714 0.0496478
4 0.0925847 0.310397 0.0177235 0.0550415
2 0.864185 0.466965 0.0272778 0.067374
20 0.682168 0.302319 0.0192886 0.0556552
18 0.357438 0.452623 0.0258817 0.0558619
8 0.247089 0.30412 0.0158327 0.0445969
9 0.369419 0.319775 0.0214307 0.0564106
22 0.950377 0.380598 0.0232381 0.0680853
2 0.827554 0.299271 0.0199306 0.0591087
15 0.671228 0.378168 0.0227098 0.055796
6 0.211619 0.371225 0.0257641 0.0533335
12 0.339753 0.188224 0.0109477 0.0322255
8 0.233855 0.286221 0.014156 0.0364885
3 0.737191 0.675348 0.0266876 0.0850072
5 0.305223 0.240588 0.0245275 0.0460764
16 0.180046 0.443805 0.023533 0.0545451
23 0.471477 0.319625 0.0201714 0.0496478
4 0.0925847 0.310397 0.0177235 0.0550415
2 0.864185 0.466965 0.0272778 0.067374
20 0.682168 0.302319 0.0192886 0.0556552
18 0.357438 0.452623 0.0258817 0.0558619
8 0.247089 0.30412 0.0158327 0.0445969
9 0.369419 0.319775 0.0214307 0.0564106
22 0.950377 0.380598 0.0232381 0.0680853
2 0.827554 0.299271 0.0199306 0.0591087
15 0.671228 0.378168 0.0227098 0.055796
6 0.211619 0.371225 0.0257641 0.0533335
12 0.339753 0.188224 0.0109477 0.0322255
8 0.233855 0.286221 0.014156 0.0364885
3 0.737191 0.675348 0.0266876 0.0850072
5 0.305223 0.240588 0.0245275 0.0460764
16 0.180046 0.443805 0.023533 0.0545451
23 0.471477 0.319625 0.0201714 0.0496478
4 0.0925847 0.310397 0.0177235 0.0550415
2 0.864185 0.466965 0.0272778 0.067374
20 0.682168 0.302319 0.0192886 0.0556552
18 0.357438 0.452623 0.0258817 0.0558619
8 0.247089 0.30412 0.0158327 0.0445969
9 0.369419 0.319775 0.0214307 0.0564106
22 0.950377 0.380598 0.0232381 0.0680853
2 0.827554 0.299271 0.0199306 0.0591087
15 0.671228 0.378168 0.0227098 0.055796
6 0.211619 0.371225 0.0257641 0.0533335
12 0.339753 0.188224 0.0109477 0.0322255
8 0.233855 0.286221 0.014156 0.0364885
3 0.737191 0.675348 0.0266876 0.0850072
5 0.305223 0.240588 0.0245275 0.0460764
16 0.180046 0.443805 0.023533 0.0545451
23 0.471477 0.319625 0.0201714 0.0496478
4 0.0925847 0.310397 0.0177235 0.0550415
2 0.864185 0.466965 0.0272778 0.067374
20 0.682168 0.302319 0.0192886 0.0556552
18 0.357438 0.452623 0.0258817 0.0558619
8 0.247089 0.30412 0.0158327 0.0445969
9 0.369419 0.319775 0.0214307 0.0564106
22 0.950377 0.380598 0.0232381 0.0680853
2 0.827554 0.299271 0.0199306 0.0591087
15 0.671228 0.378168 0.0227098 0.055796
6 0.211619 0.371225 0.0257641 0.0533335
12 0.339753 0.188224 0.0109477 0.0322255
8 0.233855 0.286221 0.014156 0.0364885
