5 0.238228 0.21686 0.0318275 0.0652222
23 0.406817 0.396991 0.0234269 0.0576886
3 0.685229 0.785155 0.0281754 0.0926388
1 0.298506 0.10687 0.021351 0.0547858
9 0.168777 0.515132 0.031755 0.0718525
15 0.596224 0.474233 0.0227169 0.0698629
16 0.180942 0.768175 0.0339829 0.0837379
22 0.900835 0.325262 0.0286004 0.0752379
13 0.534489 0.155805 0.020944 0.0536446
9 0.49468 0.275815 0.0201151 0.0617473
18 0.180249 0.768879 0.0352133 0.0829854
0 0.313799 0.161635 0.0141575 0.0227956
18 0.169192 0.515996 0.0309559 0.0710219
7 0.444399 0.244222 0.0282801 0.0556747
3 0.180439 0.767592 0.0355279 0.084652
12 0.462358 0.151121 0.0172236 0.0415664
2 0.874065 0.453836 0.0306412 0.0762994
9 0.157607 0.435578 0.0237495 0.0687461
14 0.595503 0.346113 0.0218996 0.0692025
5 0.238228 0.21686 0.0318275 0.0652222
23 0.406817 0.396991 0.0234269 0.0576886
3 0.685229 0.785155 0.0281754 0.0926388
1 0.298506 0.10687 0.021351 0.0547858
9 0.168777 0.515132 0.031755 0.0718525
15 0.596224 0.474233 0.0227169 0.0698629
16 0.180942 0.768175 0.0339829 0.0837379
22 0.900835 0.325262 0.0286004 0.0752379
13 0.534489 0.155805 0.020944 0.0536446
9 0.49468 0.275815 0.0201151 0.0617473
18 0.180249 0.768879 0.0352133 0.0829854
0 0.313799 0.161635 0.0141575 0.0227956
18 0.169192 0.515996 0.0309559 0.0710219
7 0.444399 0.244222 0.0282801 0.0556747
3 0.180439 0.767592 0.0355279 0.084652
12 0.462358 0.151121 0.0172236 0.0415664
2 0.874065 0.453836 0.0306412 0.0762994
9 0.157607 0.435578 0.0237495 0.0687461
14 0.595503 0.346113 0.0218996 0.0692025
5 0.238228 0.21686 0.0318275 0.0652222
23 0.406817 0.396991 0.0234269 0.0576886
3 0.685229 0.785155 0.0281754 0.0926388
1 0.298506 0.10687 0.021351 0.0547858
9 0.168777 0.515132 0.031755 0.0718525
15 0.596224 0.474233 0.0227169 0.0698629
16 0.180942 0.768175 0.0339829 0.0837379
22 0.900835 0.325262 0.0286004 0.0752379
13 0.534489 0.155805 0.020944 0.0536446
9 0.49468 0.275815 0.0201151 0.0617473
18 0.180249 0.768879 0.0352133 0.0829854
0 0.313799 0.161635 0.0141575 0.0227956
18 0.169192 0.515996 0.0309559 0.0710219
7 0.444399 0.244222 0.0282801 0.0556747
3 0.180439 0.767592 0.0355279 0.084652
12 0.462358 0.151121 0.0172236 0.0415664
2 0.874065 0.453836 0.0306412 0.0762994
9 0.157607 0.435578 0.0237495 0.0687461
14 0.595503 0.346113 0.0218996 0.0692025
5 0.238228 0.21686 0.0318275 0.0652222
23 0.406817 0.396991 0.0234269 0.0576886
3 0.685229 0.785155 0.0281754 0.0926388
1 0.298506 0.10687 0.021351 0.0547858
9 0.168777 0.515132 0.031755 0.0718525
15 0.596224 0.474233 0.0227169 0.0698629
16 0.180942 0.768175 0.0339829 0.0837379
22 0.900835 0.325262 0.0286004 0.0752379
13 0.534489 0.155805 0.020944 0.0536446
9 0.49468 0.275815 0.0201151 0.0617473
18 0.180249 0.768879 0.0352133 0.0829854
0 0.313799 0.161635 0.0141575 0.0227956
18 0.169192 0.515996 0.0309559 0.0710219
7 0.444399 0.244222 0.0282801 0.0556747
3 0.180439 0.767592 0.0355279 0.084652
12 0.462358 0.151121 0.0172236 0.0415664
2 0.874065 0.453836 0.0306412 0.0762994
9 0.157607 0.435578 0.0237495 0.0687461
14 0.595503 0.346113 0.0218996 0.0692025
