23 0.487457 0.296292 0.0161201 0.049405
9 0.321219 0.336228 0.0177545 0.0568339
4 0.152689 0.326497 0.017962 0.0517139
21 0.860785 0.309252 0.0213921 0.052508
3 0.740392 0.623522 0.028882 0.0737549
20 0.744933 0.313474 0.017193 0.0578373
12 0.355741 0.23233 0.0158574 0.0485005
16 0.201541 0.351674 0.0168872 0.0570519
9 0.351667 0.294532 0.0174616 0.0517044
15 0.68414 0.390097 0.0213924 0.0574285
2 0.79631 0.446989 0.0270613 0.058338
20 0.861014 0.309683 0.0203186 0.0526095
10 0.544496 0.219219 0.0126856 0.0462658
11 0.552923 0.263367 0.0148052 0.0483846
16 0.11564 0.372718 0.0172438 0.0351813
20 0.684614 0.390486 0.0214756 0.0591566
23 0.487457 0.296292 0.0161201 0.049405
9 0.321219 0.336228 0.0177545 0.0568339
4 0.152689 0.326497 0.017962 0.0517139
21 0.860785 0.309252 0.0213921 0.052508
3 0.740392 0.623522 0.028882 0.0737549
20 0.744933 0.313474 0.017193 0.0578373
12 0.355741 0.23233 0.0158574 0.0485005
16 0.201541 0.351674 0.0168872 0.0570519
9 0.351667 0.294532 0.0174616 0.0517044
15 0.68414 0.390097 0.0213924 0.0574285
2 0.79631 0.446989 0.0270613 0.058338
20 0.861014 0.309683 0.0203186 0.0526095
10 0.544496 0.219219 0.0126856 0.0462658
11 0.552923 0.263367 0.0148052 0.0483846
16 0.11564 0.372718 0.0172438 0.0351813
20 0.684614 0.390486 0.0214756 0.0591566
23 0.487457 0.296292 0.0161201 0.049405
9 0.321219 0.336228 0.0177545 0.0568339
4 0.152689 0.326497 0.017962 0.0517139
21 0.860785 0.309252 0.0213921 0.052508
3 0.740392 0.623522 0.028882 0.0737549
20 0.744933 0.313474 0.017193 0.0578373
12 0.355741 0.23233 0.0158574 0.0485005
16 0.201541 0.351674 0.0168872 0.0570519
9 0.351667 0.294532 0.0174616 0.0517044
15 0.68414 0.390097 0.0213924 0.0574285
2 0.79631 0.446989 0.0270613 0.058338
20 0.861014 0.309683 0.0203186 0.0526095
10 0.544496 0.219219 0.0126856 0.0462658
11 0.552923 0.263367 0.0148052 0.0483846
16 0.11564 0.372718 0.0172438 0.0351813
20 0.684614 0.390486 0.0214756 0.0591566
23 0.487457 0.296292 0.0161201 0.049405
9 0.321219 0.336228 0.0177545 0.0568339
4 0.152689 0.326497 0.017962 0.0517139
21 0.860785 0.309252 0.0213921 0.052508
3 0.740392 0.623522 0.028882 0.0737549
20 0.744933 0.313474 0.017193 0.0578373
12 0.355741 0.23233 0.0158574 0.0485005
16 0.201541 0.351674 0.0168872 0.0570519
9 0.351667 0.294532 0.0174616 0.0517044
15 0.68414 0.390097 0.0213924 0.0574285
2 0.79631 0.446989 0.0270613 0.058338
20 0.861014 0.309683 0.0203186 0.0526095
10 0.544496 0.219219 0.0126856 0.0462658
11 0.552923 0.263367 0.0148052 0.0483846
16 0.11564 0.372718 0.0172438 0.0351813
20 0.684614 0.390486 0.0214756 0.0591566
