23 0.483857 0.296075 0.0174747 0.0514506
9 0.316568 0.329395 0.0157023 0.0537379
16 0.132098 0.367821 0.0242407 0.0318922
6 0.188285 0.353055 0.0198641 0.0559408
4 0.1376 0.331857 0.0182416 0.0281893
2 0.833098 0.45769 0.0294991 0.0621179
20 0.734062 0.310666 0.018729 0.0595165
3 0.745071 0.631789 0.0315924 0.0804237
12 0.347993 0.240889 0.0169933 0.0511046
21 0.864633 0.298432 0.0235394 0.0622175
1 0.348035 0.240907 0.0169374 0.0509751
15 0.413667 0.392733 0.0198425 0.0544756
15 0.681267 0.389857 0.0207058 0.0595899
1 0.252844 0.21266 0.0156269 0.0473083
13 0.529243 0.216695 0.0121764 0.0457772
11 0.542745 0.264302 0.015142 0.0461772
9 0.331563 0.296029 0.0135776 0.0477504
18 0.312681 0.4332 0.0273527 0.0582002
10 0.529025 0.216927 0.0119934 0.0453153
23 0.483857 0.296075 0.0174747 0.0514506
9 0.316568 0.329395 0.0157023 0.0537379
16 0.132098 0.367821 0.0242407 0.0318922
6 0.188285 0.353055 0.0198641 0.0559408
4 0.1376 0.331857 0.0182416 0.0281893
2 0.833098 0.45769 0.0294991 0.0621179
20 0.734062 0.310666 0.018729 0.0595165
3 0.745071 0.631789 0.0315924 0.0804237
12 0.347993 0.240889 0.0169933 0.0511046
21 0.864633 0.298432 0.0235394 0.0622175
1 0.348035 0.240907 0.0169374 0.0509751
15 0.413667 0.392733 0.0198425 0.0544756
15 0.681267 0.389857 0.0207058 0.0595899
1 0.252844 0.21266 0.0156269 0.0473083
13 0.529243 0.216695 0.0121764 0.0457772
11 0.542745 0.264302 0.015142 0.0461772
9 0.331563 0.296029 0.0135776 0.0477504
18 0.312681 0.4332 0.0273527 0.0582002
10 0.529025 0.216927 0.0119934 0.0453153
23 0.483857 0.296075 0.0174747 0.0514506
9 0.316568 0.329395 0.0157023 0.0537379
16 0.132098 0.367821 0.0242407 0.0318922
6 0.188285 0.353055 0.0198641 0.0559408
4 0.1376 0.331857 0.0182416 0.0281893
2 0.833098 0.45769 0.0294991 0.0621179
20 0.734062 0.310666 0.018729 0.0595165
3 0.745071 0.631789 0.0315924 0.0804237
12 0.347993 0.240889 0.0169933 0.0511046
21 0.864633 0.298432 0.0235394 0.0622175
1 0.348035 0.240907 0.0169374 0.0509751
15 0.413667 0.392733 0.0198425 0.0544756
15 0.681267 0.389857 0.0207058 0.0595899
1 0.252844 0.21266 0.0156269 0.0473083
13 0.529243 0.216695 0.0121764 0.0457772
11 0.542745 0.264302 0.015142 0.0461772
9 0.331563 0.296029 0.0135776 0.0477504
18 0.312681 0.4332 0.0273527 0.0582002
10 0.529025 0.216927 0.0119934 0.0453153
23 0.483857 0.296075 0.0174747 0.0514506
9 0.316568 0.329395 0.0157023 0.0537379
16 0.132098 0.367821 0.0242407 0.0318922
6 0.188285 0.353055 0.0198641 0.0559408
4 0.1376 0.331857 0.0182416 0.0281893
2 0.833098 0.45769 0.0294991 0.0621179
20 0.734062 0.310666 0.018729 0.0595165
3 0.745071 0.631789 0.0315924 0.0804237
12 0.347993 0.240889 0.0169933 0.0511046
21 0.864633 0.298432 0.0235394 0.0622175
1 0.348035 0.240907 0.0169374 0.0509751
15 0.413667 0.392733 0.0198425 0.0544756
15 0.681267 0.389857 0.0207058 0.0595899
1 0.252844 0.21266 0.0156269 0.0473083
13 0.529243 0.216695 0.0121764 0.0457772
11 0.542745 0.264302 0.015142 0.0461772
9 0.331563 0.296029 0.0135776 0.0477504
18 0.312681 0.4332 0.0273527 0.0582002
10 0.529025 0.216927 0.0119934 0.0453153
