16 0.124816 0.381792 0.0330565 0.0254089
4 0.142543 0.328199 0.0337411 0.03129
1 0.277279 0.208978 0.0170297 0.0414117
9 0.321853 0.321293 0.0184258 0.0548185
6 0.175627 0.360475 0.018934 0.0584518
2 0.846364 0.465142 0.0271717 0.0702579
3 0.74115 0.646451 0.0273895 0.0712588
15 0.419951 0.401783 0.0190308 0.0572235
20 0.720275 0.307017 0.0181835 0.0617277
1 0.342799 0.241785 0.0188541 0.0535339
7 0.316 0.241405 0.0138522 0.0468544
18 0.311259 0.435297 0.0225452 0.0572705
8 0.262565 0.294138 0.0155451 0.0565195
12 0.276129 0.209249 0.0190831 0.0422486
20 0.527078 0.261213 0.0149872 0.0503378
23 0.476015 0.297373 0.0175312 0.0490563
2 0.853591 0.301483 0.0216473 0.0545639
13 0.412482 0.214526 0.014508 0.0505642
16 0.124816 0.381792 0.0330565 0.0254089
4 0.142543 0.328199 0.0337411 0.03129
1 0.277279 0.208978 0.0170297 0.0414117
9 0.321853 0.321293 0.0184258 0.0548185
6 0.175627 0.360475 0.018934 0.0584518
2 0.846364 0.465142 0.0271717 0.0702579
3 0.74115 0.646451 0.0273895 0.0712588
15 0.419951 0.401783 0.0190308 0.0572235
20 0.720275 0.307017 0.0181835 0.0617277
1 0.342799 0.241785 0.0188541 0.0535339
7 0.316 0.241405 0.0138522 0.0468544
18 0.311259 0.435297 0.0225452 0.0572705
8 0.262565 0.294138 0.0155451 0.0565195
12 0.276129 0.209249 0.0190831 0.0422486
20 0.527078 0.261213 0.0149872 0.0503378
23 0.476015 0.297373 0.0175312 0.0490563
2 0.853591 0.301483 0.0216473 0.0545639
13 0.412482 0.214526 0.014508 0.0505642
16 0.124816 0.381792 0.0330565 0.0254089
4 0.142543 0.328199 0.0337411 0.03129
1 0.277279 0.208978 0.0170297 0.0414117
9 0.321853 0.321293 0.0184258 0.0548185
6 0.175627 0.360475 0.018934 0.0584518
2 0.846364 0.465142 0.0271717 0.0702579
3 0.74115 0.646451 0.0273895 0.0712588
15 0.419951 0.401783 0.0190308 0.0572235
20 0.720275 0.307017 0.0181835 0.0617277
1 0.342799 0.241785 0.0188541 0.0535339
7 0.316 0.241405 0.0138522 0.0468544
18 0.311259 0.435297 0.0225452 0.0572705
8 0.262565 0.294138 0.0155451 0.0565195
12 0.276129 0.209249 0.0190831 0.0422486
20 0.527078 0.261213 0.0149872 0.0503378
23 0.476015 0.297373 0.0175312 0.0490563
2 0.853591 0.301483 0.0216473 0.0545639
13 0.412482 0.214526 0.014508 0.0505642
16 0.124816 0.381792 0.0330565 0.0254089
4 0.142543 0.328199 0.0337411 0.03129
1 0.277279 0.208978 0.0170297 0.0414117
9 0.321853 0.321293 0.0184258 0.0548185
6 0.175627 0.360475 0.018934 0.0584518
2 0.846364 0.465142 0.0271717 0.0702579
3 0.74115 0.646451 0.0273895 0.0712588
15 0.419951 0.401783 0.0190308 0.0572235
20 0.720275 0.307017 0.0181835 0.0617277
1 0.342799 0.241785 0.0188541 0.0535339
7 0.316 0.241405 0.0138522 0.0468544
18 0.311259 0.435297 0.0225452 0.0572705
8 0.262565 0.294138 0.0155451 0.0565195
12 0.276129 0.209249 0.0190831 0.0422486
20 0.527078 0.261213 0.0149872 0.0503378
23 0.476015 0.297373 0.0175312 0.0490563
2 0.853591 0.301483 0.0216473 0.0545639
13 0.412482 0.214526 0.014508 0.0505642
