23 0.459389 0.30656 0.016988 0.0485358
3 0.726036 0.660451 0.0244465 0.0748273
16 0.142806 0.407762 0.0199087 0.0512568
12 0.293059 0.193863 0.0143449 0.0383634
1 0.328307 0.225075 0.0217419 0.0484697
5 0.283318 0.240862 0.0229891 0.0393891
4 0.117083 0.313072 0.0191477 0.0519856
6 0.179011 0.368791 0.0204353 0.0505959
20 0.688784 0.306169 0.0182131 0.0557246
2 0.839357 0.463216 0.0233837 0.0748464
13 0.420945 0.213212 0.0188005 0.0479566
2 0.822293 0.297575 0.0197613 0.0543105
22 0.951836 0.389529 0.0218048 0.0731798
10 0.459408 0.222086 0.0162209 0.0471802
20 0.497497 0.264893 0.0165134 0.0531673
7 0.307322 0.239065 0.0137354 0.0394079
14 0.658358 0.382945 0.0238443 0.0589297
15 0.446097 0.418107 0.0220591 0.0677483
23 0.459389 0.30656 0.016988 0.0485358
3 0.726036 0.660451 0.0244465 0.0748273
16 0.142806 0.407762 0.0199087 0.0512568
12 0.293059 0.193863 0.0143449 0.0383634
1 0.328307 0.225075 0.0217419 0.0484697
5 0.283318 0.240862 0.0229891 0.0393891
4 0.117083 0.313072 0.0191477 0.0519856
6 0.179011 0.368791 0.0204353 0.0505959
20 0.688784 0.306169 0.0182131 0.0557246
2 0.839357 0.463216 0.0233837 0.0748464
13 0.420945 0.213212 0.0188005 0.0479566
2 0.822293 0.297575 0.0197613 0.0543105
22 0.951836 0.389529 0.0218048 0.0731798
10 0.459408 0.222086 0.0162209 0.0471802
20 0.497497 0.264893 0.0165134 0.0531673
7 0.307322 0.239065 0.0137354 0.0394079
14 0.658358 0.382945 0.0238443 0.0589297
15 0.446097 0.418107 0.0220591 0.0677483
23 0.459389 0.30656 0.016988 0.0485358
3 0.726036 0.660451 0.0244465 0.0748273
16 0.142806 0.407762 0.0199087 0.0512568
12 0.293059 0.193863 0.0143449 0.0383634
1 0.328307 0.225075 0.0217419 0.0484697
5 0.283318 0.240862 0.0229891 0.0393891
4 0.117083 0.313072 0.0191477 0.0519856
6 0.179011 0.368791 0.0204353 0.0505959
20 0.688784 0.306169 0.0182131 0.0557246
2 0.839357 0.463216 0.0233837 0.0748464
13 0.420945 0.213212 0.0188005 0.0479566
2 0.822293 0.297575 0.0197613 0.0543105
22 0.951836 0.389529 0.0218048 0.0731798
10 0.459408 0.222086 0.0162209 0.0471802
20 0.497497 0.264893 0.0165134 0.0531673
7 0.307322 0.239065 0.0137354 0.0394079
14 0.658358 0.382945 0.0238443 0.0589297
15 0.446097 0.418107 0.0220591 0.0677483
23 0.459389 0.30656 0.016988 0.0485358
3 0.726036 0.660451 0.0244465 0.0748273
16 0.142806 0.407762 0.0199087 0.0512568
12 0.293059 0.193863 0.0143449 0.0383634
1 0.328307 0.225075 0.0217419 0.0484697
5 0.283318 0.240862 0.0229891 0.0393891
4 0.117083 0.313072 0.0191477 0.0519856
6 0.179011 0.368791 0.0204353 0.0505959
20 0.688784 0.306169 0.0182131 0.0557246
2 0.839357 0.463216 0.0233837 0.0748464
13 0.420945 0.213212 0.0188005 0.0479566
2 0.822293 0.297575 0.0197613 0.0543105
22 0.951836 0.389529 0.0218048 0.0731798
10 0.459408 0.222086 0.0162209 0.0471802
20 0.497497 0.264893 0.0165134 0.0531673
7 0.307322 0.239065 0.0137354 0.0394079
14 0.658358 0.382945 0.0238443 0.0589297
15 0.446097 0.418107 0.0220591 0.0677483
