23 0.465996 0.350715 0.0191149 0.0528197
3 0.736403 0.700522 0.0233044 0.0787781
4 0.0528239 0.327687 0.0194196 0.0567825
5 0.319078 0.247999 0.0238809 0.0481494
6 0.225135 0.401495 0.0194706 0.0526851
8 0.22436 0.336977 0.0179179 0.0508421
2 0.873361 0.474867 0.0248859 0.0680917
11 0.511031 0.26903 0.018187 0.0472534
20 0.659655 0.310213 0.0199987 0.0565806
9 0.372201 0.265293 0.0165373 0.0454946
21 0.821719 0.300171 0.0221036 0.057186
22 0.931315 0.381137 0.0223656 0.0661401
2 0.391457 0.478154 0.0264161 0.0588255
16 0.194391 0.503825 0.0225302 0.0651157
13 0.4949 0.215394 0.0136431 0.0405011
15 0.545393 0.450179 0.024748 0.0595464
12 0.385368 0.206655 0.0136338 0.0397991
14 0.670652 0.3869 0.0208683 0.0536203
8 0.248195 0.326023 0.0199755 0.0489449
13 0.480484 0.225736 0.0134981 0.0445488
12 0.364209 0.21082 0.020107 0.0433192
17 0.248397 0.326211 0.0201273 0.0497548
2 0.821546 0.300647 0.021224 0.055406
9 0.397612 0.336436 0.0261934 0.0562571
23 0.465996 0.350715 0.0191149 0.0528197
3 0.736403 0.700522 0.0233044 0.0787781
4 0.0528239 0.327687 0.0194196 0.0567825
5 0.319078 0.247999 0.0238809 0.0481494
6 0.225135 0.401495 0.0194706 0.0526851
8 0.22436 0.336977 0.0179179 0.0508421
2 0.873361 0.474867 0.0248859 0.0680917
11 0.511031 0.26903 0.018187 0.0472534
20 0.659655 0.310213 0.0199987 0.0565806
9 0.372201 0.265293 0.0165373 0.0454946
21 0.821719 0.300171 0.0221036 0.057186
22 0.931315 0.381137 0.0223656 0.0661401
2 0.391457 0.478154 0.0264161 0.0588255
16 0.194391 0.503825 0.0225302 0.0651157
13 0.4949 0.215394 0.0136431 0.0405011
15 0.545393 0.450179 0.024748 0.0595464
12 0.385368 0.206655 0.0136338 0.0397991
14 0.670652 0.3869 0.0208683 0.0536203
8 0.248195 0.326023 0.0199755 0.0489449
13 0.480484 0.225736 0.0134981 0.0445488
12 0.364209 0.21082 0.020107 0.0433192
17 0.248397 0.326211 0.0201273 0.0497548
2 0.821546 0.300647 0.021224 0.055406
9 0.397612 0.336436 0.0261934 0.0562571
23 0.465996 0.350715 0.0191149 0.0528197
3 0.736403 0.700522 0.0233044 0.0787781
4 0.0528239 0.327687 0.0194196 0.0567825
5 0.319078 0.247999 0.0238809 0.0481494
6 0.225135 0.401495 0.0194706 0.0526851
8 0.22436 0.336977 0.0179179 0.0508421
2 0.873361 0.474867 0.0248859 0.0680917
11 0.511031 0.26903 0.018187 0.0472534
20 0.659655 0.310213 0.0199987 0.0565806
9 0.372201 0.265293 0.0165373 0.0454946
21 0.821719 0.300171 0.0221036 0.057186
22 0.931315 0.381137 0.0223656 0.0661401
2 0.391457 0.478154 0.0264161 0.0588255
16 0.194391 0.503825 0.0225302 0.0651157
13 0.4949 0.215394 0.0136431 0.0405011
15 0.545393 0.450179 0.024748 0.0595464
12 0.385368 0.206655 0.0136338 0.0397991
14 0.670652 0.3869 0.0208683 0.0536203
8 0.248195 0.326023 0.0199755 0.0489449
13 0.480484 0.225736 0.0134981 0.0445488
12 0.364209 0.21082 0.020107 0.0433192
17 0.248397 0.326211 0.0201273 0.0497548
2 0.821546 0.300647 0.021224 0.055406
9 0.397612 0.336436 0.0261934 0.0562571
23 0.465996 0.350715 0.0191149 0.0528197
3 0.736403 0.700522 0.0233044 0.0787781
4 0.0528239 0.327687 0.0194196 0.0567825
5 0.319078 0.247999 0.0238809 0.0481494
6 0.225135 0.401495 0.0194706 0.0526851
8 0.22436 0.336977 0.0179179 0.0508421
2 0.873361 0.474867 0.0248859 0.0680917
11 0.511031 0.26903 0.018187 0.0472534
20 0.659655 0.310213 0.0199987 0.0565806
9 0.372201 0.265293 0.0165373 0.0454946
21 0.821719 0.300171 0.0221036 0.057186
22 0.931315 0.381137 0.0223656 0.0661401
2 0.391457 0.478154 0.0264161 0.0588255
16 0.194391 0.503825 0.0225302 0.0651157
13 0.4949 0.215394 0.0136431 0.0405011
15 0.545393 0.450179 0.024748 0.0595464
12 0.385368 0.206655 0.0136338 0.0397991
14 0.670652 0.3869 0.0208683 0.0536203
8 0.248195 0.326023 0.0199755 0.0489449
13 0.480484 0.225736 0.0134981 0.0445488
12 0.364209 0.21082 0.020107 0.0433192
17 0.248397 0.326211 0.0201273 0.0497548
2 0.821546 0.300647 0.021224 0.055406
9 0.397612 0.336436 0.0261934 0.0562571
