23 0.40832 0.39686 0.0230698 0.0597537
5 0.240294 0.21935 0.030271 0.0675977
3 0.686148 0.784716 0.0256297 0.0927117
13 0.536894 0.157212 0.0207531 0.0521431
2 0.874319 0.454803 0.0284996 0.0783042
3 0.184221 0.772438 0.03088 0.0852173
1 0.29861 0.107619 0.0181832 0.054184
22 0.900922 0.323524 0.0295422 0.0776147
9 0.173914 0.517697 0.0329267 0.0747955
9 0.493591 0.276341 0.018527 0.0603973
9 0.157251 0.438695 0.0214081 0.07145
7 0.49177 0.207667 0.0207748 0.0447689
23 0.40832 0.39686 0.0230698 0.0597537
5 0.240294 0.21935 0.030271 0.0675977
3 0.686148 0.784716 0.0256297 0.0927117
13 0.536894 0.157212 0.0207531 0.0521431
2 0.874319 0.454803 0.0284996 0.0783042
3 0.184221 0.772438 0.03088 0.0852173
1 0.29861 0.107619 0.0181832 0.054184
22 0.900922 0.323524 0.0295422 0.0776147
9 0.173914 0.517697 0.0329267 0.0747955
9 0.493591 0.276341 0.018527 0.0603973
9 0.157251 0.438695 0.0214081 0.07145
7 0.49177 0.207667 0.0207748 0.0447689
23 0.40832 0.39686 0.0230698 0.0597537
5 0.240294 0.21935 0.030271 0.0675977
3 0.686148 0.784716 0.0256297 0.0927117
13 0.536894 0.157212 0.0207531 0.0521431
2 0.874319 0.454803 0.0284996 0.0783042
3 0.184221 0.772438 0.03088 0.0852173
1 0.29861 0.107619 0.0181832 0.054184
22 0.900922 0.323524 0.0295422 0.0776147
9 0.173914 0.517697 0.0329267 0.0747955
9 0.493591 0.276341 0.018527 0.0603973
9 0.157251 0.438695 0.0214081 0.07145
7 0.49177 0.207667 0.0207748 0.0447689
23 0.40832 0.39686 0.0230698 0.0597537
5 0.240294 0.21935 0.030271 0.0675977
3 0.686148 0.784716 0.0256297 0.0927117
13 0.536894 0.157212 0.0207531 0.0521431
2 0.874319 0.454803 0.0284996 0.0783042
3 0.184221 0.772438 0.03088 0.0852173
1 0.29861 0.107619 0.0181832 0.054184
22 0.900922 0.323524 0.0295422 0.0776147
9 0.173914 0.517697 0.0329267 0.0747955
9 0.493591 0.276341 0.018527 0.0603973
9 0.157251 0.438695 0.0214081 0.07145
7 0.49177 0.207667 0.0207748 0.0447689
