23 0.409496 0.397358 0.0201671 0.0592428
5 0.242355 0.21976 0.0298365 0.0646109
3 0.685751 0.784208 0.0260996 0.092627
1 0.298985 0.10829 0.0217293 0.0539455
2 0.87266 0.454134 0.0269489 0.0773169
3 0.185857 0.774655 0.031246 0.0854465
22 0.901402 0.32297 0.0250607 0.078435
13 0.539991 0.158821 0.0201116 0.0508798
15 0.601687 0.47493 0.0260994 0.0721489
6 0.175664 0.517163 0.0344122 0.0743681
9 0.492751 0.276741 0.0186676 0.0591248
9 0.45078 0.242657 0.0271824 0.0571804
12 0.298948 0.108104 0.0229517 0.0549981
9 0.157096 0.440885 0.0216299 0.0708416
9 0.175447 0.51769 0.0339576 0.0754774
18 0.185895 0.774601 0.0305887 0.0871523
18 0.477432 0.55826 0.0267965 0.073904
23 0.409496 0.397358 0.0201671 0.0592428
5 0.242355 0.21976 0.0298365 0.0646109
3 0.685751 0.784208 0.0260996 0.092627
1 0.298985 0.10829 0.0217293 0.0539455
2 0.87266 0.454134 0.0269489 0.0773169
3 0.185857 0.774655 0.031246 0.0854465
22 0.901402 0.32297 0.0250607 0.078435
13 0.539991 0.158821 0.0201116 0.0508798
15 0.601687 0.47493 0.0260994 0.0721489
6 0.175664 0.517163 0.0344122 0.0743681
9 0.492751 0.276741 0.0186676 0.0591248
9 0.45078 0.242657 0.0271824 0.0571804
12 0.298948 0.108104 0.0229517 0.0549981
9 0.157096 0.440885 0.0216299 0.0708416
9 0.175447 0.51769 0.0339576 0.0754774
18 0.185895 0.774601 0.0305887 0.0871523
18 0.477432 0.55826 0.0267965 0.073904
23 0.409496 0.397358 0.0201671 0.0592428
5 0.242355 0.21976 0.0298365 0.0646109
3 0.685751 0.784208 0.0260996 0.092627
1 0.298985 0.10829 0.0217293 0.0539455
2 0.87266 0.454134 0.0269489 0.0773169
3 0.185857 0.774655 0.031246 0.0854465
22 0.901402 0.32297 0.0250607 0.078435
13 0.539991 0.158821 0.0201116 0.0508798
15 0.601687 0.47493 0.0260994 0.0721489
6 0.175664 0.517163 0.0344122 0.0743681
9 0.492751 0.276741 0.0186676 0.0591248
9 0.45078 0.242657 0.0271824 0.0571804
12 0.298948 0.108104 0.0229517 0.0549981
9 0.157096 0.440885 0.0216299 0.0708416
9 0.175447 0.51769 0.0339576 0.0754774
18 0.185895 0.774601 0.0305887 0.0871523
18 0.477432 0.55826 0.0267965 0.073904
23 0.409496 0.397358 0.0201671 0.0592428
5 0.242355 0.21976 0.0298365 0.0646109
3 0.685751 0.784208 0.0260996 0.092627
1 0.298985 0.10829 0.0217293 0.0539455
2 0.87266 0.454134 0.0269489 0.0773169
3 0.185857 0.774655 0.031246 0.0854465
22 0.901402 0.32297 0.0250607 0.078435
13 0.539991 0.158821 0.0201116 0.0508798
15 0.601687 0.47493 0.0260994 0.0721489
6 0.175664 0.517163 0.0344122 0.0743681
9 0.492751 0.276741 0.0186676 0.0591248
9 0.45078 0.242657 0.0271824 0.0571804
12 0.298948 0.108104 0.0229517 0.0549981
9 0.157096 0.440885 0.0216299 0.0708416
9 0.175447 0.51769 0.0339576 0.0754774
18 0.185895 0.774601 0.0305887 0.0871523
18 0.477432 0.55826 0.0267965 0.073904
