4 0.0766649 0.322649 0.0198161 0.0548887
5 0.31883 0.246496 0.0216635 0.0467485
3 0.742342 0.691386 0.0269939 0.0753775
2 0.87561 0.473639 0.0238464 0.0667562
9 0.365921 0.261354 0.0194204 0.0407247
6 0.224748 0.390059 0.0260132 0.0540195
16 0.192336 0.481198 0.0276436 0.0614917
23 0.473996 0.339178 0.0186214 0.0527323
8 0.233674 0.324684 0.0131585 0.0430762
12 0.372417 0.201296 0.0124178 0.0375369
15 0.53193 0.441245 0.0232986 0.0595903
18 0.379995 0.471198 0.0277305 0.0580366
20 0.674787 0.308827 0.0189542 0.0544943
2 0.829897 0.301284 0.0210312 0.056628
21 0.829409 0.301236 0.0215613 0.0575367
22 0.945733 0.383644 0.0211388 0.0650113
20 0.945674 0.383796 0.0212112 0.0652851
8 0.246615 0.306297 0.0153293 0.0429162
4 0.0766649 0.322649 0.0198161 0.0548887
5 0.31883 0.246496 0.0216635 0.0467485
3 0.742342 0.691386 0.0269939 0.0753775
2 0.87561 0.473639 0.0238464 0.0667562
9 0.365921 0.261354 0.0194204 0.0407247
6 0.224748 0.390059 0.0260132 0.0540195
16 0.192336 0.481198 0.0276436 0.0614917
23 0.473996 0.339178 0.0186214 0.0527323
8 0.233674 0.324684 0.0131585 0.0430762
12 0.372417 0.201296 0.0124178 0.0375369
15 0.53193 0.441245 0.0232986 0.0595903
18 0.379995 0.471198 0.0277305 0.0580366
20 0.674787 0.308827 0.0189542 0.0544943
2 0.829897 0.301284 0.0210312 0.056628
21 0.829409 0.301236 0.0215613 0.0575367
22 0.945733 0.383644 0.0211388 0.0650113
20 0.945674 0.383796 0.0212112 0.0652851
8 0.246615 0.306297 0.0153293 0.0429162
4 0.0766649 0.322649 0.0198161 0.0548887
5 0.31883 0.246496 0.0216635 0.0467485
3 0.742342 0.691386 0.0269939 0.0753775
2 0.87561 0.473639 0.0238464 0.0667562
9 0.365921 0.261354 0.0194204 0.0407247
6 0.224748 0.390059 0.0260132 0.0540195
16 0.192336 0.481198 0.0276436 0.0614917
23 0.473996 0.339178 0.0186214 0.0527323
8 0.233674 0.324684 0.0131585 0.0430762
12 0.372417 0.201296 0.0124178 0.0375369
15 0.53193 0.441245 0.0232986 0.0595903
18 0.379995 0.471198 0.0277305 0.0580366
20 0.674787 0.308827 0.0189542 0.0544943
2 0.829897 0.301284 0.0210312 0.056628
21 0.829409 0.301236 0.0215613 0.0575367
22 0.945733 0.383644 0.0211388 0.0650113
20 0.945674 0.383796 0.0212112 0.0652851
8 0.246615 0.306297 0.0153293 0.0429162
4 0.0766649 0.322649 0.0198161 0.0548887
5 0.31883 0.246496 0.0216635 0.0467485
3 0.742342 0.691386 0.0269939 0.0753775
2 0.87561 0.473639 0.0238464 0.0667562
9 0.365921 0.261354 0.0194204 0.0407247
6 0.224748 0.390059 0.0260132 0.0540195
16 0.192336 0.481198 0.0276436 0.0614917
23 0.473996 0.339178 0.0186214 0.0527323
8 0.233674 0.324684 0.0131585 0.0430762
12 0.372417 0.201296 0.0124178 0.0375369
15 0.53193 0.441245 0.0232986 0.0595903
18 0.379995 0.471198 0.0277305 0.0580366
20 0.674787 0.308827 0.0189542 0.0544943
2 0.829897 0.301284 0.0210312 0.056628
21 0.829409 0.301236 0.0215613 0.0575367
22 0.945733 0.383644 0.0211388 0.0650113
20 0.945674 0.383796 0.0212112 0.0652851
8 0.246615 0.306297 0.0153293 0.0429162
