23 0.457768 0.369388 0.0185595 0.0552767
16 0.196827 0.536594 0.0270039 0.0597187
5 0.319455 0.252303 0.0274978 0.052279
3 0.731496 0.710648 0.0258564 0.0796939
11 0.510701 0.272325 0.0192673 0.0444736
6 0.231856 0.419554 0.0236454 0.0568609
4 0.0202705 0.335187 0.0188051 0.0631785
20 0.638432 0.312008 0.0185091 0.0577037
8 0.219919 0.358836 0.0201575 0.0496565
13 0.504801 0.218547 0.0143816 0.0422425
7 0.385353 0.271056 0.0239823 0.0468735
12 0.36972 0.207398 0.02079 0.0439354
12 0.401474 0.214921 0.0153518 0.0456286
21 0.809898 0.299016 0.0205238 0.054957
2 0.869737 0.479239 0.0215427 0.0695264
18 0.406497 0.492082 0.0273083 0.0590167
14 0.659417 0.387239 0.0198467 0.0532444
15 0.406629 0.491555 0.0253691 0.0570104
12 0.35198 0.146545 0.0150592 0.0324829
9 0.404448 0.346734 0.0206643 0.0569958
22 0.915114 0.380703 0.02211 0.0664812
13 0.485688 0.223753 0.0161949 0.0451466
15 0.565555 0.457968 0.0241947 0.0564622
20 0.915603 0.380673 0.0221227 0.064296
17 0.249933 0.351415 0.0188252 0.0446048
23 0.457768 0.369388 0.0185595 0.0552767
16 0.196827 0.536594 0.0270039 0.0597187
5 0.319455 0.252303 0.0274978 0.052279
3 0.731496 0.710648 0.0258564 0.0796939
11 0.510701 0.272325 0.0192673 0.0444736
6 0.231856 0.419554 0.0236454 0.0568609
4 0.0202705 0.335187 0.0188051 0.0631785
20 0.638432 0.312008 0.0185091 0.0577037
8 0.219919 0.358836 0.0201575 0.0496565
13 0.504801 0.218547 0.0143816 0.0422425
7 0.385353 0.271056 0.0239823 0.0468735
12 0.36972 0.207398 0.02079 0.0439354
12 0.401474 0.214921 0.0153518 0.0456286
21 0.809898 0.299016 0.0205238 0.054957
2 0.869737 0.479239 0.0215427 0.0695264
18 0.406497 0.492082 0.0273083 0.0590167
14 0.659417 0.387239 0.0198467 0.0532444
15 0.406629 0.491555 0.0253691 0.0570104
12 0.35198 0.146545 0.0150592 0.0324829
9 0.404448 0.346734 0.0206643 0.0569958
22 0.915114 0.380703 0.02211 0.0664812
13 0.485688 0.223753 0.0161949 0.0451466
15 0.565555 0.457968 0.0241947 0.0564622
20 0.915603 0.380673 0.0221227 0.064296
17 0.249933 0.351415 0.0188252 0.0446048
23 0.457768 0.369388 0.0185595 0.0552767
16 0.196827 0.536594 0.0270039 0.0597187
5 0.319455 0.252303 0.0274978 0.052279
3 0.731496 0.710648 0.0258564 0.0796939
11 0.510701 0.272325 0.0192673 0.0444736
6 0.231856 0.419554 0.0236454 0.0568609
4 0.0202705 0.335187 0.0188051 0.0631785
20 0.638432 0.312008 0.0185091 0.0577037
8 0.219919 0.358836 0.0201575 0.0496565
13 0.504801 0.218547 0.0143816 0.0422425
7 0.385353 0.271056 0.0239823 0.0468735
12 0.36972 0.207398 0.02079 0.0439354
12 0.401474 0.214921 0.0153518 0.0456286
21 0.809898 0.299016 0.0205238 0.054957
2 0.869737 0.479239 0.0215427 0.0695264
18 0.406497 0.492082 0.0273083 0.0590167
14 0.659417 0.387239 0.0198467 0.0532444
15 0.406629 0.491555 0.0253691 0.0570104
12 0.35198 0.146545 0.0150592 0.0324829
9 0.404448 0.346734 0.0206643 0.0569958
22 0.915114 0.380703 0.02211 0.0664812
13 0.485688 0.223753 0.0161949 0.0451466
15 0.565555 0.457968 0.0241947 0.0564622
20 0.915603 0.380673 0.0221227 0.064296
17 0.249933 0.351415 0.0188252 0.0446048
23 0.457768 0.369388 0.0185595 0.0552767
16 0.196827 0.536594 0.0270039 0.0597187
5 0.319455 0.252303 0.0274978 0.052279
3 0.731496 0.710648 0.0258564 0.0796939
11 0.510701 0.272325 0.0192673 0.0444736
6 0.231856 0.419554 0.0236454 0.0568609
4 0.0202705 0.335187 0.0188051 0.0631785
20 0.638432 0.312008 0.0185091 0.0577037
8 0.219919 0.358836 0.0201575 0.0496565
13 0.504801 0.218547 0.0143816 0.0422425
7 0.385353 0.271056 0.0239823 0.0468735
12 0.36972 0.207398 0.02079 0.0439354
12 0.401474 0.214921 0.0153518 0.0456286
21 0.809898 0.299016 0.0205238 0.054957
2 0.869737 0.479239 0.0215427 0.0695264
18 0.406497 0.492082 0.0273083 0.0590167
14 0.659417 0.387239 0.0198467 0.0532444
15 0.406629 0.491555 0.0253691 0.0570104
12 0.35198 0.146545 0.0150592 0.0324829
9 0.404448 0.346734 0.0206643 0.0569958
22 0.915114 0.380703 0.02211 0.0664812
13 0.485688 0.223753 0.0161949 0.0451466
15 0.565555 0.457968 0.0241947 0.0564622
20 0.915603 0.380673 0.0221227 0.064296
17 0.249933 0.351415 0.0188252 0.0446048
