23 0.460335 0.312089 0.0164804 0.0466102
5 0.28418 0.241501 0.0296177 0.0426941
16 0.15237 0.417518 0.0222373 0.0536401
3 0.725123 0.664641 0.0244328 0.0757852
4 0.10468 0.310919 0.019982 0.0517816
12 0.302704 0.193214 0.0160674 0.0375973
6 0.185816 0.369166 0.0232621 0.0540398
6 0.240412 0.303724 0.0204053 0.0420487
20 0.68219 0.305013 0.0196407 0.0580632
2 0.843272 0.462646 0.0229076 0.0715708
15 0.459201 0.419305 0.0226677 0.0613558
2 0.81912 0.297102 0.0203159 0.0561486
22 0.946092 0.385098 0.0210548 0.0687892
21 0.818609 0.296899 0.0205015 0.0587797
13 0.429338 0.212074 0.0168348 0.0457984
10 0.456584 0.220417 0.01662 0.0475243
1 0.322872 0.227642 0.013688 0.0406202
14 0.656282 0.381808 0.0221985 0.0563989
23 0.460335 0.312089 0.0164804 0.0466102
5 0.28418 0.241501 0.0296177 0.0426941
16 0.15237 0.417518 0.0222373 0.0536401
3 0.725123 0.664641 0.0244328 0.0757852
4 0.10468 0.310919 0.019982 0.0517816
12 0.302704 0.193214 0.0160674 0.0375973
6 0.185816 0.369166 0.0232621 0.0540398
6 0.240412 0.303724 0.0204053 0.0420487
20 0.68219 0.305013 0.0196407 0.0580632
2 0.843272 0.462646 0.0229076 0.0715708
15 0.459201 0.419305 0.0226677 0.0613558
2 0.81912 0.297102 0.0203159 0.0561486
22 0.946092 0.385098 0.0210548 0.0687892
21 0.818609 0.296899 0.0205015 0.0587797
13 0.429338 0.212074 0.0168348 0.0457984
10 0.456584 0.220417 0.01662 0.0475243
1 0.322872 0.227642 0.013688 0.0406202
14 0.656282 0.381808 0.0221985 0.0563989
23 0.460335 0.312089 0.0164804 0.0466102
5 0.28418 0.241501 0.0296177 0.0426941
16 0.15237 0.417518 0.0222373 0.0536401
3 0.725123 0.664641 0.0244328 0.0757852
4 0.10468 0.310919 0.019982 0.0517816
12 0.302704 0.193214 0.0160674 0.0375973
6 0.185816 0.369166 0.0232621 0.0540398
6 0.240412 0.303724 0.0204053 0.0420487
20 0.68219 0.305013 0.0196407 0.0580632
2 0.843272 0.462646 0.0229076 0.0715708
15 0.459201 0.419305 0.0226677 0.0613558
2 0.81912 0.297102 0.0203159 0.0561486
22 0.946092 0.385098 0.0210548 0.0687892
21 0.818609 0.296899 0.0205015 0.0587797
13 0.429338 0.212074 0.0168348 0.0457984
10 0.456584 0.220417 0.01662 0.0475243
1 0.322872 0.227642 0.013688 0.0406202
14 0.656282 0.381808 0.0221985 0.0563989
23 0.460335 0.312089 0.0164804 0.0466102
5 0.28418 0.241501 0.0296177 0.0426941
16 0.15237 0.417518 0.0222373 0.0536401
3 0.725123 0.664641 0.0244328 0.0757852
4 0.10468 0.310919 0.019982 0.0517816
12 0.302704 0.193214 0.0160674 0.0375973
6 0.185816 0.369166 0.0232621 0.0540398
6 0.240412 0.303724 0.0204053 0.0420487
20 0.68219 0.305013 0.0196407 0.0580632
2 0.843272 0.462646 0.0229076 0.0715708
15 0.459201 0.419305 0.0226677 0.0613558
2 0.81912 0.297102 0.0203159 0.0561486
22 0.946092 0.385098 0.0210548 0.0687892
21 0.818609 0.296899 0.0205015 0.0587797
13 0.429338 0.212074 0.0168348 0.0457984
10 0.456584 0.220417 0.01662 0.0475243
1 0.322872 0.227642 0.013688 0.0406202
14 0.656282 0.381808 0.0221985 0.0563989
