23 0.460371 0.361041 0.0188646 0.0513075
1 0.368712 0.207579 0.0146224 0.0417664
0 0.357963 0.225498 0.0076882 0.0172529
3 0.734843 0.705779 0.0271862 0.0796015
1 0.396694 0.212278 0.0201128 0.0420995
9 0.379725 0.271452 0.0180388 0.0466794
4 0.0313706 0.332795 0.018203 0.0601485
16 0.195404 0.528381 0.0230037 0.0663899
11 0.510712 0.270131 0.0176397 0.0483676
2 0.870591 0.476048 0.025227 0.0647573
20 0.644779 0.310528 0.0179768 0.054315
21 0.81263 0.301483 0.0222889 0.0522077
8 0.21828 0.356362 0.0176304 0.0554353
6 0.227481 0.413644 0.0200824 0.0542316
9 0.401502 0.344456 0.0262922 0.0559482
10 0.482731 0.225299 0.0182434 0.0455881
5 0.317298 0.252404 0.0199238 0.0472037
22 0.919742 0.380608 0.0223736 0.0652369
14 0.662804 0.386785 0.0204021 0.0548467
15 0.556889 0.461564 0.0230423 0.0692932
13 0.483476 0.22479 0.0167119 0.0452714
18 0.40086 0.488295 0.0315605 0.0591994
23 0.460371 0.361041 0.0188646 0.0513075
1 0.368712 0.207579 0.0146224 0.0417664
0 0.357963 0.225498 0.0076882 0.0172529
3 0.734843 0.705779 0.0271862 0.0796015
1 0.396694 0.212278 0.0201128 0.0420995
9 0.379725 0.271452 0.0180388 0.0466794
4 0.0313706 0.332795 0.018203 0.0601485
16 0.195404 0.528381 0.0230037 0.0663899
11 0.510712 0.270131 0.0176397 0.0483676
2 0.870591 0.476048 0.025227 0.0647573
20 0.644779 0.310528 0.0179768 0.054315
21 0.81263 0.301483 0.0222889 0.0522077
8 0.21828 0.356362 0.0176304 0.0554353
6 0.227481 0.413644 0.0200824 0.0542316
9 0.401502 0.344456 0.0262922 0.0559482
10 0.482731 0.225299 0.0182434 0.0455881
5 0.317298 0.252404 0.0199238 0.0472037
22 0.919742 0.380608 0.0223736 0.0652369
14 0.662804 0.386785 0.0204021 0.0548467
15 0.556889 0.461564 0.0230423 0.0692932
13 0.483476 0.22479 0.0167119 0.0452714
18 0.40086 0.488295 0.0315605 0.0591994
23 0.460371 0.361041 0.0188646 0.0513075
1 0.368712 0.207579 0.0146224 0.0417664
0 0.357963 0.225498 0.0076882 0.0172529
3 0.734843 0.705779 0.0271862 0.0796015
1 0.396694 0.212278 0.0201128 0.0420995
9 0.379725 0.271452 0.0180388 0.0466794
4 0.0313706 0.332795 0.018203 0.0601485
16 0.195404 0.528381 0.0230037 0.0663899
11 0.510712 0.270131 0.0176397 0.0483676
2 0.870591 0.476048 0.025227 0.0647573
20 0.644779 0.310528 0.0179768 0.054315
21 0.81263 0.301483 0.0222889 0.0522077
8 0.21828 0.356362 0.0176304 0.0554353
6 0.227481 0.413644 0.0200824 0.0542316
9 0.401502 0.344456 0.0262922 0.0559482
10 0.482731 0.225299 0.0182434 0.0455881
5 0.317298 0.252404 0.0199238 0.0472037
22 0.919742 0.380608 0.0223736 0.0652369
14 0.662804 0.386785 0.0204021 0.0548467
15 0.556889 0.461564 0.0230423 0.0692932
13 0.483476 0.22479 0.0167119 0.0452714
18 0.40086 0.488295 0.0315605 0.0591994
23 0.460371 0.361041 0.0188646 0.0513075
1 0.368712 0.207579 0.0146224 0.0417664
0 0.357963 0.225498 0.0076882 0.0172529
3 0.734843 0.705779 0.0271862 0.0796015
1 0.396694 0.212278 0.0201128 0.0420995
9 0.379725 0.271452 0.0180388 0.0466794
4 0.0313706 0.332795 0.018203 0.0601485
16 0.195404 0.528381 0.0230037 0.0663899
11 0.510712 0.270131 0.0176397 0.0483676
2 0.870591 0.476048 0.025227 0.0647573
20 0.644779 0.310528 0.0179768 0.054315
21 0.81263 0.301483 0.0222889 0.0522077
8 0.21828 0.356362 0.0176304 0.0554353
6 0.227481 0.413644 0.0200824 0.0542316
9 0.401502 0.344456 0.0262922 0.0559482
10 0.482731 0.225299 0.0182434 0.0455881
5 0.317298 0.252404 0.0199238 0.0472037
22 0.919742 0.380608 0.0223736 0.0652369
14 0.662804 0.386785 0.0204021 0.0548467
15 0.556889 0.461564 0.0230423 0.0692932
13 0.483476 0.22479 0.0167119 0.0452714
18 0.40086 0.488295 0.0315605 0.0591994
