5 0.282923 0.238803 0.0263789 0.0537043
6 0.209089 0.445218 0.0279336 0.0526831
1 0.348107 0.172174 0.0143328 0.0440328
12 0.411663 0.199028 0.017949 0.0471889
9 0.393632 0.349163 0.0274239 0.0622631
3 0.713502 0.734145 0.025935 0.0828093
16 0.173334 0.613406 0.027333 0.0704252
11 0.498166 0.251966 0.0187813 0.0443604
21 0.791819 0.278264 0.0217312 0.0583216
2 0.871917 0.471225 0.0276447 0.0684698
15 0.581323 0.468088 0.0272491 0.0621943
22 0.894383 0.361742 0.0246414 0.0692713
20 0.582385 0.298933 0.0200755 0.0617902
8 0.195806 0.366335 0.0175211 0.0578988
8 0.211307 0.391863 0.0202406 0.0510935
18 0.416018 0.519356 0.0261003 0.0656776
20 0.791362 0.278349 0.0217801 0.0576057
13 0.50716 0.197967 0.0160538 0.0443691
14 0.629792 0.377354 0.0206936 0.0596741
17 0.195599 0.367001 0.0172459 0.0578932
13 0.478214 0.20715 0.0179066 0.0504982
23 0.428731 0.378345 0.0196223 0.0534881
7 0.390487 0.268366 0.022311 0.0512032
5 0.282923 0.238803 0.0263789 0.0537043
6 0.209089 0.445218 0.0279336 0.0526831
1 0.348107 0.172174 0.0143328 0.0440328
12 0.411663 0.199028 0.017949 0.0471889
9 0.393632 0.349163 0.0274239 0.0622631
3 0.713502 0.734145 0.025935 0.0828093
16 0.173334 0.613406 0.027333 0.0704252
11 0.498166 0.251966 0.0187813 0.0443604
21 0.791819 0.278264 0.0217312 0.0583216
2 0.871917 0.471225 0.0276447 0.0684698
15 0.581323 0.468088 0.0272491 0.0621943
22 0.894383 0.361742 0.0246414 0.0692713
20 0.582385 0.298933 0.0200755 0.0617902
8 0.195806 0.366335 0.0175211 0.0578988
8 0.211307 0.391863 0.0202406 0.0510935
18 0.416018 0.519356 0.0261003 0.0656776
20 0.791362 0.278349 0.0217801 0.0576057
13 0.50716 0.197967 0.0160538 0.0443691
14 0.629792 0.377354 0.0206936 0.0596741
17 0.195599 0.367001 0.0172459 0.0578932
13 0.478214 0.20715 0.0179066 0.0504982
23 0.428731 0.378345 0.0196223 0.0534881
7 0.390487 0.268366 0.022311 0.0512032
5 0.282923 0.238803 0.0263789 0.0537043
6 0.209089 0.445218 0.0279336 0.0526831
1 0.348107 0.172174 0.0143328 0.0440328
12 0.411663 0.199028 0.017949 0.0471889
9 0.393632 0.349163 0.0274239 0.0622631
3 0.713502 0.734145 0.025935 0.0828093
16 0.173334 0.613406 0.027333 0.0704252
11 0.498166 0.251966 0.0187813 0.0443604
21 0.791819 0.278264 0.0217312 0.0583216
2 0.871917 0.471225 0.0276447 0.0684698
15 0.581323 0.468088 0.0272491 0.0621943
22 0.894383 0.361742 0.0246414 0.0692713
20 0.582385 0.298933 0.0200755 0.0617902
8 0.195806 0.366335 0.0175211 0.0578988
8 0.211307 0.391863 0.0202406 0.0510935
18 0.416018 0.519356 0.0261003 0.0656776
20 0.791362 0.278349 0.0217801 0.0576057
13 0.50716 0.197967 0.0160538 0.0443691
14 0.629792 0.377354 0.0206936 0.0596741
17 0.195599 0.367001 0.0172459 0.0578932
13 0.478214 0.20715 0.0179066 0.0504982
23 0.428731 0.378345 0.0196223 0.0534881
7 0.390487 0.268366 0.022311 0.0512032
5 0.282923 0.238803 0.0263789 0.0537043
6 0.209089 0.445218 0.0279336 0.0526831
1 0.348107 0.172174 0.0143328 0.0440328
12 0.411663 0.199028 0.017949 0.0471889
9 0.393632 0.349163 0.0274239 0.0622631
3 0.713502 0.734145 0.025935 0.0828093
16 0.173334 0.613406 0.027333 0.0704252
11 0.498166 0.251966 0.0187813 0.0443604
21 0.791819 0.278264 0.0217312 0.0583216
2 0.871917 0.471225 0.0276447 0.0684698
15 0.581323 0.468088 0.0272491 0.0621943
22 0.894383 0.361742 0.0246414 0.0692713
20 0.582385 0.298933 0.0200755 0.0617902
8 0.195806 0.366335 0.0175211 0.0578988
8 0.211307 0.391863 0.0202406 0.0510935
18 0.416018 0.519356 0.0261003 0.0656776
20 0.791362 0.278349 0.0217801 0.0576057
13 0.50716 0.197967 0.0160538 0.0443691
14 0.629792 0.377354 0.0206936 0.0596741
17 0.195599 0.367001 0.0172459 0.0578932
13 0.478214 0.20715 0.0179066 0.0504982
23 0.428731 0.378345 0.0196223 0.0534881
7 0.390487 0.268366 0.022311 0.0512032
