23 0.457482 0.370691 0.0180579 0.0571616
5 0.319766 0.252358 0.0279639 0.0535194
3 0.730852 0.709689 0.0265335 0.0776374
16 0.19724 0.539482 0.0278435 0.0632436
11 0.510536 0.271379 0.0206259 0.0467775
6 0.232207 0.418956 0.0207204 0.0577533
7 0.385396 0.27118 0.0222438 0.0464085
20 0.636687 0.311897 0.0185469 0.0576954
4 0.0173346 0.335324 0.0184207 0.0634023
12 0.369639 0.205962 0.0205422 0.0439491
21 0.808905 0.299699 0.0207682 0.0548665
8 0.219004 0.360391 0.0177125 0.0509026
12 0.402392 0.214147 0.0167005 0.0440819
13 0.505098 0.218959 0.0123779 0.0422202
12 0.351473 0.14676 0.014894 0.0318154
9 0.404464 0.346437 0.0237869 0.0557161
18 0.406167 0.492874 0.0272975 0.058788
14 0.659607 0.386455 0.0205344 0.0542383
15 0.406322 0.492826 0.0251202 0.0565237
2 0.86964 0.476596 0.0214691 0.0670769
16 0.0173304 0.335385 0.0192 0.0618401
15 0.56706 0.459842 0.0228119 0.0581868
22 0.91454 0.380819 0.0218536 0.0655499
13 0.486088 0.224698 0.0160954 0.0449291
17 0.249632 0.351492 0.0195673 0.0441077
20 0.914866 0.380455 0.0223589 0.0636276
23 0.457482 0.370691 0.0180579 0.0571616
5 0.319766 0.252358 0.0279639 0.0535194
3 0.730852 0.709689 0.0265335 0.0776374
16 0.19724 0.539482 0.0278435 0.0632436
11 0.510536 0.271379 0.0206259 0.0467775
6 0.232207 0.418956 0.0207204 0.0577533
7 0.385396 0.27118 0.0222438 0.0464085
20 0.636687 0.311897 0.0185469 0.0576954
4 0.0173346 0.335324 0.0184207 0.0634023
12 0.369639 0.205962 0.0205422 0.0439491
21 0.808905 0.299699 0.0207682 0.0548665
8 0.219004 0.360391 0.0177125 0.0509026
12 0.402392 0.214147 0.0167005 0.0440819
13 0.505098 0.218959 0.0123779 0.0422202
12 0.351473 0.14676 0.014894 0.0318154
9 0.404464 0.346437 0.0237869 0.0557161
18 0.406167 0.492874 0.0272975 0.058788
14 0.659607 0.386455 0.0205344 0.0542383
15 0.406322 0.492826 0.0251202 0.0565237
2 0.86964 0.476596 0.0214691 0.0670769
16 0.0173304 0.335385 0.0192 0.0618401
15 0.56706 0.459842 0.0228119 0.0581868
22 0.91454 0.380819 0.0218536 0.0655499
13 0.486088 0.224698 0.0160954 0.0449291
17 0.249632 0.351492 0.0195673 0.0441077
20 0.914866 0.380455 0.0223589 0.0636276
23 0.457482 0.370691 0.0180579 0.0571616
5 0.319766 0.252358 0.0279639 0.0535194
3 0.730852 0.709689 0.0265335 0.0776374
16 0.19724 0.539482 0.0278435 0.0632436
11 0.510536 0.271379 0.0206259 0.0467775
6 0.232207 0.418956 0.0207204 0.0577533
7 0.385396 0.27118 0.0222438 0.0464085
20 0.636687 0.311897 0.0185469 0.0576954
4 0.0173346 0.335324 0.0184207 0.0634023
12 0.369639 0.205962 0.0205422 0.0439491
21 0.808905 0.299699 0.0207682 0.0548665
8 0.219004 0.360391 0.0177125 0.0509026
12 0.402392 0.214147 0.0167005 0.0440819
13 0.505098 0.218959 0.0123779 0.0422202
12 0.351473 0.14676 0.014894 0.0318154
9 0.404464 0.346437 0.0237869 0.0557161
18 0.406167 0.492874 0.0272975 0.058788
14 0.659607 0.386455 0.0205344 0.0542383
15 0.406322 0.492826 0.0251202 0.0565237
2 0.86964 0.476596 0.0214691 0.0670769
16 0.0173304 0.335385 0.0192 0.0618401
15 0.56706 0.459842 0.0228119 0.0581868
22 0.91454 0.380819 0.0218536 0.0655499
13 0.486088 0.224698 0.0160954 0.0449291
17 0.249632 0.351492 0.0195673 0.0441077
20 0.914866 0.380455 0.0223589 0.0636276
23 0.457482 0.370691 0.0180579 0.0571616
5 0.319766 0.252358 0.0279639 0.0535194
3 0.730852 0.709689 0.0265335 0.0776374
16 0.19724 0.539482 0.0278435 0.0632436
11 0.510536 0.271379 0.0206259 0.0467775
6 0.232207 0.418956 0.0207204 0.0577533
7 0.385396 0.27118 0.0222438 0.0464085
20 0.636687 0.311897 0.0185469 0.0576954
4 0.0173346 0.335324 0.0184207 0.0634023
12 0.369639 0.205962 0.0205422 0.0439491
21 0.808905 0.299699 0.0207682 0.0548665
8 0.219004 0.360391 0.0177125 0.0509026
12 0.402392 0.214147 0.0167005 0.0440819
13 0.505098 0.218959 0.0123779 0.0422202
12 0.351473 0.14676 0.014894 0.0318154
9 0.404464 0.346437 0.0237869 0.0557161
18 0.406167 0.492874 0.0272975 0.058788
14 0.659607 0.386455 0.0205344 0.0542383
15 0.406322 0.492826 0.0251202 0.0565237
2 0.86964 0.476596 0.0214691 0.0670769
16 0.0173304 0.335385 0.0192 0.0618401
15 0.56706 0.459842 0.0228119 0.0581868
22 0.91454 0.380819 0.0218536 0.0655499
13 0.486088 0.224698 0.0160954 0.0449291
17 0.249632 0.351492 0.0195673 0.0441077
20 0.914866 0.380455 0.0223589 0.0636276
