23 0.45989 0.36131 0.0177739 0.0509316
3 0.733956 0.708469 0.0266029 0.0773383
16 0.194892 0.531833 0.0251215 0.0631519
5 0.318626 0.253631 0.0221351 0.0482269
1 0.3689 0.207336 0.0141868 0.0411024
1 0.397949 0.213071 0.0198942 0.0413921
4 0.0287626 0.333434 0.0173773 0.0615022
6 0.229837 0.416674 0.0195757 0.0544781
11 0.510044 0.27005 0.0160197 0.0475213
8 0.218257 0.358321 0.0183008 0.0560769
0 0.357876 0.224764 0.00772543 0.0180649
2 0.871123 0.477419 0.0237476 0.0672306
21 0.812353 0.298886 0.0226148 0.0541115
12 0.398019 0.213802 0.0201996 0.0431157
9 0.380231 0.271139 0.0205849 0.0458056
20 0.642769 0.310719 0.0202176 0.0565957
9 0.403018 0.343366 0.0242842 0.0552874
10 0.482844 0.224708 0.0172491 0.0452076
22 0.918434 0.379448 0.0226902 0.0673803
13 0.502474 0.215679 0.0164635 0.0397994
14 0.661353 0.386837 0.0198289 0.0558724
18 0.401901 0.488332 0.0314782 0.0574676
15 0.559112 0.458833 0.0226336 0.0616896
23 0.45989 0.36131 0.0177739 0.0509316
3 0.733956 0.708469 0.0266029 0.0773383
16 0.194892 0.531833 0.0251215 0.0631519
5 0.318626 0.253631 0.0221351 0.0482269
1 0.3689 0.207336 0.0141868 0.0411024
1 0.397949 0.213071 0.0198942 0.0413921
4 0.0287626 0.333434 0.0173773 0.0615022
6 0.229837 0.416674 0.0195757 0.0544781
11 0.510044 0.27005 0.0160197 0.0475213
8 0.218257 0.358321 0.0183008 0.0560769
0 0.357876 0.224764 0.00772543 0.0180649
2 0.871123 0.477419 0.0237476 0.0672306
21 0.812353 0.298886 0.0226148 0.0541115
12 0.398019 0.213802 0.0201996 0.0431157
9 0.380231 0.271139 0.0205849 0.0458056
20 0.642769 0.310719 0.0202176 0.0565957
9 0.403018 0.343366 0.0242842 0.0552874
10 0.482844 0.224708 0.0172491 0.0452076
22 0.918434 0.379448 0.0226902 0.0673803
13 0.502474 0.215679 0.0164635 0.0397994
14 0.661353 0.386837 0.0198289 0.0558724
18 0.401901 0.488332 0.0314782 0.0574676
15 0.559112 0.458833 0.0226336 0.0616896
23 0.45989 0.36131 0.0177739 0.0509316
3 0.733956 0.708469 0.0266029 0.0773383
16 0.194892 0.531833 0.0251215 0.0631519
5 0.318626 0.253631 0.0221351 0.0482269
1 0.3689 0.207336 0.0141868 0.0411024
1 0.397949 0.213071 0.0198942 0.0413921
4 0.0287626 0.333434 0.0173773 0.0615022
6 0.229837 0.416674 0.0195757 0.0544781
11 0.510044 0.27005 0.0160197 0.0475213
8 0.218257 0.358321 0.0183008 0.0560769
0 0.357876 0.224764 0.00772543 0.0180649
2 0.871123 0.477419 0.0237476 0.0672306
21 0.812353 0.298886 0.0226148 0.0541115
12 0.398019 0.213802 0.0201996 0.0431157
9 0.380231 0.271139 0.0205849 0.0458056
20 0.642769 0.310719 0.0202176 0.0565957
9 0.403018 0.343366 0.0242842 0.0552874
10 0.482844 0.224708 0.0172491 0.0452076
22 0.918434 0.379448 0.0226902 0.0673803
13 0.502474 0.215679 0.0164635 0.0397994
14 0.661353 0.386837 0.0198289 0.0558724
18 0.401901 0.488332 0.0314782 0.0574676
15 0.559112 0.458833 0.0226336 0.0616896
23 0.45989 0.36131 0.0177739 0.0509316
3 0.733956 0.708469 0.0266029 0.0773383
16 0.194892 0.531833 0.0251215 0.0631519
5 0.318626 0.253631 0.0221351 0.0482269
1 0.3689 0.207336 0.0141868 0.0411024
1 0.397949 0.213071 0.0198942 0.0413921
4 0.0287626 0.333434 0.0173773 0.0615022
6 0.229837 0.416674 0.0195757 0.0544781
11 0.510044 0.27005 0.0160197 0.0475213
8 0.218257 0.358321 0.0183008 0.0560769
0 0.357876 0.224764 0.00772543 0.0180649
2 0.871123 0.477419 0.0237476 0.0672306
21 0.812353 0.298886 0.0226148 0.0541115
12 0.398019 0.213802 0.0201996 0.0431157
9 0.380231 0.271139 0.0205849 0.0458056
20 0.642769 0.310719 0.0202176 0.0565957
9 0.403018 0.343366 0.0242842 0.0552874
10 0.482844 0.224708 0.0172491 0.0452076
22 0.918434 0.379448 0.0226902 0.0673803
13 0.502474 0.215679 0.0164635 0.0397994
14 0.661353 0.386837 0.0198289 0.0558724
18 0.401901 0.488332 0.0314782 0.0574676
15 0.559112 0.458833 0.0226336 0.0616896
