23 0.457548 0.373299 0.0198406 0.0622686
5 0.317045 0.250139 0.0269297 0.053112
3 0.730486 0.71348 0.0246234 0.0786743
6 0.23201 0.421353 0.0180288 0.0530384
9 0.386407 0.272105 0.0190895 0.0491505
12 0.408002 0.213047 0.0180479 0.0464038
9 0.407515 0.344611 0.0269661 0.0557651
11 0.511772 0.267971 0.0174467 0.0458962
21 0.809773 0.298279 0.0216236 0.0542618
20 0.632563 0.310316 0.0204659 0.0568492
13 0.509544 0.215159 0.0181709 0.0380274
18 0.409907 0.496631 0.0304874 0.0584183
14 0.659113 0.38562 0.0210953 0.0544164
2 0.873044 0.477464 0.0278942 0.0723316
10 0.509521 0.216891 0.0175428 0.0373984
10 0.48668 0.221644 0.0159264 0.047653
8 0.218032 0.366617 0.0185886 0.0556251
16 0.197744 0.551359 0.0253754 0.0669456
22 0.914688 0.377921 0.0234337 0.0675822
4 0.00753937 0.334669 0.0150787 0.0625584
13 0.487462 0.220179 0.0157379 0.0478724
12 0.370216 0.202544 0.0157839 0.0450618
20 0.810551 0.298808 0.0207638 0.0543673
23 0.457548 0.373299 0.0198406 0.0622686
5 0.317045 0.250139 0.0269297 0.053112
3 0.730486 0.71348 0.0246234 0.0786743
6 0.23201 0.421353 0.0180288 0.0530384
9 0.386407 0.272105 0.0190895 0.0491505
12 0.408002 0.213047 0.0180479 0.0464038
9 0.407515 0.344611 0.0269661 0.0557651
11 0.511772 0.267971 0.0174467 0.0458962
21 0.809773 0.298279 0.0216236 0.0542618
20 0.632563 0.310316 0.0204659 0.0568492
13 0.509544 0.215159 0.0181709 0.0380274
18 0.409907 0.496631 0.0304874 0.0584183
14 0.659113 0.38562 0.0210953 0.0544164
2 0.873044 0.477464 0.0278942 0.0723316
10 0.509521 0.216891 0.0175428 0.0373984
10 0.48668 0.221644 0.0159264 0.047653
8 0.218032 0.366617 0.0185886 0.0556251
16 0.197744 0.551359 0.0253754 0.0669456
22 0.914688 0.377921 0.0234337 0.0675822
4 0.00753937 0.334669 0.0150787 0.0625584
13 0.487462 0.220179 0.0157379 0.0478724
12 0.370216 0.202544 0.0157839 0.0450618
20 0.810551 0.298808 0.0207638 0.0543673
23 0.457548 0.373299 0.0198406 0.0622686
5 0.317045 0.250139 0.0269297 0.053112
3 0.730486 0.71348 0.0246234 0.0786743
6 0.23201 0.421353 0.0180288 0.0530384
9 0.386407 0.272105 0.0190895 0.0491505
12 0.408002 0.213047 0.0180479 0.0464038
9 0.407515 0.344611 0.0269661 0.0557651
11 0.511772 0.267971 0.0174467 0.0458962
21 0.809773 0.298279 0.0216236 0.0542618
20 0.632563 0.310316 0.0204659 0.0568492
13 0.509544 0.215159 0.0181709 0.0380274
18 0.409907 0.496631 0.0304874 0.0584183
14 0.659113 0.38562 0.0210953 0.0544164
2 0.873044 0.477464 0.0278942 0.0723316
10 0.509521 0.216891 0.0175428 0.0373984
10 0.48668 0.221644 0.0159264 0.047653
8 0.218032 0.366617 0.0185886 0.0556251
16 0.197744 0.551359 0.0253754 0.0669456
22 0.914688 0.377921 0.0234337 0.0675822
4 0.00753937 0.334669 0.0150787 0.0625584
13 0.487462 0.220179 0.0157379 0.0478724
12 0.370216 0.202544 0.0157839 0.0450618
20 0.810551 0.298808 0.0207638 0.0543673
23 0.457548 0.373299 0.0198406 0.0622686
5 0.317045 0.250139 0.0269297 0.053112
3 0.730486 0.71348 0.0246234 0.0786743
6 0.23201 0.421353 0.0180288 0.0530384
9 0.386407 0.272105 0.0190895 0.0491505
12 0.408002 0.213047 0.0180479 0.0464038
9 0.407515 0.344611 0.0269661 0.0557651
11 0.511772 0.267971 0.0174467 0.0458962
21 0.809773 0.298279 0.0216236 0.0542618
20 0.632563 0.310316 0.0204659 0.0568492
13 0.509544 0.215159 0.0181709 0.0380274
18 0.409907 0.496631 0.0304874 0.0584183
14 0.659113 0.38562 0.0210953 0.0544164
2 0.873044 0.477464 0.0278942 0.0723316
10 0.509521 0.216891 0.0175428 0.0373984
10 0.48668 0.221644 0.0159264 0.047653
8 0.218032 0.366617 0.0185886 0.0556251
16 0.197744 0.551359 0.0253754 0.0669456
22 0.914688 0.377921 0.0234337 0.0675822
4 0.00753937 0.334669 0.0150787 0.0625584
13 0.487462 0.220179 0.0157379 0.0478724
12 0.370216 0.202544 0.0157839 0.0450618
20 0.810551 0.298808 0.0207638 0.0543673
