5 0.251815 0.226058 0.0258037 0.0597025
1 0.326066 0.143696 0.0175248 0.0464613
3 0.701477 0.756797 0.0282234 0.087638
12 0.421692 0.182381 0.0219299 0.0491193
13 0.472088 0.18713 0.0239504 0.0471597
2 0.873088 0.464322 0.0271271 0.0720138
11 0.489833 0.232579 0.0214109 0.0431595
21 0.782973 0.256469 0.0247763 0.0582406
15 0.579802 0.472001 0.0208792 0.0640203
13 0.51105 0.181372 0.0185001 0.0472686
9 0.38247 0.345464 0.0277099 0.0629145
23 0.406901 0.384717 0.02344 0.058066
6 0.183143 0.468801 0.0267641 0.0661344
20 0.540197 0.290866 0.0207396 0.0632248
2 0.42751 0.538926 0.0346458 0.0695379
16 0.156377 0.678243 0.032848 0.0830804
9 0.40244 0.261285 0.0276114 0.0580115
14 0.607249 0.365346 0.0259935 0.0609346
7 0.402808 0.260973 0.0272844 0.0568421
22 0.888122 0.34607 0.0258881 0.0718291
14 0.540542 0.290289 0.0204956 0.0638734
18 0.427634 0.539159 0.0337826 0.0694153
18 0.156584 0.677878 0.0323093 0.0837176
5 0.251815 0.226058 0.0258037 0.0597025
1 0.326066 0.143696 0.0175248 0.0464613
3 0.701477 0.756797 0.0282234 0.087638
12 0.421692 0.182381 0.0219299 0.0491193
13 0.472088 0.18713 0.0239504 0.0471597
2 0.873088 0.464322 0.0271271 0.0720138
11 0.489833 0.232579 0.0214109 0.0431595
21 0.782973 0.256469 0.0247763 0.0582406
15 0.579802 0.472001 0.0208792 0.0640203
13 0.51105 0.181372 0.0185001 0.0472686
9 0.38247 0.345464 0.0277099 0.0629145
23 0.406901 0.384717 0.02344 0.058066
6 0.183143 0.468801 0.0267641 0.0661344
20 0.540197 0.290866 0.0207396 0.0632248
2 0.42751 0.538926 0.0346458 0.0695379
16 0.156377 0.678243 0.032848 0.0830804
9 0.40244 0.261285 0.0276114 0.0580115
14 0.607249 0.365346 0.0259935 0.0609346
7 0.402808 0.260973 0.0272844 0.0568421
22 0.888122 0.34607 0.0258881 0.0718291
14 0.540542 0.290289 0.0204956 0.0638734
18 0.427634 0.539159 0.0337826 0.0694153
18 0.156584 0.677878 0.0323093 0.0837176
5 0.251815 0.226058 0.0258037 0.0597025
1 0.326066 0.143696 0.0175248 0.0464613
3 0.701477 0.756797 0.0282234 0.087638
12 0.421692 0.182381 0.0219299 0.0491193
13 0.472088 0.18713 0.0239504 0.0471597
2 0.873088 0.464322 0.0271271 0.0720138
11 0.489833 0.232579 0.0214109 0.0431595
21 0.782973 0.256469 0.0247763 0.0582406
15 0.579802 0.472001 0.0208792 0.0640203
13 0.51105 0.181372 0.0185001 0.0472686
9 0.38247 0.345464 0.0277099 0.0629145
23 0.406901 0.384717 0.02344 0.058066
6 0.183143 0.468801 0.0267641 0.0661344
20 0.540197 0.290866 0.0207396 0.0632248
2 0.42751 0.538926 0.0346458 0.0695379
16 0.156377 0.678243 0.032848 0.0830804
9 0.40244 0.261285 0.0276114 0.0580115
14 0.607249 0.365346 0.0259935 0.0609346
7 0.402808 0.260973 0.0272844 0.0568421
22 0.888122 0.34607 0.0258881 0.0718291
14 0.540542 0.290289 0.0204956 0.0638734
18 0.427634 0.539159 0.0337826 0.0694153
18 0.156584 0.677878 0.0323093 0.0837176
5 0.251815 0.226058 0.0258037 0.0597025
1 0.326066 0.143696 0.0175248 0.0464613
3 0.701477 0.756797 0.0282234 0.087638
12 0.421692 0.182381 0.0219299 0.0491193
13 0.472088 0.18713 0.0239504 0.0471597
2 0.873088 0.464322 0.0271271 0.0720138
11 0.489833 0.232579 0.0214109 0.0431595
21 0.782973 0.256469 0.0247763 0.0582406
15 0.579802 0.472001 0.0208792 0.0640203
13 0.51105 0.181372 0.0185001 0.0472686
9 0.38247 0.345464 0.0277099 0.0629145
23 0.406901 0.384717 0.02344 0.058066
6 0.183143 0.468801 0.0267641 0.0661344
20 0.540197 0.290866 0.0207396 0.0632248
2 0.42751 0.538926 0.0346458 0.0695379
16 0.156377 0.678243 0.032848 0.0830804
9 0.40244 0.261285 0.0276114 0.0580115
14 0.607249 0.365346 0.0259935 0.0609346
7 0.402808 0.260973 0.0272844 0.0568421
22 0.888122 0.34607 0.0258881 0.0718291
14 0.540542 0.290289 0.0204956 0.0638734
18 0.427634 0.539159 0.0337826 0.0694153
18 0.156584 0.677878 0.0323093 0.0837176
