1 0.29594 0.106711 0.0185761 0.0455313
5 0.228012 0.211045 0.031356 0.0688856
3 0.690002 0.781964 0.0242573 0.0920736
11 0.485113 0.207262 0.0187845 0.0453808
13 0.525084 0.155936 0.0260607 0.0541087
9 0.162164 0.505719 0.0302819 0.0747435
3 0.161446 0.752597 0.031947 0.0833859
21 0.779324 0.233207 0.0244942 0.0613244
2 0.87732 0.454466 0.030872 0.0785824
15 0.587214 0.474739 0.0230272 0.0683901
18 0.16128 0.75194 0.0312335 0.0845921
7 0.428457 0.249741 0.0289915 0.06041
18 0.162251 0.505635 0.0300138 0.0728727
22 0.897973 0.329547 0.0268574 0.0741026
6 0.162268 0.506339 0.0295305 0.0729682
9 0.158163 0.418047 0.0230914 0.0629463
18 0.453226 0.558607 0.0345083 0.0790156
9 0.499233 0.275501 0.0213158 0.0654466
14 0.594849 0.351987 0.024807 0.0636782
1 0.29594 0.106711 0.0185761 0.0455313
5 0.228012 0.211045 0.031356 0.0688856
3 0.690002 0.781964 0.0242573 0.0920736
11 0.485113 0.207262 0.0187845 0.0453808
13 0.525084 0.155936 0.0260607 0.0541087
9 0.162164 0.505719 0.0302819 0.0747435
3 0.161446 0.752597 0.031947 0.0833859
21 0.779324 0.233207 0.0244942 0.0613244
2 0.87732 0.454466 0.030872 0.0785824
15 0.587214 0.474739 0.0230272 0.0683901
18 0.16128 0.75194 0.0312335 0.0845921
7 0.428457 0.249741 0.0289915 0.06041
18 0.162251 0.505635 0.0300138 0.0728727
22 0.897973 0.329547 0.0268574 0.0741026
6 0.162268 0.506339 0.0295305 0.0729682
9 0.158163 0.418047 0.0230914 0.0629463
18 0.453226 0.558607 0.0345083 0.0790156
9 0.499233 0.275501 0.0213158 0.0654466
14 0.594849 0.351987 0.024807 0.0636782
1 0.29594 0.106711 0.0185761 0.0455313
5 0.228012 0.211045 0.031356 0.0688856
3 0.690002 0.781964 0.0242573 0.0920736
11 0.485113 0.207262 0.0187845 0.0453808
13 0.525084 0.155936 0.0260607 0.0541087
9 0.162164 0.505719 0.0302819 0.0747435
3 0.161446 0.752597 0.031947 0.0833859
21 0.779324 0.233207 0.0244942 0.0613244
2 0.87732 0.454466 0.030872 0.0785824
15 0.587214 0.474739 0.0230272 0.0683901
18 0.16128 0.75194 0.0312335 0.0845921
7 0.428457 0.249741 0.0289915 0.06041
18 0.162251 0.505635 0.0300138 0.0728727
22 0.897973 0.329547 0.0268574 0.0741026
6 0.162268 0.506339 0.0295305 0.0729682
9 0.158163 0.418047 0.0230914 0.0629463
18 0.453226 0.558607 0.0345083 0.0790156
9 0.499233 0.275501 0.0213158 0.0654466
14 0.594849 0.351987 0.024807 0.0636782
1 0.29594 0.106711 0.0185761 0.0455313
5 0.228012 0.211045 0.031356 0.0688856
3 0.690002 0.781964 0.0242573 0.0920736
11 0.485113 0.207262 0.0187845 0.0453808
13 0.525084 0.155936 0.0260607 0.0541087
9 0.162164 0.505719 0.0302819 0.0747435
3 0.161446 0.752597 0.031947 0.0833859
21 0.779324 0.233207 0.0244942 0.0613244
2 0.87732 0.454466 0.030872 0.0785824
15 0.587214 0.474739 0.0230272 0.0683901
18 0.16128 0.75194 0.0312335 0.0845921
7 0.428457 0.249741 0.0289915 0.06041
18 0.162251 0.505635 0.0300138 0.0728727
22 0.897973 0.329547 0.0268574 0.0741026
6 0.162268 0.506339 0.0295305 0.0729682
9 0.158163 0.418047 0.0230914 0.0629463
18 0.453226 0.558607 0.0345083 0.0790156
9 0.499233 0.275501 0.0213158 0.0654466
14 0.594849 0.351987 0.024807 0.0636782
