23 0.484993 0.295818 0.0169863 0.0478208
6 0.191326 0.353189 0.0195808 0.0557141
4 0.140009 0.324146 0.0168453 0.035852
16 0.130823 0.367283 0.0225456 0.0323853
20 0.736057 0.311535 0.0179972 0.0595987
9 0.317525 0.33237 0.0178017 0.051961
2 0.826502 0.456647 0.026202 0.059659
21 0.864678 0.30457 0.0230103 0.0599583
1 0.349115 0.240139 0.017262 0.0513962
7 0.307507 0.241082 0.0145012 0.0565331
12 0.348434 0.240121 0.0167097 0.0514937
9 0.33512 0.295461 0.0141953 0.0485561
3 0.744807 0.630664 0.0313721 0.078772
15 0.414946 0.393674 0.0193298 0.0541606
11 0.544623 0.264271 0.0150532 0.0468756
2 0.312559 0.433261 0.0266103 0.0591329
10 0.532423 0.217778 0.012476 0.0457846
13 0.532639 0.217104 0.012685 0.046116
14 0.682066 0.390295 0.019727 0.0579969
18 0.312649 0.433255 0.0270098 0.0590918
23 0.484993 0.295818 0.0169863 0.0478208
6 0.191326 0.353189 0.0195808 0.0557141
4 0.140009 0.324146 0.0168453 0.035852
16 0.130823 0.367283 0.0225456 0.0323853
20 0.736057 0.311535 0.0179972 0.0595987
9 0.317525 0.33237 0.0178017 0.051961
2 0.826502 0.456647 0.026202 0.059659
21 0.864678 0.30457 0.0230103 0.0599583
1 0.349115 0.240139 0.017262 0.0513962
7 0.307507 0.241082 0.0145012 0.0565331
12 0.348434 0.240121 0.0167097 0.0514937
9 0.33512 0.295461 0.0141953 0.0485561
3 0.744807 0.630664 0.0313721 0.078772
15 0.414946 0.393674 0.0193298 0.0541606
11 0.544623 0.264271 0.0150532 0.0468756
2 0.312559 0.433261 0.0266103 0.0591329
10 0.532423 0.217778 0.012476 0.0457846
13 0.532639 0.217104 0.012685 0.046116
14 0.682066 0.390295 0.019727 0.0579969
18 0.312649 0.433255 0.0270098 0.0590918
23 0.484993 0.295818 0.0169863 0.0478208
6 0.191326 0.353189 0.0195808 0.0557141
4 0.140009 0.324146 0.0168453 0.035852
16 0.130823 0.367283 0.0225456 0.0323853
20 0.736057 0.311535 0.0179972 0.0595987
9 0.317525 0.33237 0.0178017 0.051961
2 0.826502 0.456647 0.026202 0.059659
21 0.864678 0.30457 0.0230103 0.0599583
1 0.349115 0.240139 0.017262 0.0513962
7 0.307507 0.241082 0.0145012 0.0565331
12 0.348434 0.240121 0.0167097 0.0514937
9 0.33512 0.295461 0.0141953 0.0485561
3 0.744807 0.630664 0.0313721 0.078772
15 0.414946 0.393674 0.0193298 0.0541606
11 0.544623 0.264271 0.0150532 0.0468756
2 0.312559 0.433261 0.0266103 0.0591329
10 0.532423 0.217778 0.012476 0.0457846
13 0.532639 0.217104 0.012685 0.046116
14 0.682066 0.390295 0.019727 0.0579969
18 0.312649 0.433255 0.0270098 0.0590918
23 0.484993 0.295818 0.0169863 0.0478208
6 0.191326 0.353189 0.0195808 0.0557141
4 0.140009 0.324146 0.0168453 0.035852
16 0.130823 0.367283 0.0225456 0.0323853
20 0.736057 0.311535 0.0179972 0.0595987
9 0.317525 0.33237 0.0178017 0.051961
2 0.826502 0.456647 0.026202 0.059659
21 0.864678 0.30457 0.0230103 0.0599583
1 0.349115 0.240139 0.017262 0.0513962
7 0.307507 0.241082 0.0145012 0.0565331
12 0.348434 0.240121 0.0167097 0.0514937
9 0.33512 0.295461 0.0141953 0.0485561
3 0.744807 0.630664 0.0313721 0.078772
15 0.414946 0.393674 0.0193298 0.0541606
11 0.544623 0.264271 0.0150532 0.0468756
2 0.312559 0.433261 0.0266103 0.0591329
10 0.532423 0.217778 0.012476 0.0457846
13 0.532639 0.217104 0.012685 0.046116
14 0.682066 0.390295 0.019727 0.0579969
18 0.312649 0.433255 0.0270098 0.0590918
