23 0.459301 0.306817 0.0175024 0.0480606
3 0.725036 0.659583 0.0248219 0.0788249
16 0.144053 0.408674 0.0175744 0.0536094
12 0.294479 0.194251 0.0143098 0.038204
6 0.181529 0.368376 0.0201216 0.0545022
5 0.282979 0.241251 0.024461 0.0385295
4 0.112636 0.312959 0.0195402 0.0504306
20 0.68671 0.305945 0.0190337 0.0574098
1 0.326721 0.223194 0.0177193 0.0451305
2 0.840229 0.463165 0.0263283 0.079154
2 0.821407 0.29727 0.0211876 0.055509
10 0.456688 0.223896 0.0161039 0.0473107
13 0.422823 0.21287 0.0156141 0.0475086
15 0.658441 0.381059 0.0209942 0.0563265
7 0.307371 0.24016 0.0123544 0.0394246
6 0.239495 0.296772 0.015061 0.0495164
22 0.950215 0.38833 0.0224564 0.071433
8 0.239834 0.296378 0.0147302 0.049398
13 0.456346 0.224184 0.0151668 0.046698
9 0.330725 0.317394 0.0200809 0.0563224
20 0.496186 0.266131 0.0180142 0.0561429
23 0.459301 0.306817 0.0175024 0.0480606
3 0.725036 0.659583 0.0248219 0.0788249
16 0.144053 0.408674 0.0175744 0.0536094
12 0.294479 0.194251 0.0143098 0.038204
6 0.181529 0.368376 0.0201216 0.0545022
5 0.282979 0.241251 0.024461 0.0385295
4 0.112636 0.312959 0.0195402 0.0504306
20 0.68671 0.305945 0.0190337 0.0574098
1 0.326721 0.223194 0.0177193 0.0451305
2 0.840229 0.463165 0.0263283 0.079154
2 0.821407 0.29727 0.0211876 0.055509
10 0.456688 0.223896 0.0161039 0.0473107
13 0.422823 0.21287 0.0156141 0.0475086
15 0.658441 0.381059 0.0209942 0.0563265
7 0.307371 0.24016 0.0123544 0.0394246
6 0.239495 0.296772 0.015061 0.0495164
22 0.950215 0.38833 0.0224564 0.071433
8 0.239834 0.296378 0.0147302 0.049398
13 0.456346 0.224184 0.0151668 0.046698
9 0.330725 0.317394 0.0200809 0.0563224
20 0.496186 0.266131 0.0180142 0.0561429
23 0.459301 0.306817 0.0175024 0.0480606
3 0.725036 0.659583 0.0248219 0.0788249
16 0.144053 0.408674 0.0175744 0.0536094
12 0.294479 0.194251 0.0143098 0.038204
6 0.181529 0.368376 0.0201216 0.0545022
5 0.282979 0.241251 0.024461 0.0385295
4 0.112636 0.312959 0.0195402 0.0504306
20 0.68671 0.305945 0.0190337 0.0574098
1 0.326721 0.223194 0.0177193 0.0451305
2 0.840229 0.463165 0.0263283 0.079154
2 0.821407 0.29727 0.0211876 0.055509
10 0.456688 0.223896 0.0161039 0.0473107
13 0.422823 0.21287 0.0156141 0.0475086
15 0.658441 0.381059 0.0209942 0.0563265
7 0.307371 0.24016 0.0123544 0.0394246
6 0.239495 0.296772 0.015061 0.0495164
22 0.950215 0.38833 0.0224564 0.071433
8 0.239834 0.296378 0.0147302 0.049398
13 0.456346 0.224184 0.0151668 0.046698
9 0.330725 0.317394 0.0200809 0.0563224
20 0.496186 0.266131 0.0180142 0.0561429
23 0.459301 0.306817 0.0175024 0.0480606
3 0.725036 0.659583 0.0248219 0.0788249
16 0.144053 0.408674 0.0175744 0.0536094
12 0.294479 0.194251 0.0143098 0.038204
6 0.181529 0.368376 0.0201216 0.0545022
5 0.282979 0.241251 0.024461 0.0385295
4 0.112636 0.312959 0.0195402 0.0504306
20 0.68671 0.305945 0.0190337 0.0574098
1 0.326721 0.223194 0.0177193 0.0451305
2 0.840229 0.463165 0.0263283 0.079154
2 0.821407 0.29727 0.0211876 0.055509
10 0.456688 0.223896 0.0161039 0.0473107
13 0.422823 0.21287 0.0156141 0.0475086
15 0.658441 0.381059 0.0209942 0.0563265
7 0.307371 0.24016 0.0123544 0.0394246
6 0.239495 0.296772 0.015061 0.0495164
22 0.950215 0.38833 0.0224564 0.071433
8 0.239834 0.296378 0.0147302 0.049398
13 0.456346 0.224184 0.0151668 0.046698
9 0.330725 0.317394 0.0200809 0.0563224
20 0.496186 0.266131 0.0180142 0.0561429
