5 0.260679 0.227896 0.0294556 0.05925
6 0.190789 0.461725 0.0265146 0.0630078
0 0.318805 0.171756 0.00768585 0.0168793
23 0.412099 0.38176 0.0207795 0.0583562
1 0.332392 0.153704 0.0190363 0.0462463
3 0.705832 0.751157 0.0290705 0.0782247
9 0.385213 0.345764 0.0299294 0.0597273
21 0.783829 0.263639 0.0214026 0.0576674
12 0.415483 0.18851 0.0212034 0.0496692
13 0.507157 0.186047 0.0186636 0.0489138
11 0.491042 0.239313 0.0176654 0.0426682
13 0.472633 0.194337 0.0223501 0.0478538
2 0.869021 0.46989 0.0252087 0.0697671
15 0.579883 0.470265 0.0203571 0.0645424
7 0.396666 0.265711 0.0270053 0.0498122
2 0.423288 0.533794 0.0308575 0.0703878
20 0.553821 0.294053 0.019206 0.0609454
20 0.784217 0.26423 0.0205566 0.0587546
18 0.423202 0.533895 0.0306232 0.0702799
14 0.614348 0.370585 0.0251827 0.0607486
8 0.185093 0.354965 0.0242496 0.0482185
22 0.888519 0.352646 0.0240086 0.0705302
16 0.160323 0.656346 0.0276415 0.0745682
9 0.397809 0.266281 0.0307895 0.0529498
5 0.260679 0.227896 0.0294556 0.05925
6 0.190789 0.461725 0.0265146 0.0630078
0 0.318805 0.171756 0.00768585 0.0168793
23 0.412099 0.38176 0.0207795 0.0583562
1 0.332392 0.153704 0.0190363 0.0462463
3 0.705832 0.751157 0.0290705 0.0782247
9 0.385213 0.345764 0.0299294 0.0597273
21 0.783829 0.263639 0.0214026 0.0576674
12 0.415483 0.18851 0.0212034 0.0496692
13 0.507157 0.186047 0.0186636 0.0489138
11 0.491042 0.239313 0.0176654 0.0426682
13 0.472633 0.194337 0.0223501 0.0478538
2 0.869021 0.46989 0.0252087 0.0697671
15 0.579883 0.470265 0.0203571 0.0645424
7 0.396666 0.265711 0.0270053 0.0498122
2 0.423288 0.533794 0.0308575 0.0703878
20 0.553821 0.294053 0.019206 0.0609454
20 0.784217 0.26423 0.0205566 0.0587546
18 0.423202 0.533895 0.0306232 0.0702799
14 0.614348 0.370585 0.0251827 0.0607486
8 0.185093 0.354965 0.0242496 0.0482185
22 0.888519 0.352646 0.0240086 0.0705302
16 0.160323 0.656346 0.0276415 0.0745682
9 0.397809 0.266281 0.0307895 0.0529498
5 0.260679 0.227896 0.0294556 0.05925
6 0.190789 0.461725 0.0265146 0.0630078
0 0.318805 0.171756 0.00768585 0.0168793
23 0.412099 0.38176 0.0207795 0.0583562
1 0.332392 0.153704 0.0190363 0.0462463
3 0.705832 0.751157 0.0290705 0.0782247
9 0.385213 0.345764 0.0299294 0.0597273
21 0.783829 0.263639 0.0214026 0.0576674
12 0.415483 0.18851 0.0212034 0.0496692
13 0.507157 0.186047 0.0186636 0.0489138
11 0.491042 0.239313 0.0176654 0.0426682
13 0.472633 0.194337 0.0223501 0.0478538
2 0.869021 0.46989 0.0252087 0.0697671
15 0.579883 0.470265 0.0203571 0.0645424
7 0.396666 0.265711 0.0270053 0.0498122
2 0.423288 0.533794 0.0308575 0.0703878
20 0.553821 0.294053 0.019206 0.0609454
20 0.784217 0.26423 0.0205566 0.0587546
18 0.423202 0.533895 0.0306232 0.0702799
14 0.614348 0.370585 0.0251827 0.0607486
8 0.185093 0.354965 0.0242496 0.0482185
22 0.888519 0.352646 0.0240086 0.0705302
16 0.160323 0.656346 0.0276415 0.0745682
9 0.397809 0.266281 0.0307895 0.0529498
5 0.260679 0.227896 0.0294556 0.05925
6 0.190789 0.461725 0.0265146 0.0630078
0 0.318805 0.171756 0.00768585 0.0168793
23 0.412099 0.38176 0.0207795 0.0583562
1 0.332392 0.153704 0.0190363 0.0462463
3 0.705832 0.751157 0.0290705 0.0782247
9 0.385213 0.345764 0.0299294 0.0597273
21 0.783829 0.263639 0.0214026 0.0576674
12 0.415483 0.18851 0.0212034 0.0496692
13 0.507157 0.186047 0.0186636 0.0489138
11 0.491042 0.239313 0.0176654 0.0426682
13 0.472633 0.194337 0.0223501 0.0478538
2 0.869021 0.46989 0.0252087 0.0697671
15 0.579883 0.470265 0.0203571 0.0645424
7 0.396666 0.265711 0.0270053 0.0498122
2 0.423288 0.533794 0.0308575 0.0703878
20 0.553821 0.294053 0.019206 0.0609454
20 0.784217 0.26423 0.0205566 0.0587546
18 0.423202 0.533895 0.0306232 0.0702799
14 0.614348 0.370585 0.0251827 0.0607486
8 0.185093 0.354965 0.0242496 0.0482185
22 0.888519 0.352646 0.0240086 0.0705302
16 0.160323 0.656346 0.0276415 0.0745682
9 0.397809 0.266281 0.0307895 0.0529498
