1 0.296073 0.108035 0.0188769 0.0466632
5 0.228265 0.212774 0.029836 0.0711671
3 0.690481 0.783653 0.0276129 0.0910712
13 0.527311 0.15492 0.0252256 0.0527089
18 0.162557 0.507057 0.02961 0.0713288
2 0.876519 0.454048 0.0309191 0.0784598
7 0.432077 0.24839 0.029591 0.0575494
11 0.486155 0.207495 0.0174982 0.047549
15 0.589419 0.474066 0.0233643 0.0691676
22 0.897742 0.326179 0.0275234 0.0752794
18 0.456034 0.561531 0.0308912 0.0726284
14 0.595278 0.349353 0.0248222 0.0670758
9 0.497499 0.276418 0.0210459 0.0636488
18 0.165087 0.755783 0.0364673 0.0934926
3 0.164608 0.75486 0.0354795 0.0906709
6 0.162465 0.507127 0.0300906 0.0741108
23 0.398818 0.392484 0.0222958 0.0575255
9 0.43236 0.24679 0.0300428 0.0590054
1 0.296073 0.108035 0.0188769 0.0466632
5 0.228265 0.212774 0.029836 0.0711671
3 0.690481 0.783653 0.0276129 0.0910712
13 0.527311 0.15492 0.0252256 0.0527089
18 0.162557 0.507057 0.02961 0.0713288
2 0.876519 0.454048 0.0309191 0.0784598
7 0.432077 0.24839 0.029591 0.0575494
11 0.486155 0.207495 0.0174982 0.047549
15 0.589419 0.474066 0.0233643 0.0691676
22 0.897742 0.326179 0.0275234 0.0752794
18 0.456034 0.561531 0.0308912 0.0726284
14 0.595278 0.349353 0.0248222 0.0670758
9 0.497499 0.276418 0.0210459 0.0636488
18 0.165087 0.755783 0.0364673 0.0934926
3 0.164608 0.75486 0.0354795 0.0906709
6 0.162465 0.507127 0.0300906 0.0741108
23 0.398818 0.392484 0.0222958 0.0575255
9 0.43236 0.24679 0.0300428 0.0590054
1 0.296073 0.108035 0.0188769 0.0466632
5 0.228265 0.212774 0.029836 0.0711671
3 0.690481 0.783653 0.0276129 0.0910712
13 0.527311 0.15492 0.0252256 0.0527089
18 0.162557 0.507057 0.02961 0.0713288
2 0.876519 0.454048 0.0309191 0.0784598
7 0.432077 0.24839 0.029591 0.0575494
11 0.486155 0.207495 0.0174982 0.047549
15 0.589419 0.474066 0.0233643 0.0691676
22 0.897742 0.326179 0.0275234 0.0752794
18 0.456034 0.561531 0.0308912 0.0726284
14 0.595278 0.349353 0.0248222 0.0670758
9 0.497499 0.276418 0.0210459 0.0636488
18 0.165087 0.755783 0.0364673 0.0934926
3 0.164608 0.75486 0.0354795 0.0906709
6 0.162465 0.507127 0.0300906 0.0741108
23 0.398818 0.392484 0.0222958 0.0575255
9 0.43236 0.24679 0.0300428 0.0590054
1 0.296073 0.108035 0.0188769 0.0466632
5 0.228265 0.212774 0.029836 0.0711671
3 0.690481 0.783653 0.0276129 0.0910712
13 0.527311 0.15492 0.0252256 0.0527089
18 0.162557 0.507057 0.02961 0.0713288
2 0.876519 0.454048 0.0309191 0.0784598
7 0.432077 0.24839 0.029591 0.0575494
11 0.486155 0.207495 0.0174982 0.047549
15 0.589419 0.474066 0.0233643 0.0691676
22 0.897742 0.326179 0.0275234 0.0752794
18 0.456034 0.561531 0.0308912 0.0726284
14 0.595278 0.349353 0.0248222 0.0670758
9 0.497499 0.276418 0.0210459 0.0636488
18 0.165087 0.755783 0.0364673 0.0934926
3 0.164608 0.75486 0.0354795 0.0906709
6 0.162465 0.507127 0.0300906 0.0741108
23 0.398818 0.392484 0.0222958 0.0575255
9 0.43236 0.24679 0.0300428 0.0590054
