16 0.124512 0.384094 0.029893 0.0333506
3 0.738201 0.647924 0.0236099 0.0738631
6 0.173455 0.36058 0.0174422 0.054472
9 0.320258 0.321006 0.0170534 0.0542216
2 0.842069 0.463097 0.0229145 0.068741
20 0.713407 0.307066 0.0185722 0.0593098
4 0.14116 0.323488 0.0264463 0.0331068
18 0.308728 0.437087 0.0229341 0.0598323
23 0.471616 0.299534 0.0200782 0.0496542
12 0.277472 0.204392 0.0134585 0.0427009
13 0.49223 0.216569 0.0144716 0.0524853
1 0.340811 0.236029 0.0188713 0.0528281
7 0.311391 0.238947 0.0151932 0.0504543
9 0.293622 0.29136 0.0150725 0.0456099
8 0.257942 0.29074 0.0156569 0.054593
2 0.846798 0.300604 0.02099 0.0552029
10 0.492498 0.216825 0.0148767 0.053662
21 0.846625 0.300046 0.0224983 0.0579215
16 0.124512 0.384094 0.029893 0.0333506
3 0.738201 0.647924 0.0236099 0.0738631
6 0.173455 0.36058 0.0174422 0.054472
9 0.320258 0.321006 0.0170534 0.0542216
2 0.842069 0.463097 0.0229145 0.068741
20 0.713407 0.307066 0.0185722 0.0593098
4 0.14116 0.323488 0.0264463 0.0331068
18 0.308728 0.437087 0.0229341 0.0598323
23 0.471616 0.299534 0.0200782 0.0496542
12 0.277472 0.204392 0.0134585 0.0427009
13 0.49223 0.216569 0.0144716 0.0524853
1 0.340811 0.236029 0.0188713 0.0528281
7 0.311391 0.238947 0.0151932 0.0504543
9 0.293622 0.29136 0.0150725 0.0456099
8 0.257942 0.29074 0.0156569 0.054593
2 0.846798 0.300604 0.02099 0.0552029
10 0.492498 0.216825 0.0148767 0.053662
21 0.846625 0.300046 0.0224983 0.0579215
16 0.124512 0.384094 0.029893 0.0333506
3 0.738201 0.647924 0.0236099 0.0738631
6 0.173455 0.36058 0.0174422 0.054472
9 0.320258 0.321006 0.0170534 0.0542216
2 0.842069 0.463097 0.0229145 0.068741
20 0.713407 0.307066 0.0185722 0.0593098
4 0.14116 0.323488 0.0264463 0.0331068
18 0.308728 0.437087 0.0229341 0.0598323
23 0.471616 0.299534 0.0200782 0.0496542
12 0.277472 0.204392 0.0134585 0.0427009
13 0.49223 0.216569 0.0144716 0.0524853
1 0.340811 0.236029 0.0188713 0.0528281
7 0.311391 0.238947 0.0151932 0.0504543
9 0.293622 0.29136 0.0150725 0.0456099
8 0.257942 0.29074 0.0156569 0.054593
2 0.846798 0.300604 0.02099 0.0552029
10 0.492498 0.216825 0.0148767 0.053662
21 0.846625 0.300046 0.0224983 0.0579215
16 0.124512 0.384094 0.029893 0.0333506
3 0.738201 0.647924 0.0236099 0.0738631
6 0.173455 0.36058 0.0174422 0.054472
9 0.320258 0.321006 0.0170534 0.0542216
2 0.842069 0.463097 0.0229145 0.068741
20 0.713407 0.307066 0.0185722 0.0593098
4 0.14116 0.323488 0.0264463 0.0331068
18 0.308728 0.437087 0.0229341 0.0598323
23 0.471616 0.299534 0.0200782 0.0496542
12 0.277472 0.204392 0.0134585 0.0427009
13 0.49223 0.216569 0.0144716 0.0524853
1 0.340811 0.236029 0.0188713 0.0528281
7 0.311391 0.238947 0.0151932 0.0504543
9 0.293622 0.29136 0.0150725 0.0456099
8 0.257942 0.29074 0.0156569 0.054593
2 0.846798 0.300604 0.02099 0.0552029
10 0.492498 0.216825 0.0148767 0.053662
21 0.846625 0.300046 0.0224983 0.0579215
