23 0.486881 0.296176 0.0169319 0.0496802
9 0.320746 0.335836 0.0183928 0.0571652
4 0.15045 0.32782 0.019414 0.0521247
20 0.743166 0.312881 0.0171717 0.0582904
21 0.863782 0.305047 0.0194416 0.0563997
3 0.741407 0.623009 0.0282837 0.0739873
9 0.348571 0.296603 0.0169526 0.049661
12 0.35423 0.233355 0.017203 0.0487417
16 0.200535 0.350676 0.0215981 0.0570661
6 0.200323 0.35081 0.0219978 0.0568217
20 0.863667 0.305061 0.0195105 0.0559536
2 0.806233 0.449035 0.0240551 0.0600872
14 0.683974 0.389727 0.0228018 0.0591629
13 0.542667 0.217857 0.0131332 0.0466999
10 0.542567 0.21816 0.0126514 0.0457459
2 0.312343 0.433056 0.0255383 0.06034
18 0.311841 0.433256 0.027464 0.0594961
14 0.806826 0.450191 0.0248585 0.0590173
23 0.486881 0.296176 0.0169319 0.0496802
9 0.320746 0.335836 0.0183928 0.0571652
4 0.15045 0.32782 0.019414 0.0521247
20 0.743166 0.312881 0.0171717 0.0582904
21 0.863782 0.305047 0.0194416 0.0563997
3 0.741407 0.623009 0.0282837 0.0739873
9 0.348571 0.296603 0.0169526 0.049661
12 0.35423 0.233355 0.017203 0.0487417
16 0.200535 0.350676 0.0215981 0.0570661
6 0.200323 0.35081 0.0219978 0.0568217
20 0.863667 0.305061 0.0195105 0.0559536
2 0.806233 0.449035 0.0240551 0.0600872
14 0.683974 0.389727 0.0228018 0.0591629
13 0.542667 0.217857 0.0131332 0.0466999
10 0.542567 0.21816 0.0126514 0.0457459
2 0.312343 0.433056 0.0255383 0.06034
18 0.311841 0.433256 0.027464 0.0594961
14 0.806826 0.450191 0.0248585 0.0590173
23 0.486881 0.296176 0.0169319 0.0496802
9 0.320746 0.335836 0.0183928 0.0571652
4 0.15045 0.32782 0.019414 0.0521247
20 0.743166 0.312881 0.0171717 0.0582904
21 0.863782 0.305047 0.0194416 0.0563997
3 0.741407 0.623009 0.0282837 0.0739873
9 0.348571 0.296603 0.0169526 0.049661
12 0.35423 0.233355 0.017203 0.0487417
16 0.200535 0.350676 0.0215981 0.0570661
6 0.200323 0.35081 0.0219978 0.0568217
20 0.863667 0.305061 0.0195105 0.0559536
2 0.806233 0.449035 0.0240551 0.0600872
14 0.683974 0.389727 0.0228018 0.0591629
13 0.542667 0.217857 0.0131332 0.0466999
10 0.542567 0.21816 0.0126514 0.0457459
2 0.312343 0.433056 0.0255383 0.06034
18 0.311841 0.433256 0.027464 0.0594961
14 0.806826 0.450191 0.0248585 0.0590173
23 0.486881 0.296176 0.0169319 0.0496802
9 0.320746 0.335836 0.0183928 0.0571652
4 0.15045 0.32782 0.019414 0.0521247
20 0.743166 0.312881 0.0171717 0.0582904
21 0.863782 0.305047 0.0194416 0.0563997
3 0.741407 0.623009 0.0282837 0.0739873
9 0.348571 0.296603 0.0169526 0.049661
12 0.35423 0.233355 0.017203 0.0487417
16 0.200535 0.350676 0.0215981 0.0570661
6 0.200323 0.35081 0.0219978 0.0568217
20 0.863667 0.305061 0.0195105 0.0559536
2 0.806233 0.449035 0.0240551 0.0600872
14 0.683974 0.389727 0.0228018 0.0591629
13 0.542667 0.217857 0.0131332 0.0466999
10 0.542567 0.21816 0.0126514 0.0457459
2 0.312343 0.433056 0.0255383 0.06034
18 0.311841 0.433256 0.027464 0.0594961
14 0.806826 0.450191 0.0248585 0.0590173
