5 0.229544 0.21265 0.0312405 0.0698035
3 0.700166 0.780365 0.0315223 0.0900167
15 0.584301 0.477934 0.0224934 0.0716129
13 0.519837 0.160523 0.023489 0.054637
1 0.303689 0.118643 0.0218399 0.0551381
23 0.396974 0.390532 0.0211063 0.0580339
9 0.163453 0.492612 0.0327718 0.0791753
2 0.87864 0.45911 0.0318657 0.0752935
11 0.485706 0.213719 0.0198723 0.0436004
6 0.163794 0.492928 0.0316879 0.0764288
13 0.470244 0.166766 0.020632 0.0507021
22 0.898305 0.331777 0.0301186 0.0757388
12 0.435373 0.159937 0.0227495 0.0472559
7 0.416867 0.252022 0.0270596 0.0608595
18 0.150489 0.731963 0.0306755 0.0865672
16 0.150758 0.733514 0.0304919 0.0870056
18 0.443167 0.555291 0.0344989 0.0760113
18 0.879431 0.459541 0.0299221 0.0748411
5 0.229544 0.21265 0.0312405 0.0698035
3 0.700166 0.780365 0.0315223 0.0900167
15 0.584301 0.477934 0.0224934 0.0716129
13 0.519837 0.160523 0.023489 0.054637
1 0.303689 0.118643 0.0218399 0.0551381
23 0.396974 0.390532 0.0211063 0.0580339
9 0.163453 0.492612 0.0327718 0.0791753
2 0.87864 0.45911 0.0318657 0.0752935
11 0.485706 0.213719 0.0198723 0.0436004
6 0.163794 0.492928 0.0316879 0.0764288
13 0.470244 0.166766 0.020632 0.0507021
22 0.898305 0.331777 0.0301186 0.0757388
12 0.435373 0.159937 0.0227495 0.0472559
7 0.416867 0.252022 0.0270596 0.0608595
18 0.150489 0.731963 0.0306755 0.0865672
16 0.150758 0.733514 0.0304919 0.0870056
18 0.443167 0.555291 0.0344989 0.0760113
18 0.879431 0.459541 0.0299221 0.0748411
5 0.229544 0.21265 0.0312405 0.0698035
3 0.700166 0.780365 0.0315223 0.0900167
15 0.584301 0.477934 0.0224934 0.0716129
13 0.519837 0.160523 0.023489 0.054637
1 0.303689 0.118643 0.0218399 0.0551381
23 0.396974 0.390532 0.0211063 0.0580339
9 0.163453 0.492612 0.0327718 0.0791753
2 0.87864 0.45911 0.0318657 0.0752935
11 0.485706 0.213719 0.0198723 0.0436004
6 0.163794 0.492928 0.0316879 0.0764288
13 0.470244 0.166766 0.020632 0.0507021
22 0.898305 0.331777 0.0301186 0.0757388
12 0.435373 0.159937 0.0227495 0.0472559
7 0.416867 0.252022 0.0270596 0.0608595
18 0.150489 0.731963 0.0306755 0.0865672
16 0.150758 0.733514 0.0304919 0.0870056
18 0.443167 0.555291 0.0344989 0.0760113
18 0.879431 0.459541 0.0299221 0.0748411
5 0.229544 0.21265 0.0312405 0.0698035
3 0.700166 0.780365 0.0315223 0.0900167
15 0.584301 0.477934 0.0224934 0.0716129
13 0.519837 0.160523 0.023489 0.054637
1 0.303689 0.118643 0.0218399 0.0551381
23 0.396974 0.390532 0.0211063 0.0580339
9 0.163453 0.492612 0.0327718 0.0791753
2 0.87864 0.45911 0.0318657 0.0752935
11 0.485706 0.213719 0.0198723 0.0436004
6 0.163794 0.492928 0.0316879 0.0764288
13 0.470244 0.166766 0.020632 0.0507021
22 0.898305 0.331777 0.0301186 0.0757388
12 0.435373 0.159937 0.0227495 0.0472559
7 0.416867 0.252022 0.0270596 0.0608595
18 0.150489 0.731963 0.0306755 0.0865672
16 0.150758 0.733514 0.0304919 0.0870056
18 0.443167 0.555291 0.0344989 0.0760113
18 0.879431 0.459541 0.0299221 0.0748411
