16 0.13274 0.37194 0.026616 0.0278929
23 0.482785 0.295926 0.0158968 0.0514889
6 0.185809 0.354279 0.0204648 0.0564128
3 0.74625 0.63485 0.0272339 0.0843157
9 0.317187 0.330094 0.0137594 0.0506414
4 0.137784 0.334146 0.0219279 0.0220918
2 0.83831 0.460821 0.0261915 0.0633158
20 0.732708 0.309395 0.0185387 0.0589257
15 0.414329 0.390788 0.0190859 0.0537347
12 0.259737 0.216225 0.0150582 0.0439977
15 0.681368 0.389871 0.0204798 0.0592068
21 0.864492 0.29593 0.0234053 0.0662227
18 0.314313 0.433031 0.0257927 0.0601752
12 0.346744 0.241887 0.0185465 0.0510928
16 0.13274 0.37194 0.026616 0.0278929
23 0.482785 0.295926 0.0158968 0.0514889
6 0.185809 0.354279 0.0204648 0.0564128
3 0.74625 0.63485 0.0272339 0.0843157
9 0.317187 0.330094 0.0137594 0.0506414
4 0.137784 0.334146 0.0219279 0.0220918
2 0.83831 0.460821 0.0261915 0.0633158
20 0.732708 0.309395 0.0185387 0.0589257
15 0.414329 0.390788 0.0190859 0.0537347
12 0.259737 0.216225 0.0150582 0.0439977
15 0.681368 0.389871 0.0204798 0.0592068
21 0.864492 0.29593 0.0234053 0.0662227
18 0.314313 0.433031 0.0257927 0.0601752
12 0.346744 0.241887 0.0185465 0.0510928
16 0.13274 0.37194 0.026616 0.0278929
23 0.482785 0.295926 0.0158968 0.0514889
6 0.185809 0.354279 0.0204648 0.0564128
3 0.74625 0.63485 0.0272339 0.0843157
9 0.317187 0.330094 0.0137594 0.0506414
4 0.137784 0.334146 0.0219279 0.0220918
2 0.83831 0.460821 0.0261915 0.0633158
20 0.732708 0.309395 0.0185387 0.0589257
15 0.414329 0.390788 0.0190859 0.0537347
12 0.259737 0.216225 0.0150582 0.0439977
15 0.681368 0.389871 0.0204798 0.0592068
21 0.864492 0.29593 0.0234053 0.0662227
18 0.314313 0.433031 0.0257927 0.0601752
12 0.346744 0.241887 0.0185465 0.0510928
16 0.13274 0.37194 0.026616 0.0278929
23 0.482785 0.295926 0.0158968 0.0514889
6 0.185809 0.354279 0.0204648 0.0564128
3 0.74625 0.63485 0.0272339 0.0843157
9 0.317187 0.330094 0.0137594 0.0506414
4 0.137784 0.334146 0.0219279 0.0220918
2 0.83831 0.460821 0.0261915 0.0633158
20 0.732708 0.309395 0.0185387 0.0589257
15 0.414329 0.390788 0.0190859 0.0537347
12 0.259737 0.216225 0.0150582 0.0439977
15 0.681368 0.389871 0.0204798 0.0592068
21 0.864492 0.29593 0.0234053 0.0662227
18 0.314313 0.433031 0.0257927 0.0601752
12 0.346744 0.241887 0.0185465 0.0510928
