23 0.470768 0.319019 0.0188694 0.0480682
5 0.302334 0.241654 0.0213432 0.0453005
3 0.736068 0.675507 0.027341 0.0823332
16 0.177374 0.442002 0.0254192 0.0551183
12 0.333026 0.191574 0.0130582 0.0368965
4 0.0941581 0.310495 0.0174427 0.0532957
2 0.862385 0.469017 0.0272884 0.0676316
20 0.682593 0.303948 0.0196201 0.0570678
18 0.351924 0.452872 0.0295645 0.0571896
15 0.492758 0.425235 0.0234884 0.0570589
8 0.246708 0.303861 0.0147426 0.0460833
9 0.364645 0.321292 0.0276281 0.0566398
20 0.503402 0.263562 0.0161791 0.0497603
6 0.207886 0.372513 0.0233912 0.0546909
2 0.825807 0.298675 0.0206486 0.0605284
13 0.455632 0.207525 0.00972462 0.0404343
15 0.669757 0.380764 0.0224745 0.0541666
8 0.465639 0.223394 0.0135202 0.0466775
23 0.470768 0.319019 0.0188694 0.0480682
5 0.302334 0.241654 0.0213432 0.0453005
3 0.736068 0.675507 0.027341 0.0823332
16 0.177374 0.442002 0.0254192 0.0551183
12 0.333026 0.191574 0.0130582 0.0368965
4 0.0941581 0.310495 0.0174427 0.0532957
2 0.862385 0.469017 0.0272884 0.0676316
20 0.682593 0.303948 0.0196201 0.0570678
18 0.351924 0.452872 0.0295645 0.0571896
15 0.492758 0.425235 0.0234884 0.0570589
8 0.246708 0.303861 0.0147426 0.0460833
9 0.364645 0.321292 0.0276281 0.0566398
20 0.503402 0.263562 0.0161791 0.0497603
6 0.207886 0.372513 0.0233912 0.0546909
2 0.825807 0.298675 0.0206486 0.0605284
13 0.455632 0.207525 0.00972462 0.0404343
15 0.669757 0.380764 0.0224745 0.0541666
8 0.465639 0.223394 0.0135202 0.0466775
23 0.470768 0.319019 0.0188694 0.0480682
5 0.302334 0.241654 0.0213432 0.0453005
3 0.736068 0.675507 0.027341 0.0823332
16 0.177374 0.442002 0.0254192 0.0551183
12 0.333026 0.191574 0.0130582 0.0368965
4 0.0941581 0.310495 0.0174427 0.0532957
2 0.862385 0.469017 0.0272884 0.0676316
20 0.682593 0.303948 0.0196201 0.0570678
18 0.351924 0.452872 0.0295645 0.0571896
15 0.492758 0.425235 0.0234884 0.0570589
8 0.246708 0.303861 0.0147426 0.0460833
9 0.364645 0.321292 0.0276281 0.0566398
20 0.503402 0.263562 0.0161791 0.0497603
6 0.207886 0.372513 0.0233912 0.0546909
2 0.825807 0.298675 0.0206486 0.0605284
13 0.455632 0.207525 0.00972462 0.0404343
15 0.669757 0.380764 0.0224745 0.0541666
8 0.465639 0.223394 0.0135202 0.0466775
23 0.470768 0.319019 0.0188694 0.0480682
5 0.302334 0.241654 0.0213432 0.0453005
3 0.736068 0.675507 0.027341 0.0823332
16 0.177374 0.442002 0.0254192 0.0551183
12 0.333026 0.191574 0.0130582 0.0368965
4 0.0941581 0.310495 0.0174427 0.0532957
2 0.862385 0.469017 0.0272884 0.0676316
20 0.682593 0.303948 0.0196201 0.0570678
18 0.351924 0.452872 0.0295645 0.0571896
15 0.492758 0.425235 0.0234884 0.0570589
8 0.246708 0.303861 0.0147426 0.0460833
9 0.364645 0.321292 0.0276281 0.0566398
20 0.503402 0.263562 0.0161791 0.0497603
6 0.207886 0.372513 0.0233912 0.0546909
2 0.825807 0.298675 0.0206486 0.0605284
13 0.455632 0.207525 0.00972462 0.0404343
15 0.669757 0.380764 0.0224745 0.0541666
8 0.465639 0.223394 0.0135202 0.0466775
