4 0.0805373 0.321902 0.0191628 0.0567816
3 0.743513 0.688929 0.0254271 0.0809882
5 0.319464 0.244689 0.0243444 0.047556
16 0.191967 0.475281 0.0269033 0.0641156
2 0.87555 0.473773 0.026996 0.0660615
6 0.224716 0.386055 0.0220892 0.0577572
23 0.475849 0.337045 0.0190319 0.0534713
2 0.3783 0.46852 0.0264395 0.0654056
9 0.388573 0.330869 0.0280497 0.0584056
12 0.368158 0.197102 0.0131281 0.0288475
12 0.365316 0.219796 0.0174475 0.0319561
22 0.947767 0.384405 0.0227934 0.0662726
7 0.365158 0.257798 0.0203577 0.0364115
18 0.378227 0.468067 0.025853 0.0641057
15 0.527721 0.440954 0.0229091 0.0586885
20 0.677505 0.308863 0.0188685 0.0533959
2 0.831191 0.301764 0.020697 0.0577331
21 0.830611 0.302116 0.0211433 0.0583637
4 0.0805373 0.321902 0.0191628 0.0567816
3 0.743513 0.688929 0.0254271 0.0809882
5 0.319464 0.244689 0.0243444 0.047556
16 0.191967 0.475281 0.0269033 0.0641156
2 0.87555 0.473773 0.026996 0.0660615
6 0.224716 0.386055 0.0220892 0.0577572
23 0.475849 0.337045 0.0190319 0.0534713
2 0.3783 0.46852 0.0264395 0.0654056
9 0.388573 0.330869 0.0280497 0.0584056
12 0.368158 0.197102 0.0131281 0.0288475
12 0.365316 0.219796 0.0174475 0.0319561
22 0.947767 0.384405 0.0227934 0.0662726
7 0.365158 0.257798 0.0203577 0.0364115
18 0.378227 0.468067 0.025853 0.0641057
15 0.527721 0.440954 0.0229091 0.0586885
20 0.677505 0.308863 0.0188685 0.0533959
2 0.831191 0.301764 0.020697 0.0577331
21 0.830611 0.302116 0.0211433 0.0583637
4 0.0805373 0.321902 0.0191628 0.0567816
3 0.743513 0.688929 0.0254271 0.0809882
5 0.319464 0.244689 0.0243444 0.047556
16 0.191967 0.475281 0.0269033 0.0641156
2 0.87555 0.473773 0.026996 0.0660615
6 0.224716 0.386055 0.0220892 0.0577572
23 0.475849 0.337045 0.0190319 0.0534713
2 0.3783 0.46852 0.0264395 0.0654056
9 0.388573 0.330869 0.0280497 0.0584056
12 0.368158 0.197102 0.0131281 0.0288475
12 0.365316 0.219796 0.0174475 0.0319561
22 0.947767 0.384405 0.0227934 0.0662726
7 0.365158 0.257798 0.0203577 0.0364115
18 0.378227 0.468067 0.025853 0.0641057
15 0.527721 0.440954 0.0229091 0.0586885
20 0.677505 0.308863 0.0188685 0.0533959
2 0.831191 0.301764 0.020697 0.0577331
21 0.830611 0.302116 0.0211433 0.0583637
4 0.0805373 0.321902 0.0191628 0.0567816
3 0.743513 0.688929 0.0254271 0.0809882
5 0.319464 0.244689 0.0243444 0.047556
16 0.191967 0.475281 0.0269033 0.0641156
2 0.87555 0.473773 0.026996 0.0660615
6 0.224716 0.386055 0.0220892 0.0577572
23 0.475849 0.337045 0.0190319 0.0534713
2 0.3783 0.46852 0.0264395 0.0654056
9 0.388573 0.330869 0.0280497 0.0584056
12 0.368158 0.197102 0.0131281 0.0288475
12 0.365316 0.219796 0.0174475 0.0319561
22 0.947767 0.384405 0.0227934 0.0662726
7 0.365158 0.257798 0.0203577 0.0364115
18 0.378227 0.468067 0.025853 0.0641057
15 0.527721 0.440954 0.0229091 0.0586885
20 0.677505 0.308863 0.0188685 0.0533959
2 0.831191 0.301764 0.020697 0.0577331
21 0.830611 0.302116 0.0211433 0.0583637
