23 0.483377 0.295784 0.0156765 0.0515542
16 0.133186 0.372973 0.0260796 0.0239858
6 0.185409 0.354498 0.0206213 0.0558521
3 0.747068 0.636564 0.029366 0.0835812
9 0.317012 0.330418 0.0128783 0.0489298
2 0.841005 0.461941 0.0283245 0.0641724
20 0.732604 0.30962 0.0185549 0.0582747
4 0.137273 0.335816 0.0230966 0.0237866
15 0.414214 0.390937 0.0197612 0.0541578
15 0.681437 0.38992 0.0205549 0.0593375
21 0.864525 0.294762 0.023187 0.0662284
12 0.260983 0.217007 0.0135476 0.0441419
12 0.347475 0.241796 0.0201331 0.0523935
18 0.314798 0.432994 0.0256393 0.0604377
1 0.347412 0.242046 0.0197804 0.0527132
23 0.483377 0.295784 0.0156765 0.0515542
16 0.133186 0.372973 0.0260796 0.0239858
6 0.185409 0.354498 0.0206213 0.0558521
3 0.747068 0.636564 0.029366 0.0835812
9 0.317012 0.330418 0.0128783 0.0489298
2 0.841005 0.461941 0.0283245 0.0641724
20 0.732604 0.30962 0.0185549 0.0582747
4 0.137273 0.335816 0.0230966 0.0237866
15 0.414214 0.390937 0.0197612 0.0541578
15 0.681437 0.38992 0.0205549 0.0593375
21 0.864525 0.294762 0.023187 0.0662284
12 0.260983 0.217007 0.0135476 0.0441419
12 0.347475 0.241796 0.0201331 0.0523935
18 0.314798 0.432994 0.0256393 0.0604377
1 0.347412 0.242046 0.0197804 0.0527132
23 0.483377 0.295784 0.0156765 0.0515542
16 0.133186 0.372973 0.0260796 0.0239858
6 0.185409 0.354498 0.0206213 0.0558521
3 0.747068 0.636564 0.029366 0.0835812
9 0.317012 0.330418 0.0128783 0.0489298
2 0.841005 0.461941 0.0283245 0.0641724
20 0.732604 0.30962 0.0185549 0.0582747
4 0.137273 0.335816 0.0230966 0.0237866
15 0.414214 0.390937 0.0197612 0.0541578
15 0.681437 0.38992 0.0205549 0.0593375
21 0.864525 0.294762 0.023187 0.0662284
12 0.260983 0.217007 0.0135476 0.0441419
12 0.347475 0.241796 0.0201331 0.0523935
18 0.314798 0.432994 0.0256393 0.0604377
1 0.347412 0.242046 0.0197804 0.0527132
23 0.483377 0.295784 0.0156765 0.0515542
16 0.133186 0.372973 0.0260796 0.0239858
6 0.185409 0.354498 0.0206213 0.0558521
3 0.747068 0.636564 0.029366 0.0835812
9 0.317012 0.330418 0.0128783 0.0489298
2 0.841005 0.461941 0.0283245 0.0641724
20 0.732604 0.30962 0.0185549 0.0582747
4 0.137273 0.335816 0.0230966 0.0237866
15 0.414214 0.390937 0.0197612 0.0541578
15 0.681437 0.38992 0.0205549 0.0593375
21 0.864525 0.294762 0.023187 0.0662284
12 0.260983 0.217007 0.0135476 0.0441419
12 0.347475 0.241796 0.0201331 0.0523935
18 0.314798 0.432994 0.0256393 0.0604377
1 0.347412 0.242046 0.0197804 0.0527132
