23 0.460534 0.30325 0.0171291 0.0507805
1 0.331419 0.231026 0.0209317 0.0462245
3 0.726341 0.656577 0.0251978 0.0808268
16 0.134373 0.395944 0.0173745 0.0538691
4 0.128732 0.312054 0.0226222 0.0488948
12 0.28589 0.19544 0.0120495 0.0341949
2 0.838896 0.464041 0.0280334 0.0755235
20 0.693857 0.306512 0.0184996 0.0577093
6 0.1762 0.368155 0.021714 0.054539
9 0.325599 0.319079 0.0264711 0.0595676
13 0.416125 0.213786 0.0151842 0.0489401
5 0.283643 0.240239 0.0225142 0.0402853
15 0.435479 0.408677 0.0199434 0.0568688
8 0.244432 0.293914 0.0164389 0.0554887
20 0.50137 0.263672 0.0164612 0.0523724
7 0.306046 0.237719 0.0134136 0.0409331
13 0.465576 0.220616 0.0150657 0.0462877
2 0.827166 0.298903 0.0217214 0.053167
18 0.309536 0.441054 0.0224883 0.066787
17 0.260716 0.283071 0.0119576 0.0498549
12 0.284605 0.197724 0.0161819 0.0387833
22 0.956271 0.388581 0.0224842 0.070451
14 0.660637 0.38463 0.0229752 0.0665656
23 0.460534 0.30325 0.0171291 0.0507805
1 0.331419 0.231026 0.0209317 0.0462245
3 0.726341 0.656577 0.0251978 0.0808268
16 0.134373 0.395944 0.0173745 0.0538691
4 0.128732 0.312054 0.0226222 0.0488948
12 0.28589 0.19544 0.0120495 0.0341949
2 0.838896 0.464041 0.0280334 0.0755235
20 0.693857 0.306512 0.0184996 0.0577093
6 0.1762 0.368155 0.021714 0.054539
9 0.325599 0.319079 0.0264711 0.0595676
13 0.416125 0.213786 0.0151842 0.0489401
5 0.283643 0.240239 0.0225142 0.0402853
15 0.435479 0.408677 0.0199434 0.0568688
8 0.244432 0.293914 0.0164389 0.0554887
20 0.50137 0.263672 0.0164612 0.0523724
7 0.306046 0.237719 0.0134136 0.0409331
13 0.465576 0.220616 0.0150657 0.0462877
2 0.827166 0.298903 0.0217214 0.053167
18 0.309536 0.441054 0.0224883 0.066787
17 0.260716 0.283071 0.0119576 0.0498549
12 0.284605 0.197724 0.0161819 0.0387833
22 0.956271 0.388581 0.0224842 0.070451
14 0.660637 0.38463 0.0229752 0.0665656
23 0.460534 0.30325 0.0171291 0.0507805
1 0.331419 0.231026 0.0209317 0.0462245
3 0.726341 0.656577 0.0251978 0.0808268
16 0.134373 0.395944 0.0173745 0.0538691
4 0.128732 0.312054 0.0226222 0.0488948
12 0.28589 0.19544 0.0120495 0.0341949
2 0.838896 0.464041 0.0280334 0.0755235
20 0.693857 0.306512 0.0184996 0.0577093
6 0.1762 0.368155 0.021714 0.054539
9 0.325599 0.319079 0.0264711 0.0595676
13 0.416125 0.213786 0.0151842 0.0489401
5 0.283643 0.240239 0.0225142 0.0402853
15 0.435479 0.408677 0.0199434 0.0568688
8 0.244432 0.293914 0.0164389 0.0554887
20 0.50137 0.263672 0.0164612 0.0523724
7 0.306046 0.237719 0.0134136 0.0409331
13 0.465576 0.220616 0.0150657 0.0462877
2 0.827166 0.298903 0.0217214 0.053167
18 0.309536 0.441054 0.0224883 0.066787
17 0.260716 0.283071 0.0119576 0.0498549
12 0.284605 0.197724 0.0161819 0.0387833
22 0.956271 0.388581 0.0224842 0.070451
14 0.660637 0.38463 0.0229752 0.0665656
23 0.460534 0.30325 0.0171291 0.0507805
1 0.331419 0.231026 0.0209317 0.0462245
3 0.726341 0.656577 0.0251978 0.0808268
16 0.134373 0.395944 0.0173745 0.0538691
4 0.128732 0.312054 0.0226222 0.0488948
12 0.28589 0.19544 0.0120495 0.0341949
2 0.838896 0.464041 0.0280334 0.0755235
20 0.693857 0.306512 0.0184996 0.0577093
6 0.1762 0.368155 0.021714 0.054539
9 0.325599 0.319079 0.0264711 0.0595676
13 0.416125 0.213786 0.0151842 0.0489401
5 0.283643 0.240239 0.0225142 0.0402853
15 0.435479 0.408677 0.0199434 0.0568688
8 0.244432 0.293914 0.0164389 0.0554887
20 0.50137 0.263672 0.0164612 0.0523724
7 0.306046 0.237719 0.0134136 0.0409331
13 0.465576 0.220616 0.0150657 0.0462877
2 0.827166 0.298903 0.0217214 0.053167
18 0.309536 0.441054 0.0224883 0.066787
17 0.260716 0.283071 0.0119576 0.0498549
12 0.284605 0.197724 0.0161819 0.0387833
22 0.956271 0.388581 0.0224842 0.070451
14 0.660637 0.38463 0.0229752 0.0665656
