23 0.467375 0.31707 0.0177214 0.0484402
5 0.295885 0.240143 0.0247611 0.043675
3 0.730941 0.669395 0.0270453 0.0808478
4 0.0969571 0.313714 0.017166 0.051974
2 0.85487 0.466513 0.0251301 0.0659229
16 0.168146 0.432323 0.0221239 0.0485595
18 0.341468 0.452038 0.0223424 0.0593001
15 0.481459 0.424516 0.0256496 0.0608141
20 0.682717 0.304642 0.0189732 0.0593305
12 0.322658 0.193436 0.0134043 0.0382662
8 0.245683 0.303765 0.0149051 0.0457894
13 0.446229 0.211803 0.0134043 0.0461975
10 0.462055 0.223553 0.0125566 0.0498101
6 0.198588 0.36983 0.020672 0.0563916
15 0.66515 0.381229 0.0246899 0.057589
9 0.357034 0.322739 0.0277022 0.0604971
2 0.824148 0.300608 0.0224575 0.0619555
20 0.499044 0.264812 0.01863 0.0528757
22 0.948779 0.383746 0.0234995 0.0680072
23 0.467375 0.31707 0.0177214 0.0484402
5 0.295885 0.240143 0.0247611 0.043675
3 0.730941 0.669395 0.0270453 0.0808478
4 0.0969571 0.313714 0.017166 0.051974
2 0.85487 0.466513 0.0251301 0.0659229
16 0.168146 0.432323 0.0221239 0.0485595
18 0.341468 0.452038 0.0223424 0.0593001
15 0.481459 0.424516 0.0256496 0.0608141
20 0.682717 0.304642 0.0189732 0.0593305
12 0.322658 0.193436 0.0134043 0.0382662
8 0.245683 0.303765 0.0149051 0.0457894
13 0.446229 0.211803 0.0134043 0.0461975
10 0.462055 0.223553 0.0125566 0.0498101
6 0.198588 0.36983 0.020672 0.0563916
15 0.66515 0.381229 0.0246899 0.057589
9 0.357034 0.322739 0.0277022 0.0604971
2 0.824148 0.300608 0.0224575 0.0619555
20 0.499044 0.264812 0.01863 0.0528757
22 0.948779 0.383746 0.0234995 0.0680072
23 0.467375 0.31707 0.0177214 0.0484402
5 0.295885 0.240143 0.0247611 0.043675
3 0.730941 0.669395 0.0270453 0.0808478
4 0.0969571 0.313714 0.017166 0.051974
2 0.85487 0.466513 0.0251301 0.0659229
16 0.168146 0.432323 0.0221239 0.0485595
18 0.341468 0.452038 0.0223424 0.0593001
15 0.481459 0.424516 0.0256496 0.0608141
20 0.682717 0.304642 0.0189732 0.0593305
12 0.322658 0.193436 0.0134043 0.0382662
8 0.245683 0.303765 0.0149051 0.0457894
13 0.446229 0.211803 0.0134043 0.0461975
10 0.462055 0.223553 0.0125566 0.0498101
6 0.198588 0.36983 0.020672 0.0563916
15 0.66515 0.381229 0.0246899 0.057589
9 0.357034 0.322739 0.0277022 0.0604971
2 0.824148 0.300608 0.0224575 0.0619555
20 0.499044 0.264812 0.01863 0.0528757
22 0.948779 0.383746 0.0234995 0.0680072
23 0.467375 0.31707 0.0177214 0.0484402
5 0.295885 0.240143 0.0247611 0.043675
3 0.730941 0.669395 0.0270453 0.0808478
4 0.0969571 0.313714 0.017166 0.051974
2 0.85487 0.466513 0.0251301 0.0659229
16 0.168146 0.432323 0.0221239 0.0485595
18 0.341468 0.452038 0.0223424 0.0593001
15 0.481459 0.424516 0.0256496 0.0608141
20 0.682717 0.304642 0.0189732 0.0593305
12 0.322658 0.193436 0.0134043 0.0382662
8 0.245683 0.303765 0.0149051 0.0457894
13 0.446229 0.211803 0.0134043 0.0461975
10 0.462055 0.223553 0.0125566 0.0498101
6 0.198588 0.36983 0.020672 0.0563916
15 0.66515 0.381229 0.0246899 0.057589
9 0.357034 0.322739 0.0277022 0.0604971
2 0.824148 0.300608 0.0224575 0.0619555
20 0.499044 0.264812 0.01863 0.0528757
22 0.948779 0.383746 0.0234995 0.0680072
