16 0.124404 0.380793 0.0315243 0.0258937
1 0.277107 0.209359 0.0161399 0.0436376
4 0.142002 0.328972 0.0294162 0.0319091
3 0.741417 0.645778 0.0275242 0.0732134
2 0.847142 0.464667 0.0263991 0.0636258
20 0.721386 0.306581 0.018401 0.0606788
6 0.176457 0.359577 0.0195461 0.0563354
9 0.322134 0.321362 0.0186757 0.0551645
15 0.419608 0.400485 0.0186741 0.0552968
7 0.316604 0.240942 0.0139972 0.0481978
23 0.476595 0.296106 0.0160875 0.0485792
1 0.343408 0.242243 0.0185909 0.0525244
20 0.528276 0.261778 0.014641 0.0500995
2 0.854767 0.301188 0.0210876 0.0550229
18 0.312338 0.434622 0.0228748 0.0585006
8 0.413166 0.215223 0.0155235 0.0518009
13 0.503237 0.216978 0.0140728 0.0514091
2 0.312003 0.434718 0.0227231 0.0586796
21 0.854292 0.301223 0.0223689 0.0556748
16 0.124404 0.380793 0.0315243 0.0258937
1 0.277107 0.209359 0.0161399 0.0436376
4 0.142002 0.328972 0.0294162 0.0319091
3 0.741417 0.645778 0.0275242 0.0732134
2 0.847142 0.464667 0.0263991 0.0636258
20 0.721386 0.306581 0.018401 0.0606788
6 0.176457 0.359577 0.0195461 0.0563354
9 0.322134 0.321362 0.0186757 0.0551645
15 0.419608 0.400485 0.0186741 0.0552968
7 0.316604 0.240942 0.0139972 0.0481978
23 0.476595 0.296106 0.0160875 0.0485792
1 0.343408 0.242243 0.0185909 0.0525244
20 0.528276 0.261778 0.014641 0.0500995
2 0.854767 0.301188 0.0210876 0.0550229
18 0.312338 0.434622 0.0228748 0.0585006
8 0.413166 0.215223 0.0155235 0.0518009
13 0.503237 0.216978 0.0140728 0.0514091
2 0.312003 0.434718 0.0227231 0.0586796
21 0.854292 0.301223 0.0223689 0.0556748
16 0.124404 0.380793 0.0315243 0.0258937
1 0.277107 0.209359 0.0161399 0.0436376
4 0.142002 0.328972 0.0294162 0.0319091
3 0.741417 0.645778 0.0275242 0.0732134
2 0.847142 0.464667 0.0263991 0.0636258
20 0.721386 0.306581 0.018401 0.0606788
6 0.176457 0.359577 0.0195461 0.0563354
9 0.322134 0.321362 0.0186757 0.0551645
15 0.419608 0.400485 0.0186741 0.0552968
7 0.316604 0.240942 0.0139972 0.0481978
23 0.476595 0.296106 0.0160875 0.0485792
1 0.343408 0.242243 0.0185909 0.0525244
20 0.528276 0.261778 0.014641 0.0500995
2 0.854767 0.301188 0.0210876 0.0550229
18 0.312338 0.434622 0.0228748 0.0585006
8 0.413166 0.215223 0.0155235 0.0518009
13 0.503237 0.216978 0.0140728 0.0514091
2 0.312003 0.434718 0.0227231 0.0586796
21 0.854292 0.301223 0.0223689 0.0556748
16 0.124404 0.380793 0.0315243 0.0258937
1 0.277107 0.209359 0.0161399 0.0436376
4 0.142002 0.328972 0.0294162 0.0319091
3 0.741417 0.645778 0.0275242 0.0732134
2 0.847142 0.464667 0.0263991 0.0636258
20 0.721386 0.306581 0.018401 0.0606788
6 0.176457 0.359577 0.0195461 0.0563354
9 0.322134 0.321362 0.0186757 0.0551645
15 0.419608 0.400485 0.0186741 0.0552968
7 0.316604 0.240942 0.0139972 0.0481978
23 0.476595 0.296106 0.0160875 0.0485792
1 0.343408 0.242243 0.0185909 0.0525244
20 0.528276 0.261778 0.014641 0.0500995
2 0.854767 0.301188 0.0210876 0.0550229
18 0.312338 0.434622 0.0228748 0.0585006
8 0.413166 0.215223 0.0155235 0.0518009
13 0.503237 0.216978 0.0140728 0.0514091
2 0.312003 0.434718 0.0227231 0.0586796
21 0.854292 0.301223 0.0223689 0.0556748
