23 0.483408 0.295834 0.0158224 0.0517673
6 0.185175 0.356104 0.0201228 0.059348
16 0.13233 0.374673 0.0255289 0.024088
3 0.747854 0.636388 0.0293724 0.0830739
4 0.138403 0.337089 0.0194401 0.0255851
9 0.317809 0.331599 0.0149853 0.049399
20 0.732707 0.310251 0.017864 0.0593991
2 0.844839 0.463522 0.0321033 0.0649134
12 0.26575 0.217769 0.0153439 0.0452327
15 0.682771 0.390228 0.0203842 0.058393
12 0.348134 0.240184 0.0196501 0.0516459
15 0.415561 0.391387 0.0190515 0.0546756
21 0.864735 0.295113 0.0232288 0.0652987
1 0.34817 0.240419 0.0195941 0.0518743
18 0.315931 0.433587 0.0222843 0.0594825
23 0.483408 0.295834 0.0158224 0.0517673
6 0.185175 0.356104 0.0201228 0.059348
16 0.13233 0.374673 0.0255289 0.024088
3 0.747854 0.636388 0.0293724 0.0830739
4 0.138403 0.337089 0.0194401 0.0255851
9 0.317809 0.331599 0.0149853 0.049399
20 0.732707 0.310251 0.017864 0.0593991
2 0.844839 0.463522 0.0321033 0.0649134
12 0.26575 0.217769 0.0153439 0.0452327
15 0.682771 0.390228 0.0203842 0.058393
12 0.348134 0.240184 0.0196501 0.0516459
15 0.415561 0.391387 0.0190515 0.0546756
21 0.864735 0.295113 0.0232288 0.0652987
1 0.34817 0.240419 0.0195941 0.0518743
18 0.315931 0.433587 0.0222843 0.0594825
23 0.483408 0.295834 0.0158224 0.0517673
6 0.185175 0.356104 0.0201228 0.059348
16 0.13233 0.374673 0.0255289 0.024088
3 0.747854 0.636388 0.0293724 0.0830739
4 0.138403 0.337089 0.0194401 0.0255851
9 0.317809 0.331599 0.0149853 0.049399
20 0.732707 0.310251 0.017864 0.0593991
2 0.844839 0.463522 0.0321033 0.0649134
12 0.26575 0.217769 0.0153439 0.0452327
15 0.682771 0.390228 0.0203842 0.058393
12 0.348134 0.240184 0.0196501 0.0516459
15 0.415561 0.391387 0.0190515 0.0546756
21 0.864735 0.295113 0.0232288 0.0652987
1 0.34817 0.240419 0.0195941 0.0518743
18 0.315931 0.433587 0.0222843 0.0594825
23 0.483408 0.295834 0.0158224 0.0517673
6 0.185175 0.356104 0.0201228 0.059348
16 0.13233 0.374673 0.0255289 0.024088
3 0.747854 0.636388 0.0293724 0.0830739
4 0.138403 0.337089 0.0194401 0.0255851
9 0.317809 0.331599 0.0149853 0.049399
20 0.732707 0.310251 0.017864 0.0593991
2 0.844839 0.463522 0.0321033 0.0649134
12 0.26575 0.217769 0.0153439 0.0452327
15 0.682771 0.390228 0.0203842 0.058393
12 0.348134 0.240184 0.0196501 0.0516459
15 0.415561 0.391387 0.0190515 0.0546756
21 0.864735 0.295113 0.0232288 0.0652987
1 0.34817 0.240419 0.0195941 0.0518743
18 0.315931 0.433587 0.0222843 0.0594825
