3 0.73684 0.702416 0.0255138 0.0752814
4 0.04715 0.331034 0.0184208 0.0548908
23 0.464378 0.353733 0.0185603 0.0543596
6 0.224272 0.40413 0.0191024 0.0547716
5 0.320098 0.249087 0.0249887 0.0464067
11 0.510062 0.269043 0.0169282 0.0448513
16 0.19448 0.512649 0.0234453 0.0660985
21 0.818551 0.299997 0.0203457 0.0582163
20 0.655502 0.311156 0.0197081 0.0565491
2 0.871957 0.478145 0.0224487 0.0684495
9 0.399056 0.338947 0.0254538 0.056273
2 0.394584 0.480802 0.0299909 0.0622879
8 0.222295 0.340011 0.0196129 0.0502643
13 0.496217 0.215238 0.0145189 0.0402084
7 0.373588 0.2667 0.0208647 0.0464964
12 0.364069 0.211085 0.0200398 0.0439759
14 0.669136 0.388186 0.0207864 0.0528121
18 0.394635 0.480915 0.027619 0.0600696
13 0.480692 0.225404 0.0146448 0.0436946
22 0.92821 0.382325 0.0234612 0.0655562
2 0.818831 0.300632 0.0202916 0.0569524
8 0.248583 0.329837 0.0211816 0.0474374
12 0.387528 0.206925 0.0183272 0.0406694
3 0.73684 0.702416 0.0255138 0.0752814
4 0.04715 0.331034 0.0184208 0.0548908
23 0.464378 0.353733 0.0185603 0.0543596
6 0.224272 0.40413 0.0191024 0.0547716
5 0.320098 0.249087 0.0249887 0.0464067
11 0.510062 0.269043 0.0169282 0.0448513
16 0.19448 0.512649 0.0234453 0.0660985
21 0.818551 0.299997 0.0203457 0.0582163
20 0.655502 0.311156 0.0197081 0.0565491
2 0.871957 0.478145 0.0224487 0.0684495
9 0.399056 0.338947 0.0254538 0.056273
2 0.394584 0.480802 0.0299909 0.0622879
8 0.222295 0.340011 0.0196129 0.0502643
13 0.496217 0.215238 0.0145189 0.0402084
7 0.373588 0.2667 0.0208647 0.0464964
12 0.364069 0.211085 0.0200398 0.0439759
14 0.669136 0.388186 0.0207864 0.0528121
18 0.394635 0.480915 0.027619 0.0600696
13 0.480692 0.225404 0.0146448 0.0436946
22 0.92821 0.382325 0.0234612 0.0655562
2 0.818831 0.300632 0.0202916 0.0569524
8 0.248583 0.329837 0.0211816 0.0474374
12 0.387528 0.206925 0.0183272 0.0406694
3 0.73684 0.702416 0.0255138 0.0752814
4 0.04715 0.331034 0.0184208 0.0548908
23 0.464378 0.353733 0.0185603 0.0543596
6 0.224272 0.40413 0.0191024 0.0547716
5 0.320098 0.249087 0.0249887 0.0464067
11 0.510062 0.269043 0.0169282 0.0448513
16 0.19448 0.512649 0.0234453 0.0660985
21 0.818551 0.299997 0.0203457 0.0582163
20 0.655502 0.311156 0.0197081 0.0565491
2 0.871957 0.478145 0.0224487 0.0684495
9 0.399056 0.338947 0.0254538 0.056273
2 0.394584 0.480802 0.0299909 0.0622879
8 0.222295 0.340011 0.0196129 0.0502643
13 0.496217 0.215238 0.0145189 0.0402084
7 0.373588 0.2667 0.0208647 0.0464964
12 0.364069 0.211085 0.0200398 0.0439759
14 0.669136 0.388186 0.0207864 0.0528121
18 0.394635 0.480915 0.027619 0.0600696
13 0.480692 0.225404 0.0146448 0.0436946
22 0.92821 0.382325 0.0234612 0.0655562
2 0.818831 0.300632 0.0202916 0.0569524
8 0.248583 0.329837 0.0211816 0.0474374
12 0.387528 0.206925 0.0183272 0.0406694
3 0.73684 0.702416 0.0255138 0.0752814
4 0.04715 0.331034 0.0184208 0.0548908
23 0.464378 0.353733 0.0185603 0.0543596
6 0.224272 0.40413 0.0191024 0.0547716
5 0.320098 0.249087 0.0249887 0.0464067
11 0.510062 0.269043 0.0169282 0.0448513
16 0.19448 0.512649 0.0234453 0.0660985
21 0.818551 0.299997 0.0203457 0.0582163
20 0.655502 0.311156 0.0197081 0.0565491
2 0.871957 0.478145 0.0224487 0.0684495
9 0.399056 0.338947 0.0254538 0.056273
2 0.394584 0.480802 0.0299909 0.0622879
8 0.222295 0.340011 0.0196129 0.0502643
13 0.496217 0.215238 0.0145189 0.0402084
7 0.373588 0.2667 0.0208647 0.0464964
12 0.364069 0.211085 0.0200398 0.0439759
14 0.669136 0.388186 0.0207864 0.0528121
18 0.394635 0.480915 0.027619 0.0600696
13 0.480692 0.225404 0.0146448 0.0436946
22 0.92821 0.382325 0.0234612 0.0655562
2 0.818831 0.300632 0.0202916 0.0569524
8 0.248583 0.329837 0.0211816 0.0474374
12 0.387528 0.206925 0.0183272 0.0406694
