1 0.296438 0.10803 0.0184883 0.048085
5 0.227963 0.214088 0.0278343 0.0674242
3 0.690474 0.784867 0.0302127 0.0930482
15 0.590302 0.474301 0.0267487 0.0732878
18 0.163698 0.506636 0.0293211 0.0711275
22 0.897953 0.326551 0.0265046 0.0754686
23 0.399781 0.393044 0.0228253 0.0603807
2 0.875901 0.455002 0.0309628 0.0802574
13 0.5282 0.155737 0.0246557 0.0532578
18 0.165559 0.758694 0.0363482 0.0977617
3 0.165322 0.757841 0.034891 0.0965101
9 0.496349 0.277031 0.0196666 0.062646
14 0.594783 0.347581 0.0241201 0.068482
11 0.487046 0.208352 0.0189695 0.0463949
7 0.433475 0.249096 0.0264816 0.0591005
18 0.457093 0.561653 0.0301434 0.0713735
1 0.296438 0.10803 0.0184883 0.048085
5 0.227963 0.214088 0.0278343 0.0674242
3 0.690474 0.784867 0.0302127 0.0930482
15 0.590302 0.474301 0.0267487 0.0732878
18 0.163698 0.506636 0.0293211 0.0711275
22 0.897953 0.326551 0.0265046 0.0754686
23 0.399781 0.393044 0.0228253 0.0603807
2 0.875901 0.455002 0.0309628 0.0802574
13 0.5282 0.155737 0.0246557 0.0532578
18 0.165559 0.758694 0.0363482 0.0977617
3 0.165322 0.757841 0.034891 0.0965101
9 0.496349 0.277031 0.0196666 0.062646
14 0.594783 0.347581 0.0241201 0.068482
11 0.487046 0.208352 0.0189695 0.0463949
7 0.433475 0.249096 0.0264816 0.0591005
18 0.457093 0.561653 0.0301434 0.0713735
1 0.296438 0.10803 0.0184883 0.048085
5 0.227963 0.214088 0.0278343 0.0674242
3 0.690474 0.784867 0.0302127 0.0930482
15 0.590302 0.474301 0.0267487 0.0732878
18 0.163698 0.506636 0.0293211 0.0711275
22 0.897953 0.326551 0.0265046 0.0754686
23 0.399781 0.393044 0.0228253 0.0603807
2 0.875901 0.455002 0.0309628 0.0802574
13 0.5282 0.155737 0.0246557 0.0532578
18 0.165559 0.758694 0.0363482 0.0977617
3 0.165322 0.757841 0.034891 0.0965101
9 0.496349 0.277031 0.0196666 0.062646
14 0.594783 0.347581 0.0241201 0.068482
11 0.487046 0.208352 0.0189695 0.0463949
7 0.433475 0.249096 0.0264816 0.0591005
18 0.457093 0.561653 0.0301434 0.0713735
1 0.296438 0.10803 0.0184883 0.048085
5 0.227963 0.214088 0.0278343 0.0674242
3 0.690474 0.784867 0.0302127 0.0930482
15 0.590302 0.474301 0.0267487 0.0732878
18 0.163698 0.506636 0.0293211 0.0711275
22 0.897953 0.326551 0.0265046 0.0754686
23 0.399781 0.393044 0.0228253 0.0603807
2 0.875901 0.455002 0.0309628 0.0802574
13 0.5282 0.155737 0.0246557 0.0532578
18 0.165559 0.758694 0.0363482 0.0977617
3 0.165322 0.757841 0.034891 0.0965101
9 0.496349 0.277031 0.0196666 0.062646
14 0.594783 0.347581 0.0241201 0.068482
11 0.487046 0.208352 0.0189695 0.0463949
7 0.433475 0.249096 0.0264816 0.0591005
18 0.457093 0.561653 0.0301434 0.0713735
