3 0.701766 0.766762 0.0302203 0.0878757
1 0.316446 0.130037 0.0211473 0.0429149
15 0.581582 0.472664 0.0239642 0.0651417
2 0.875203 0.463724 0.0313934 0.0707742
11 0.488633 0.224255 0.0212688 0.0430681
0 0.305616 0.149561 0.00932827 0.0171624
13 0.514791 0.171227 0.0224237 0.0499689
12 0.425914 0.171391 0.0216124 0.050081
13 0.471642 0.179477 0.0235081 0.04671
23 0.401006 0.388939 0.0215497 0.0623028
18 0.152453 0.700116 0.0308953 0.0861187
20 0.529279 0.285238 0.0182295 0.0623251
18 0.432497 0.547535 0.0312694 0.0704681
7 0.408134 0.258382 0.0288318 0.0591544
6 0.176412 0.477086 0.0342374 0.073165
5 0.240326 0.218359 0.026502 0.0656917
16 0.152418 0.699089 0.0312581 0.0834203
9 0.408277 0.258234 0.0292084 0.0597225
14 0.604341 0.362846 0.0233344 0.0613215
9 0.17524 0.477227 0.0333348 0.0715193
22 0.89166 0.339403 0.0284428 0.0782184
21 0.781433 0.250155 0.0244351 0.0572368
3 0.701766 0.766762 0.0302203 0.0878757
1 0.316446 0.130037 0.0211473 0.0429149
15 0.581582 0.472664 0.0239642 0.0651417
2 0.875203 0.463724 0.0313934 0.0707742
11 0.488633 0.224255 0.0212688 0.0430681
0 0.305616 0.149561 0.00932827 0.0171624
13 0.514791 0.171227 0.0224237 0.0499689
12 0.425914 0.171391 0.0216124 0.050081
13 0.471642 0.179477 0.0235081 0.04671
23 0.401006 0.388939 0.0215497 0.0623028
18 0.152453 0.700116 0.0308953 0.0861187
20 0.529279 0.285238 0.0182295 0.0623251
18 0.432497 0.547535 0.0312694 0.0704681
7 0.408134 0.258382 0.0288318 0.0591544
6 0.176412 0.477086 0.0342374 0.073165
5 0.240326 0.218359 0.026502 0.0656917
16 0.152418 0.699089 0.0312581 0.0834203
9 0.408277 0.258234 0.0292084 0.0597225
14 0.604341 0.362846 0.0233344 0.0613215
9 0.17524 0.477227 0.0333348 0.0715193
22 0.89166 0.339403 0.0284428 0.0782184
21 0.781433 0.250155 0.0244351 0.0572368
3 0.701766 0.766762 0.0302203 0.0878757
1 0.316446 0.130037 0.0211473 0.0429149
15 0.581582 0.472664 0.0239642 0.0651417
2 0.875203 0.463724 0.0313934 0.0707742
11 0.488633 0.224255 0.0212688 0.0430681
0 0.305616 0.149561 0.00932827 0.0171624
13 0.514791 0.171227 0.0224237 0.0499689
12 0.425914 0.171391 0.0216124 0.050081
13 0.471642 0.179477 0.0235081 0.04671
23 0.401006 0.388939 0.0215497 0.0623028
18 0.152453 0.700116 0.0308953 0.0861187
20 0.529279 0.285238 0.0182295 0.0623251
18 0.432497 0.547535 0.0312694 0.0704681
7 0.408134 0.258382 0.0288318 0.0591544
6 0.176412 0.477086 0.0342374 0.073165
5 0.240326 0.218359 0.026502 0.0656917
16 0.152418 0.699089 0.0312581 0.0834203
9 0.408277 0.258234 0.0292084 0.0597225
14 0.604341 0.362846 0.0233344 0.0613215
9 0.17524 0.477227 0.0333348 0.0715193
22 0.89166 0.339403 0.0284428 0.0782184
21 0.781433 0.250155 0.0244351 0.0572368
3 0.701766 0.766762 0.0302203 0.0878757
1 0.316446 0.130037 0.0211473 0.0429149
15 0.581582 0.472664 0.0239642 0.0651417
2 0.875203 0.463724 0.0313934 0.0707742
11 0.488633 0.224255 0.0212688 0.0430681
0 0.305616 0.149561 0.00932827 0.0171624
13 0.514791 0.171227 0.0224237 0.0499689
12 0.425914 0.171391 0.0216124 0.050081
13 0.471642 0.179477 0.0235081 0.04671
23 0.401006 0.388939 0.0215497 0.0623028
18 0.152453 0.700116 0.0308953 0.0861187
20 0.529279 0.285238 0.0182295 0.0623251
18 0.432497 0.547535 0.0312694 0.0704681
7 0.408134 0.258382 0.0288318 0.0591544
6 0.176412 0.477086 0.0342374 0.073165
5 0.240326 0.218359 0.026502 0.0656917
16 0.152418 0.699089 0.0312581 0.0834203
9 0.408277 0.258234 0.0292084 0.0597225
14 0.604341 0.362846 0.0233344 0.0613215
9 0.17524 0.477227 0.0333348 0.0715193
22 0.89166 0.339403 0.0284428 0.0782184
21 0.781433 0.250155 0.0244351 0.0572368
