23 0.466579 0.351586 0.0202921 0.0547877
3 0.737349 0.698645 0.0234917 0.0779281
4 0.0560313 0.325575 0.0182611 0.0585125
6 0.224801 0.400512 0.0201756 0.0551674
5 0.318801 0.248436 0.0234702 0.0479736
2 0.873492 0.47429 0.0269688 0.0663547
8 0.224626 0.335374 0.017861 0.0492495
9 0.371861 0.263803 0.0164596 0.046402
20 0.661599 0.309965 0.0185725 0.0575818
15 0.545278 0.449203 0.0235371 0.0603626
2 0.389676 0.478017 0.0263639 0.0603784
9 0.511526 0.26831 0.0186298 0.0470939
16 0.193601 0.499404 0.0234807 0.0604134
8 0.248047 0.325268 0.0193836 0.0480713
13 0.494006 0.215805 0.0120289 0.042018
22 0.933055 0.381886 0.023204 0.0666011
12 0.384277 0.206449 0.0152338 0.0409403
21 0.82256 0.301717 0.0231243 0.0570454
14 0.671694 0.387616 0.0219466 0.0551779
8 0.480272 0.226505 0.0115536 0.0453479
9 0.670885 0.385982 0.0200923 0.0561542
23 0.466579 0.351586 0.0202921 0.0547877
3 0.737349 0.698645 0.0234917 0.0779281
4 0.0560313 0.325575 0.0182611 0.0585125
6 0.224801 0.400512 0.0201756 0.0551674
5 0.318801 0.248436 0.0234702 0.0479736
2 0.873492 0.47429 0.0269688 0.0663547
8 0.224626 0.335374 0.017861 0.0492495
9 0.371861 0.263803 0.0164596 0.046402
20 0.661599 0.309965 0.0185725 0.0575818
15 0.545278 0.449203 0.0235371 0.0603626
2 0.389676 0.478017 0.0263639 0.0603784
9 0.511526 0.26831 0.0186298 0.0470939
16 0.193601 0.499404 0.0234807 0.0604134
8 0.248047 0.325268 0.0193836 0.0480713
13 0.494006 0.215805 0.0120289 0.042018
22 0.933055 0.381886 0.023204 0.0666011
12 0.384277 0.206449 0.0152338 0.0409403
21 0.82256 0.301717 0.0231243 0.0570454
14 0.671694 0.387616 0.0219466 0.0551779
8 0.480272 0.226505 0.0115536 0.0453479
9 0.670885 0.385982 0.0200923 0.0561542
23 0.466579 0.351586 0.0202921 0.0547877
3 0.737349 0.698645 0.0234917 0.0779281
4 0.0560313 0.325575 0.0182611 0.0585125
6 0.224801 0.400512 0.0201756 0.0551674
5 0.318801 0.248436 0.0234702 0.0479736
2 0.873492 0.47429 0.0269688 0.0663547
8 0.224626 0.335374 0.017861 0.0492495
9 0.371861 0.263803 0.0164596 0.046402
20 0.661599 0.309965 0.0185725 0.0575818
15 0.545278 0.449203 0.0235371 0.0603626
2 0.389676 0.478017 0.0263639 0.0603784
9 0.511526 0.26831 0.0186298 0.0470939
16 0.193601 0.499404 0.0234807 0.0604134
8 0.248047 0.325268 0.0193836 0.0480713
13 0.494006 0.215805 0.0120289 0.042018
22 0.933055 0.381886 0.023204 0.0666011
12 0.384277 0.206449 0.0152338 0.0409403
21 0.82256 0.301717 0.0231243 0.0570454
14 0.671694 0.387616 0.0219466 0.0551779
8 0.480272 0.226505 0.0115536 0.0453479
9 0.670885 0.385982 0.0200923 0.0561542
23 0.466579 0.351586 0.0202921 0.0547877
3 0.737349 0.698645 0.0234917 0.0779281
4 0.0560313 0.325575 0.0182611 0.0585125
6 0.224801 0.400512 0.0201756 0.0551674
5 0.318801 0.248436 0.0234702 0.0479736
2 0.873492 0.47429 0.0269688 0.0663547
8 0.224626 0.335374 0.017861 0.0492495
9 0.371861 0.263803 0.0164596 0.046402
20 0.661599 0.309965 0.0185725 0.0575818
15 0.545278 0.449203 0.0235371 0.0603626
2 0.389676 0.478017 0.0263639 0.0603784
9 0.511526 0.26831 0.0186298 0.0470939
16 0.193601 0.499404 0.0234807 0.0604134
8 0.248047 0.325268 0.0193836 0.0480713
13 0.494006 0.215805 0.0120289 0.042018
22 0.933055 0.381886 0.023204 0.0666011
12 0.384277 0.206449 0.0152338 0.0409403
21 0.82256 0.301717 0.0231243 0.0570454
14 0.671694 0.387616 0.0219466 0.0551779
8 0.480272 0.226505 0.0115536 0.0453479
9 0.670885 0.385982 0.0200923 0.0561542
