23 0.484819 0.296237 0.0172467 0.0504
6 0.190473 0.353974 0.0202403 0.0568549
4 0.139611 0.328382 0.0182518 0.0333258
16 0.131543 0.367261 0.0212567 0.0306002
20 0.735649 0.311782 0.0181091 0.0582904
9 0.317107 0.331412 0.0166318 0.051798
21 0.864832 0.302589 0.0224583 0.0586029
2 0.828312 0.457474 0.0273327 0.0599045
1 0.349192 0.239881 0.0174486 0.0499524
7 0.307263 0.240791 0.0142733 0.0558329
12 0.348743 0.23978 0.0171284 0.0496871
3 0.74436 0.63111 0.0290863 0.0790858
9 0.33378 0.294791 0.0150781 0.049586
15 0.414262 0.392663 0.0190908 0.0532311
11 0.544041 0.264046 0.0152561 0.0479084
10 0.5311 0.218985 0.0132538 0.0479914
8 0.274203 0.297064 0.0177703 0.0581789
15 0.682061 0.391259 0.0199435 0.0595108
13 0.531217 0.218504 0.0136197 0.0486227
2 0.313495 0.434173 0.0248362 0.0605576
23 0.484819 0.296237 0.0172467 0.0504
6 0.190473 0.353974 0.0202403 0.0568549
4 0.139611 0.328382 0.0182518 0.0333258
16 0.131543 0.367261 0.0212567 0.0306002
20 0.735649 0.311782 0.0181091 0.0582904
9 0.317107 0.331412 0.0166318 0.051798
21 0.864832 0.302589 0.0224583 0.0586029
2 0.828312 0.457474 0.0273327 0.0599045
1 0.349192 0.239881 0.0174486 0.0499524
7 0.307263 0.240791 0.0142733 0.0558329
12 0.348743 0.23978 0.0171284 0.0496871
3 0.74436 0.63111 0.0290863 0.0790858
9 0.33378 0.294791 0.0150781 0.049586
15 0.414262 0.392663 0.0190908 0.0532311
11 0.544041 0.264046 0.0152561 0.0479084
10 0.5311 0.218985 0.0132538 0.0479914
8 0.274203 0.297064 0.0177703 0.0581789
15 0.682061 0.391259 0.0199435 0.0595108
13 0.531217 0.218504 0.0136197 0.0486227
2 0.313495 0.434173 0.0248362 0.0605576
23 0.484819 0.296237 0.0172467 0.0504
6 0.190473 0.353974 0.0202403 0.0568549
4 0.139611 0.328382 0.0182518 0.0333258
16 0.131543 0.367261 0.0212567 0.0306002
20 0.735649 0.311782 0.0181091 0.0582904
9 0.317107 0.331412 0.0166318 0.051798
21 0.864832 0.302589 0.0224583 0.0586029
2 0.828312 0.457474 0.0273327 0.0599045
1 0.349192 0.239881 0.0174486 0.0499524
7 0.307263 0.240791 0.0142733 0.0558329
12 0.348743 0.23978 0.0171284 0.0496871
3 0.74436 0.63111 0.0290863 0.0790858
9 0.33378 0.294791 0.0150781 0.049586
15 0.414262 0.392663 0.0190908 0.0532311
11 0.544041 0.264046 0.0152561 0.0479084
10 0.5311 0.218985 0.0132538 0.0479914
8 0.274203 0.297064 0.0177703 0.0581789
15 0.682061 0.391259 0.0199435 0.0595108
13 0.531217 0.218504 0.0136197 0.0486227
2 0.313495 0.434173 0.0248362 0.0605576
23 0.484819 0.296237 0.0172467 0.0504
6 0.190473 0.353974 0.0202403 0.0568549
4 0.139611 0.328382 0.0182518 0.0333258
16 0.131543 0.367261 0.0212567 0.0306002
20 0.735649 0.311782 0.0181091 0.0582904
9 0.317107 0.331412 0.0166318 0.051798
21 0.864832 0.302589 0.0224583 0.0586029
2 0.828312 0.457474 0.0273327 0.0599045
1 0.349192 0.239881 0.0174486 0.0499524
7 0.307263 0.240791 0.0142733 0.0558329
12 0.348743 0.23978 0.0171284 0.0496871
3 0.74436 0.63111 0.0290863 0.0790858
9 0.33378 0.294791 0.0150781 0.049586
15 0.414262 0.392663 0.0190908 0.0532311
11 0.544041 0.264046 0.0152561 0.0479084
10 0.5311 0.218985 0.0132538 0.0479914
8 0.274203 0.297064 0.0177703 0.0581789
15 0.682061 0.391259 0.0199435 0.0595108
13 0.531217 0.218504 0.0136197 0.0486227
2 0.313495 0.434173 0.0248362 0.0605576
