3 0.741765 0.682063 0.025939 0.0821015
5 0.315234 0.241778 0.0243332 0.047774
16 0.187736 0.457854 0.0233705 0.0586324
23 0.475479 0.328268 0.019776 0.0544049
4 0.087767 0.316106 0.0181093 0.0521078
2 0.872 0.470575 0.024725 0.0672072
15 0.515966 0.432885 0.0238098 0.0637124
20 0.681292 0.302887 0.0203218 0.0584585
6 0.221353 0.376563 0.0204047 0.054101
2 0.830846 0.296957 0.0201866 0.0558841
9 0.382738 0.323694 0.0236824 0.0601115
8 0.239584 0.288946 0.0138337 0.0401463
18 0.369662 0.459793 0.0290539 0.0620065
8 0.245321 0.309351 0.0158301 0.0434341
1 0.357909 0.213932 0.0165636 0.0319046
22 0.951476 0.381272 0.0232044 0.0681625
21 0.830281 0.297259 0.0209801 0.0571378
7 0.357507 0.252879 0.0181066 0.0339906
20 0.510728 0.264102 0.0167259 0.048519
2 0.370088 0.459037 0.0318726 0.0645218
3 0.741765 0.682063 0.025939 0.0821015
5 0.315234 0.241778 0.0243332 0.047774
16 0.187736 0.457854 0.0233705 0.0586324
23 0.475479 0.328268 0.019776 0.0544049
4 0.087767 0.316106 0.0181093 0.0521078
2 0.872 0.470575 0.024725 0.0672072
15 0.515966 0.432885 0.0238098 0.0637124
20 0.681292 0.302887 0.0203218 0.0584585
6 0.221353 0.376563 0.0204047 0.054101
2 0.830846 0.296957 0.0201866 0.0558841
9 0.382738 0.323694 0.0236824 0.0601115
8 0.239584 0.288946 0.0138337 0.0401463
18 0.369662 0.459793 0.0290539 0.0620065
8 0.245321 0.309351 0.0158301 0.0434341
1 0.357909 0.213932 0.0165636 0.0319046
22 0.951476 0.381272 0.0232044 0.0681625
21 0.830281 0.297259 0.0209801 0.0571378
7 0.357507 0.252879 0.0181066 0.0339906
20 0.510728 0.264102 0.0167259 0.048519
2 0.370088 0.459037 0.0318726 0.0645218
3 0.741765 0.682063 0.025939 0.0821015
5 0.315234 0.241778 0.0243332 0.047774
16 0.187736 0.457854 0.0233705 0.0586324
23 0.475479 0.328268 0.019776 0.0544049
4 0.087767 0.316106 0.0181093 0.0521078
2 0.872 0.470575 0.024725 0.0672072
15 0.515966 0.432885 0.0238098 0.0637124
20 0.681292 0.302887 0.0203218 0.0584585
6 0.221353 0.376563 0.0204047 0.054101
2 0.830846 0.296957 0.0201866 0.0558841
9 0.382738 0.323694 0.0236824 0.0601115
8 0.239584 0.288946 0.0138337 0.0401463
18 0.369662 0.459793 0.0290539 0.0620065
8 0.245321 0.309351 0.0158301 0.0434341
1 0.357909 0.213932 0.0165636 0.0319046
22 0.951476 0.381272 0.0232044 0.0681625
21 0.830281 0.297259 0.0209801 0.0571378
7 0.357507 0.252879 0.0181066 0.0339906
20 0.510728 0.264102 0.0167259 0.048519
2 0.370088 0.459037 0.0318726 0.0645218
3 0.741765 0.682063 0.025939 0.0821015
5 0.315234 0.241778 0.0243332 0.047774
16 0.187736 0.457854 0.0233705 0.0586324
23 0.475479 0.328268 0.019776 0.0544049
4 0.087767 0.316106 0.0181093 0.0521078
2 0.872 0.470575 0.024725 0.0672072
15 0.515966 0.432885 0.0238098 0.0637124
20 0.681292 0.302887 0.0203218 0.0584585
6 0.221353 0.376563 0.0204047 0.054101
2 0.830846 0.296957 0.0201866 0.0558841
9 0.382738 0.323694 0.0236824 0.0601115
8 0.239584 0.288946 0.0138337 0.0401463
18 0.369662 0.459793 0.0290539 0.0620065
8 0.245321 0.309351 0.0158301 0.0434341
1 0.357909 0.213932 0.0165636 0.0319046
22 0.951476 0.381272 0.0232044 0.0681625
21 0.830281 0.297259 0.0209801 0.0571378
7 0.357507 0.252879 0.0181066 0.0339906
20 0.510728 0.264102 0.0167259 0.048519
2 0.370088 0.459037 0.0318726 0.0645218
