4 0.066962 0.324714 0.0179396 0.0575566
6 0.225906 0.395708 0.024864 0.0566782
3 0.741309 0.697084 0.0277992 0.0769482
23 0.470777 0.346756 0.0199152 0.0562362
2 0.875252 0.476434 0.0237848 0.0635239
16 0.19282 0.492611 0.0225422 0.0633886
7 0.369966 0.263127 0.0179906 0.0408409
2 0.387665 0.474059 0.0274718 0.0578788
8 0.228186 0.330898 0.0153876 0.0448141
8 0.247131 0.314483 0.017764 0.0443448
5 0.319841 0.24718 0.0232279 0.0420162
11 0.512044 0.269929 0.0206276 0.0452354
20 0.668697 0.308604 0.0202385 0.056701
15 0.538379 0.447145 0.0231174 0.0601066
9 0.395743 0.335602 0.0261593 0.0614349
1 0.377969 0.201377 0.0117965 0.0307155
13 0.491828 0.21573 0.0141409 0.042147
22 0.939912 0.383832 0.0224001 0.0648926
2 0.826701 0.301729 0.02082 0.056355
4 0.066962 0.324714 0.0179396 0.0575566
6 0.225906 0.395708 0.024864 0.0566782
3 0.741309 0.697084 0.0277992 0.0769482
23 0.470777 0.346756 0.0199152 0.0562362
2 0.875252 0.476434 0.0237848 0.0635239
16 0.19282 0.492611 0.0225422 0.0633886
7 0.369966 0.263127 0.0179906 0.0408409
2 0.387665 0.474059 0.0274718 0.0578788
8 0.228186 0.330898 0.0153876 0.0448141
8 0.247131 0.314483 0.017764 0.0443448
5 0.319841 0.24718 0.0232279 0.0420162
11 0.512044 0.269929 0.0206276 0.0452354
20 0.668697 0.308604 0.0202385 0.056701
15 0.538379 0.447145 0.0231174 0.0601066
9 0.395743 0.335602 0.0261593 0.0614349
1 0.377969 0.201377 0.0117965 0.0307155
13 0.491828 0.21573 0.0141409 0.042147
22 0.939912 0.383832 0.0224001 0.0648926
2 0.826701 0.301729 0.02082 0.056355
4 0.066962 0.324714 0.0179396 0.0575566
6 0.225906 0.395708 0.024864 0.0566782
3 0.741309 0.697084 0.0277992 0.0769482
23 0.470777 0.346756 0.0199152 0.0562362
2 0.875252 0.476434 0.0237848 0.0635239
16 0.19282 0.492611 0.0225422 0.0633886
7 0.369966 0.263127 0.0179906 0.0408409
2 0.387665 0.474059 0.0274718 0.0578788
8 0.228186 0.330898 0.0153876 0.0448141
8 0.247131 0.314483 0.017764 0.0443448
5 0.319841 0.24718 0.0232279 0.0420162
11 0.512044 0.269929 0.0206276 0.0452354
20 0.668697 0.308604 0.0202385 0.056701
15 0.538379 0.447145 0.0231174 0.0601066
9 0.395743 0.335602 0.0261593 0.0614349
1 0.377969 0.201377 0.0117965 0.0307155
13 0.491828 0.21573 0.0141409 0.042147
22 0.939912 0.383832 0.0224001 0.0648926
2 0.826701 0.301729 0.02082 0.056355
4 0.066962 0.324714 0.0179396 0.0575566
6 0.225906 0.395708 0.024864 0.0566782
3 0.741309 0.697084 0.0277992 0.0769482
23 0.470777 0.346756 0.0199152 0.0562362
2 0.875252 0.476434 0.0237848 0.0635239
16 0.19282 0.492611 0.0225422 0.0633886
7 0.369966 0.263127 0.0179906 0.0408409
2 0.387665 0.474059 0.0274718 0.0578788
8 0.228186 0.330898 0.0153876 0.0448141
8 0.247131 0.314483 0.017764 0.0443448
5 0.319841 0.24718 0.0232279 0.0420162
11 0.512044 0.269929 0.0206276 0.0452354
20 0.668697 0.308604 0.0202385 0.056701
15 0.538379 0.447145 0.0231174 0.0601066
9 0.395743 0.335602 0.0261593 0.0614349
1 0.377969 0.201377 0.0117965 0.0307155
13 0.491828 0.21573 0.0141409 0.042147
22 0.939912 0.383832 0.0224001 0.0648926
2 0.826701 0.301729 0.02082 0.056355
