23 0.460578 0.303771 0.0174856 0.0520282
1 0.331408 0.231352 0.0198371 0.047381
12 0.284752 0.194797 0.0135555 0.0322929
3 0.726558 0.656772 0.024761 0.0827838
16 0.133209 0.393467 0.0175807 0.0517516
4 0.129732 0.31147 0.01998 0.0478536
2 0.839191 0.464711 0.0279228 0.07281
6 0.175391 0.367084 0.0205837 0.0542334
20 0.694727 0.30674 0.0186234 0.0567156
9 0.324958 0.316864 0.0254735 0.0606362
7 0.305466 0.239158 0.0138111 0.0420143
8 0.245567 0.29306 0.0154606 0.0570182
20 0.502424 0.26342 0.0164501 0.0517987
13 0.415402 0.213406 0.015472 0.0491618
2 0.828005 0.299357 0.0212551 0.0528133
15 0.434101 0.407641 0.0219155 0.0573834
13 0.466448 0.221038 0.01495 0.0465112
5 0.283007 0.239136 0.0215276 0.0404852
18 0.308655 0.440238 0.0215167 0.0671048
14 0.66101 0.381862 0.0198316 0.0602526
12 0.283544 0.197171 0.017467 0.0377403
22 0.956601 0.390391 0.0233334 0.0701523
23 0.460578 0.303771 0.0174856 0.0520282
1 0.331408 0.231352 0.0198371 0.047381
12 0.284752 0.194797 0.0135555 0.0322929
3 0.726558 0.656772 0.024761 0.0827838
16 0.133209 0.393467 0.0175807 0.0517516
4 0.129732 0.31147 0.01998 0.0478536
2 0.839191 0.464711 0.0279228 0.07281
6 0.175391 0.367084 0.0205837 0.0542334
20 0.694727 0.30674 0.0186234 0.0567156
9 0.324958 0.316864 0.0254735 0.0606362
7 0.305466 0.239158 0.0138111 0.0420143
8 0.245567 0.29306 0.0154606 0.0570182
20 0.502424 0.26342 0.0164501 0.0517987
13 0.415402 0.213406 0.015472 0.0491618
2 0.828005 0.299357 0.0212551 0.0528133
15 0.434101 0.407641 0.0219155 0.0573834
13 0.466448 0.221038 0.01495 0.0465112
5 0.283007 0.239136 0.0215276 0.0404852
18 0.308655 0.440238 0.0215167 0.0671048
14 0.66101 0.381862 0.0198316 0.0602526
12 0.283544 0.197171 0.017467 0.0377403
22 0.956601 0.390391 0.0233334 0.0701523
23 0.460578 0.303771 0.0174856 0.0520282
1 0.331408 0.231352 0.0198371 0.047381
12 0.284752 0.194797 0.0135555 0.0322929
3 0.726558 0.656772 0.024761 0.0827838
16 0.133209 0.393467 0.0175807 0.0517516
4 0.129732 0.31147 0.01998 0.0478536
2 0.839191 0.464711 0.0279228 0.07281
6 0.175391 0.367084 0.0205837 0.0542334
20 0.694727 0.30674 0.0186234 0.0567156
9 0.324958 0.316864 0.0254735 0.0606362
7 0.305466 0.239158 0.0138111 0.0420143
8 0.245567 0.29306 0.0154606 0.0570182
20 0.502424 0.26342 0.0164501 0.0517987
13 0.415402 0.213406 0.015472 0.0491618
2 0.828005 0.299357 0.0212551 0.0528133
15 0.434101 0.407641 0.0219155 0.0573834
13 0.466448 0.221038 0.01495 0.0465112
5 0.283007 0.239136 0.0215276 0.0404852
18 0.308655 0.440238 0.0215167 0.0671048
14 0.66101 0.381862 0.0198316 0.0602526
12 0.283544 0.197171 0.017467 0.0377403
22 0.956601 0.390391 0.0233334 0.0701523
23 0.460578 0.303771 0.0174856 0.0520282
1 0.331408 0.231352 0.0198371 0.047381
12 0.284752 0.194797 0.0135555 0.0322929
3 0.726558 0.656772 0.024761 0.0827838
16 0.133209 0.393467 0.0175807 0.0517516
4 0.129732 0.31147 0.01998 0.0478536
2 0.839191 0.464711 0.0279228 0.07281
6 0.175391 0.367084 0.0205837 0.0542334
20 0.694727 0.30674 0.0186234 0.0567156
9 0.324958 0.316864 0.0254735 0.0606362
7 0.305466 0.239158 0.0138111 0.0420143
8 0.245567 0.29306 0.0154606 0.0570182
20 0.502424 0.26342 0.0164501 0.0517987
13 0.415402 0.213406 0.015472 0.0491618
2 0.828005 0.299357 0.0212551 0.0528133
15 0.434101 0.407641 0.0219155 0.0573834
13 0.466448 0.221038 0.01495 0.0465112
5 0.283007 0.239136 0.0215276 0.0404852
18 0.308655 0.440238 0.0215167 0.0671048
14 0.66101 0.381862 0.0198316 0.0602526
12 0.283544 0.197171 0.017467 0.0377403
22 0.956601 0.390391 0.0233334 0.0701523
