23 0.459985 0.306676 0.0171654 0.0491023
3 0.725446 0.659804 0.0254849 0.0782067
16 0.143401 0.408112 0.0186166 0.0520693
5 0.282704 0.240861 0.0229791 0.038493
12 0.29368 0.193543 0.0140444 0.0372959
4 0.115207 0.312546 0.0216883 0.051873
1 0.32819 0.224955 0.0210038 0.0474119
6 0.180499 0.368434 0.0200061 0.0528099
20 0.687844 0.305851 0.0185383 0.0570348
2 0.840167 0.460504 0.0231665 0.0765885
7 0.30747 0.239561 0.0130465 0.0393186
2 0.821659 0.297453 0.0199253 0.0567231
13 0.457998 0.222118 0.0141901 0.0424017
15 0.658431 0.381976 0.0223495 0.0573254
20 0.497276 0.265682 0.0172002 0.0551576
13 0.420765 0.211877 0.0146563 0.0468538
10 0.458536 0.222005 0.0150654 0.0421431
22 0.950999 0.388464 0.0220347 0.0708432
8 0.240013 0.295853 0.0139002 0.0509259
6 0.239779 0.296612 0.014362 0.0515094
9 0.330797 0.317496 0.0200102 0.0560503
23 0.459985 0.306676 0.0171654 0.0491023
3 0.725446 0.659804 0.0254849 0.0782067
16 0.143401 0.408112 0.0186166 0.0520693
5 0.282704 0.240861 0.0229791 0.038493
12 0.29368 0.193543 0.0140444 0.0372959
4 0.115207 0.312546 0.0216883 0.051873
1 0.32819 0.224955 0.0210038 0.0474119
6 0.180499 0.368434 0.0200061 0.0528099
20 0.687844 0.305851 0.0185383 0.0570348
2 0.840167 0.460504 0.0231665 0.0765885
7 0.30747 0.239561 0.0130465 0.0393186
2 0.821659 0.297453 0.0199253 0.0567231
13 0.457998 0.222118 0.0141901 0.0424017
15 0.658431 0.381976 0.0223495 0.0573254
20 0.497276 0.265682 0.0172002 0.0551576
13 0.420765 0.211877 0.0146563 0.0468538
10 0.458536 0.222005 0.0150654 0.0421431
22 0.950999 0.388464 0.0220347 0.0708432
8 0.240013 0.295853 0.0139002 0.0509259
6 0.239779 0.296612 0.014362 0.0515094
9 0.330797 0.317496 0.0200102 0.0560503
23 0.459985 0.306676 0.0171654 0.0491023
3 0.725446 0.659804 0.0254849 0.0782067
16 0.143401 0.408112 0.0186166 0.0520693
5 0.282704 0.240861 0.0229791 0.038493
12 0.29368 0.193543 0.0140444 0.0372959
4 0.115207 0.312546 0.0216883 0.051873
1 0.32819 0.224955 0.0210038 0.0474119
6 0.180499 0.368434 0.0200061 0.0528099
20 0.687844 0.305851 0.0185383 0.0570348
2 0.840167 0.460504 0.0231665 0.0765885
7 0.30747 0.239561 0.0130465 0.0393186
2 0.821659 0.297453 0.0199253 0.0567231
13 0.457998 0.222118 0.0141901 0.0424017
15 0.658431 0.381976 0.0223495 0.0573254
20 0.497276 0.265682 0.0172002 0.0551576
13 0.420765 0.211877 0.0146563 0.0468538
10 0.458536 0.222005 0.0150654 0.0421431
22 0.950999 0.388464 0.0220347 0.0708432
8 0.240013 0.295853 0.0139002 0.0509259
6 0.239779 0.296612 0.014362 0.0515094
9 0.330797 0.317496 0.0200102 0.0560503
23 0.459985 0.306676 0.0171654 0.0491023
3 0.725446 0.659804 0.0254849 0.0782067
16 0.143401 0.408112 0.0186166 0.0520693
5 0.282704 0.240861 0.0229791 0.038493
12 0.29368 0.193543 0.0140444 0.0372959
4 0.115207 0.312546 0.0216883 0.051873
1 0.32819 0.224955 0.0210038 0.0474119
6 0.180499 0.368434 0.0200061 0.0528099
20 0.687844 0.305851 0.0185383 0.0570348
2 0.840167 0.460504 0.0231665 0.0765885
7 0.30747 0.239561 0.0130465 0.0393186
2 0.821659 0.297453 0.0199253 0.0567231
13 0.457998 0.222118 0.0141901 0.0424017
15 0.658431 0.381976 0.0223495 0.0573254
20 0.497276 0.265682 0.0172002 0.0551576
13 0.420765 0.211877 0.0146563 0.0468538
10 0.458536 0.222005 0.0150654 0.0421431
22 0.950999 0.388464 0.0220347 0.0708432
8 0.240013 0.295853 0.0139002 0.0509259
6 0.239779 0.296612 0.014362 0.0515094
9 0.330797 0.317496 0.0200102 0.0560503
