5 0.237286 0.216253 0.0315108 0.0648911
3 0.685929 0.784766 0.0312618 0.0915154
1 0.298397 0.106313 0.0209153 0.0519127
9 0.167925 0.514155 0.03134 0.0732824
23 0.405422 0.396936 0.0224329 0.0582823
15 0.595182 0.473791 0.021744 0.0695534
16 0.178226 0.766349 0.0356815 0.0854007
13 0.533522 0.156227 0.0222486 0.0522724
12 0.460357 0.151828 0.017535 0.0434831
9 0.494958 0.275705 0.020853 0.0620871
6 0.167223 0.515163 0.0317457 0.073799
2 0.87458 0.454363 0.0285172 0.0780013
18 0.178355 0.766948 0.0355348 0.0843793
7 0.443325 0.244684 0.0298662 0.0539182
22 0.899913 0.324898 0.0274857 0.0754764
18 0.168181 0.51553 0.0303822 0.0726563
5 0.237286 0.216253 0.0315108 0.0648911
3 0.685929 0.784766 0.0312618 0.0915154
1 0.298397 0.106313 0.0209153 0.0519127
9 0.167925 0.514155 0.03134 0.0732824
23 0.405422 0.396936 0.0224329 0.0582823
15 0.595182 0.473791 0.021744 0.0695534
16 0.178226 0.766349 0.0356815 0.0854007
13 0.533522 0.156227 0.0222486 0.0522724
12 0.460357 0.151828 0.017535 0.0434831
9 0.494958 0.275705 0.020853 0.0620871
6 0.167223 0.515163 0.0317457 0.073799
2 0.87458 0.454363 0.0285172 0.0780013
18 0.178355 0.766948 0.0355348 0.0843793
7 0.443325 0.244684 0.0298662 0.0539182
22 0.899913 0.324898 0.0274857 0.0754764
18 0.168181 0.51553 0.0303822 0.0726563
5 0.237286 0.216253 0.0315108 0.0648911
3 0.685929 0.784766 0.0312618 0.0915154
1 0.298397 0.106313 0.0209153 0.0519127
9 0.167925 0.514155 0.03134 0.0732824
23 0.405422 0.396936 0.0224329 0.0582823
15 0.595182 0.473791 0.021744 0.0695534
16 0.178226 0.766349 0.0356815 0.0854007
13 0.533522 0.156227 0.0222486 0.0522724
12 0.460357 0.151828 0.017535 0.0434831
9 0.494958 0.275705 0.020853 0.0620871
6 0.167223 0.515163 0.0317457 0.073799
2 0.87458 0.454363 0.0285172 0.0780013
18 0.178355 0.766948 0.0355348 0.0843793
7 0.443325 0.244684 0.0298662 0.0539182
22 0.899913 0.324898 0.0274857 0.0754764
18 0.168181 0.51553 0.0303822 0.0726563
5 0.237286 0.216253 0.0315108 0.0648911
3 0.685929 0.784766 0.0312618 0.0915154
1 0.298397 0.106313 0.0209153 0.0519127
9 0.167925 0.514155 0.03134 0.0732824
23 0.405422 0.396936 0.0224329 0.0582823
15 0.595182 0.473791 0.021744 0.0695534
16 0.178226 0.766349 0.0356815 0.0854007
13 0.533522 0.156227 0.0222486 0.0522724
12 0.460357 0.151828 0.017535 0.0434831
9 0.494958 0.275705 0.020853 0.0620871
6 0.167223 0.515163 0.0317457 0.073799
2 0.87458 0.454363 0.0285172 0.0780013
18 0.178355 0.766948 0.0355348 0.0843793
7 0.443325 0.244684 0.0298662 0.0539182
22 0.899913 0.324898 0.0274857 0.0754764
18 0.168181 0.51553 0.0303822 0.0726563
