5 0.226651 0.210081 0.0329472 0.0669496
1 0.296571 0.108419 0.0193838 0.0514219
3 0.69079 0.780997 0.0252167 0.089268
13 0.52322 0.156645 0.0212927 0.0529285
15 0.587294 0.47477 0.0261168 0.0721353
21 0.78048 0.231626 0.0228835 0.0590348
2 0.87708 0.454295 0.0273129 0.0775918
11 0.485785 0.207436 0.0191301 0.0450027
22 0.897992 0.32927 0.0255981 0.0733655
9 0.162321 0.502767 0.0312952 0.0758376
3 0.159388 0.751986 0.0292407 0.0834086
7 0.426574 0.249285 0.0285742 0.0612911
6 0.162417 0.50399 0.0305592 0.0745977
18 0.158589 0.75141 0.0287953 0.0836583
18 0.162361 0.502756 0.0308844 0.0734073
14 0.594461 0.351921 0.022932 0.0660931
9 0.158584 0.416645 0.0235332 0.05971
18 0.451192 0.557767 0.0332846 0.0783672
5 0.226651 0.210081 0.0329472 0.0669496
1 0.296571 0.108419 0.0193838 0.0514219
3 0.69079 0.780997 0.0252167 0.089268
13 0.52322 0.156645 0.0212927 0.0529285
15 0.587294 0.47477 0.0261168 0.0721353
21 0.78048 0.231626 0.0228835 0.0590348
2 0.87708 0.454295 0.0273129 0.0775918
11 0.485785 0.207436 0.0191301 0.0450027
22 0.897992 0.32927 0.0255981 0.0733655
9 0.162321 0.502767 0.0312952 0.0758376
3 0.159388 0.751986 0.0292407 0.0834086
7 0.426574 0.249285 0.0285742 0.0612911
6 0.162417 0.50399 0.0305592 0.0745977
18 0.158589 0.75141 0.0287953 0.0836583
18 0.162361 0.502756 0.0308844 0.0734073
14 0.594461 0.351921 0.022932 0.0660931
9 0.158584 0.416645 0.0235332 0.05971
18 0.451192 0.557767 0.0332846 0.0783672
5 0.226651 0.210081 0.0329472 0.0669496
1 0.296571 0.108419 0.0193838 0.0514219
3 0.69079 0.780997 0.0252167 0.089268
13 0.52322 0.156645 0.0212927 0.0529285
15 0.587294 0.47477 0.0261168 0.0721353
21 0.78048 0.231626 0.0228835 0.0590348
2 0.87708 0.454295 0.0273129 0.0775918
11 0.485785 0.207436 0.0191301 0.0450027
22 0.897992 0.32927 0.0255981 0.0733655
9 0.162321 0.502767 0.0312952 0.0758376
3 0.159388 0.751986 0.0292407 0.0834086
7 0.426574 0.249285 0.0285742 0.0612911
6 0.162417 0.50399 0.0305592 0.0745977
18 0.158589 0.75141 0.0287953 0.0836583
18 0.162361 0.502756 0.0308844 0.0734073
14 0.594461 0.351921 0.022932 0.0660931
9 0.158584 0.416645 0.0235332 0.05971
18 0.451192 0.557767 0.0332846 0.0783672
5 0.226651 0.210081 0.0329472 0.0669496
1 0.296571 0.108419 0.0193838 0.0514219
3 0.69079 0.780997 0.0252167 0.089268
13 0.52322 0.156645 0.0212927 0.0529285
15 0.587294 0.47477 0.0261168 0.0721353
21 0.78048 0.231626 0.0228835 0.0590348
2 0.87708 0.454295 0.0273129 0.0775918
11 0.485785 0.207436 0.0191301 0.0450027
22 0.897992 0.32927 0.0255981 0.0733655
9 0.162321 0.502767 0.0312952 0.0758376
3 0.159388 0.751986 0.0292407 0.0834086
7 0.426574 0.249285 0.0285742 0.0612911
6 0.162417 0.50399 0.0305592 0.0745977
18 0.158589 0.75141 0.0287953 0.0836583
18 0.162361 0.502756 0.0308844 0.0734073
14 0.594461 0.351921 0.022932 0.0660931
9 0.158584 0.416645 0.0235332 0.05971
18 0.451192 0.557767 0.0332846 0.0783672
