3 0.688022 0.786123 0.0325129 0.0942291
1 0.297582 0.105154 0.0213238 0.0529443
5 0.233304 0.216702 0.0290334 0.0666395
23 0.401598 0.395019 0.0179371 0.0591923
0 0.308607 0.153996 0.0127853 0.0194331
9 0.167848 0.511436 0.0316585 0.0767033
15 0.593578 0.472542 0.0246061 0.0708976
16 0.171626 0.766576 0.0345403 0.0828678
18 0.172108 0.766597 0.0343367 0.0845744
2 0.874512 0.453327 0.0298473 0.0782516
6 0.167413 0.512697 0.0322299 0.0771253
18 0.168238 0.512596 0.0305931 0.0754177
22 0.898253 0.3269 0.0247009 0.0757402
13 0.530741 0.157587 0.0213306 0.0530158
9 0.496402 0.276662 0.0208624 0.0616838
3 0.17129 0.766268 0.0355628 0.0845476
14 0.595343 0.345644 0.0224155 0.0679484
12 0.456125 0.1538 0.0163589 0.0452948
12 0.297677 0.10499 0.022496 0.0534742
11 0.48888 0.207631 0.0198715 0.0414172
3 0.688022 0.786123 0.0325129 0.0942291
1 0.297582 0.105154 0.0213238 0.0529443
5 0.233304 0.216702 0.0290334 0.0666395
23 0.401598 0.395019 0.0179371 0.0591923
0 0.308607 0.153996 0.0127853 0.0194331
9 0.167848 0.511436 0.0316585 0.0767033
15 0.593578 0.472542 0.0246061 0.0708976
16 0.171626 0.766576 0.0345403 0.0828678
18 0.172108 0.766597 0.0343367 0.0845744
2 0.874512 0.453327 0.0298473 0.0782516
6 0.167413 0.512697 0.0322299 0.0771253
18 0.168238 0.512596 0.0305931 0.0754177
22 0.898253 0.3269 0.0247009 0.0757402
13 0.530741 0.157587 0.0213306 0.0530158
9 0.496402 0.276662 0.0208624 0.0616838
3 0.17129 0.766268 0.0355628 0.0845476
14 0.595343 0.345644 0.0224155 0.0679484
12 0.456125 0.1538 0.0163589 0.0452948
12 0.297677 0.10499 0.022496 0.0534742
11 0.48888 0.207631 0.0198715 0.0414172
3 0.688022 0.786123 0.0325129 0.0942291
1 0.297582 0.105154 0.0213238 0.0529443
5 0.233304 0.216702 0.0290334 0.0666395
23 0.401598 0.395019 0.0179371 0.0591923
0 0.308607 0.153996 0.0127853 0.0194331
9 0.167848 0.511436 0.0316585 0.0767033
15 0.593578 0.472542 0.0246061 0.0708976
16 0.171626 0.766576 0.0345403 0.0828678
18 0.172108 0.766597 0.0343367 0.0845744
2 0.874512 0.453327 0.0298473 0.0782516
6 0.167413 0.512697 0.0322299 0.0771253
18 0.168238 0.512596 0.0305931 0.0754177
22 0.898253 0.3269 0.0247009 0.0757402
13 0.530741 0.157587 0.0213306 0.0530158
9 0.496402 0.276662 0.0208624 0.0616838
3 0.17129 0.766268 0.0355628 0.0845476
14 0.595343 0.345644 0.0224155 0.0679484
12 0.456125 0.1538 0.0163589 0.0452948
12 0.297677 0.10499 0.022496 0.0534742
11 0.48888 0.207631 0.0198715 0.0414172
3 0.688022 0.786123 0.0325129 0.0942291
1 0.297582 0.105154 0.0213238 0.0529443
5 0.233304 0.216702 0.0290334 0.0666395
23 0.401598 0.395019 0.0179371 0.0591923
0 0.308607 0.153996 0.0127853 0.0194331
9 0.167848 0.511436 0.0316585 0.0767033
15 0.593578 0.472542 0.0246061 0.0708976
16 0.171626 0.766576 0.0345403 0.0828678
18 0.172108 0.766597 0.0343367 0.0845744
2 0.874512 0.453327 0.0298473 0.0782516
6 0.167413 0.512697 0.0322299 0.0771253
18 0.168238 0.512596 0.0305931 0.0754177
22 0.898253 0.3269 0.0247009 0.0757402
13 0.530741 0.157587 0.0213306 0.0530158
9 0.496402 0.276662 0.0208624 0.0616838
3 0.17129 0.766268 0.0355628 0.0845476
14 0.595343 0.345644 0.0224155 0.0679484
12 0.456125 0.1538 0.0163589 0.0452948
12 0.297677 0.10499 0.022496 0.0534742
11 0.48888 0.207631 0.0198715 0.0414172
