5 0.232972 0.212463 0.0302277 0.0638579
9 0.16757 0.48462 0.0332977 0.0697137
1 0.308934 0.121517 0.0230774 0.0503706
2 0.876422 0.461343 0.0292484 0.0760084
3 0.699597 0.77825 0.0326997 0.0801242
13 0.51902 0.16243 0.0253176 0.052791
15 0.584383 0.474056 0.0257156 0.0712993
12 0.433236 0.164911 0.0243515 0.0495318
18 0.152277 0.721965 0.0337602 0.0883846
16 0.152258 0.720466 0.0345122 0.0884142
11 0.487478 0.214672 0.0215653 0.0460323
18 0.437563 0.554802 0.0294302 0.0720335
20 0.516511 0.280136 0.0218739 0.0652367
13 0.470444 0.170876 0.0222658 0.0528783
23 0.397806 0.389171 0.0214319 0.0604765
12 0.308962 0.121407 0.0238146 0.0523713
9 0.516782 0.280451 0.0207682 0.0660711
22 0.896005 0.33363 0.0248352 0.0719613
18 0.877481 0.46168 0.0276867 0.0734162
5 0.232972 0.212463 0.0302277 0.0638579
9 0.16757 0.48462 0.0332977 0.0697137
1 0.308934 0.121517 0.0230774 0.0503706
2 0.876422 0.461343 0.0292484 0.0760084
3 0.699597 0.77825 0.0326997 0.0801242
13 0.51902 0.16243 0.0253176 0.052791
15 0.584383 0.474056 0.0257156 0.0712993
12 0.433236 0.164911 0.0243515 0.0495318
18 0.152277 0.721965 0.0337602 0.0883846
16 0.152258 0.720466 0.0345122 0.0884142
11 0.487478 0.214672 0.0215653 0.0460323
18 0.437563 0.554802 0.0294302 0.0720335
20 0.516511 0.280136 0.0218739 0.0652367
13 0.470444 0.170876 0.0222658 0.0528783
23 0.397806 0.389171 0.0214319 0.0604765
12 0.308962 0.121407 0.0238146 0.0523713
9 0.516782 0.280451 0.0207682 0.0660711
22 0.896005 0.33363 0.0248352 0.0719613
18 0.877481 0.46168 0.0276867 0.0734162
5 0.232972 0.212463 0.0302277 0.0638579
9 0.16757 0.48462 0.0332977 0.0697137
1 0.308934 0.121517 0.0230774 0.0503706
2 0.876422 0.461343 0.0292484 0.0760084
3 0.699597 0.77825 0.0326997 0.0801242
13 0.51902 0.16243 0.0253176 0.052791
15 0.584383 0.474056 0.0257156 0.0712993
12 0.433236 0.164911 0.0243515 0.0495318
18 0.152277 0.721965 0.0337602 0.0883846
16 0.152258 0.720466 0.0345122 0.0884142
11 0.487478 0.214672 0.0215653 0.0460323
18 0.437563 0.554802 0.0294302 0.0720335
20 0.516511 0.280136 0.0218739 0.0652367
13 0.470444 0.170876 0.0222658 0.0528783
23 0.397806 0.389171 0.0214319 0.0604765
12 0.308962 0.121407 0.0238146 0.0523713
9 0.516782 0.280451 0.0207682 0.0660711
22 0.896005 0.33363 0.0248352 0.0719613
18 0.877481 0.46168 0.0276867 0.0734162
5 0.232972 0.212463 0.0302277 0.0638579
9 0.16757 0.48462 0.0332977 0.0697137
1 0.308934 0.121517 0.0230774 0.0503706
2 0.876422 0.461343 0.0292484 0.0760084
3 0.699597 0.77825 0.0326997 0.0801242
13 0.51902 0.16243 0.0253176 0.052791
15 0.584383 0.474056 0.0257156 0.0712993
12 0.433236 0.164911 0.0243515 0.0495318
18 0.152277 0.721965 0.0337602 0.0883846
16 0.152258 0.720466 0.0345122 0.0884142
11 0.487478 0.214672 0.0215653 0.0460323
18 0.437563 0.554802 0.0294302 0.0720335
20 0.516511 0.280136 0.0218739 0.0652367
13 0.470444 0.170876 0.0222658 0.0528783
23 0.397806 0.389171 0.0214319 0.0604765
12 0.308962 0.121407 0.0238146 0.0523713
9 0.516782 0.280451 0.0207682 0.0660711
22 0.896005 0.33363 0.0248352 0.0719613
18 0.877481 0.46168 0.0276867 0.0734162
