23 0.463246 0.302218 0.0167661 0.0493431
1 0.33449 0.235058 0.0205846 0.0471114
16 0.128636 0.387885 0.0218895 0.0484824
3 0.728273 0.654308 0.0271946 0.0831127
4 0.135338 0.314556 0.0238492 0.0403312
12 0.281211 0.198322 0.0129338 0.0381205
2 0.838125 0.462263 0.0258078 0.067599
9 0.321679 0.320115 0.0236717 0.057034
20 0.700518 0.30672 0.0190175 0.0582814
8 0.248109 0.290409 0.0151134 0.0536819
6 0.170884 0.365312 0.015161 0.049657
21 0.831848 0.296985 0.0220267 0.0555697
15 0.429201 0.40632 0.0207806 0.0563304
7 0.285399 0.238478 0.0160115 0.0396593
7 0.305772 0.238382 0.0147029 0.0426207
2 0.832484 0.297601 0.021138 0.0543873
18 0.307428 0.437165 0.0208141 0.0682031
13 0.41321 0.213491 0.0146867 0.0477144
14 0.662352 0.385969 0.0233821 0.0624622
23 0.463246 0.302218 0.0167661 0.0493431
1 0.33449 0.235058 0.0205846 0.0471114
16 0.128636 0.387885 0.0218895 0.0484824
3 0.728273 0.654308 0.0271946 0.0831127
4 0.135338 0.314556 0.0238492 0.0403312
12 0.281211 0.198322 0.0129338 0.0381205
2 0.838125 0.462263 0.0258078 0.067599
9 0.321679 0.320115 0.0236717 0.057034
20 0.700518 0.30672 0.0190175 0.0582814
8 0.248109 0.290409 0.0151134 0.0536819
6 0.170884 0.365312 0.015161 0.049657
21 0.831848 0.296985 0.0220267 0.0555697
15 0.429201 0.40632 0.0207806 0.0563304
7 0.285399 0.238478 0.0160115 0.0396593
7 0.305772 0.238382 0.0147029 0.0426207
2 0.832484 0.297601 0.021138 0.0543873
18 0.307428 0.437165 0.0208141 0.0682031
13 0.41321 0.213491 0.0146867 0.0477144
14 0.662352 0.385969 0.0233821 0.0624622
23 0.463246 0.302218 0.0167661 0.0493431
1 0.33449 0.235058 0.0205846 0.0471114
16 0.128636 0.387885 0.0218895 0.0484824
3 0.728273 0.654308 0.0271946 0.0831127
4 0.135338 0.314556 0.0238492 0.0403312
12 0.281211 0.198322 0.0129338 0.0381205
2 0.838125 0.462263 0.0258078 0.067599
9 0.321679 0.320115 0.0236717 0.057034
20 0.700518 0.30672 0.0190175 0.0582814
8 0.248109 0.290409 0.0151134 0.0536819
6 0.170884 0.365312 0.015161 0.049657
21 0.831848 0.296985 0.0220267 0.0555697
15 0.429201 0.40632 0.0207806 0.0563304
7 0.285399 0.238478 0.0160115 0.0396593
7 0.305772 0.238382 0.0147029 0.0426207
2 0.832484 0.297601 0.021138 0.0543873
18 0.307428 0.437165 0.0208141 0.0682031
13 0.41321 0.213491 0.0146867 0.0477144
14 0.662352 0.385969 0.0233821 0.0624622
23 0.463246 0.302218 0.0167661 0.0493431
1 0.33449 0.235058 0.0205846 0.0471114
16 0.128636 0.387885 0.0218895 0.0484824
3 0.728273 0.654308 0.0271946 0.0831127
4 0.135338 0.314556 0.0238492 0.0403312
12 0.281211 0.198322 0.0129338 0.0381205
2 0.838125 0.462263 0.0258078 0.067599
9 0.321679 0.320115 0.0236717 0.057034
20 0.700518 0.30672 0.0190175 0.0582814
8 0.248109 0.290409 0.0151134 0.0536819
6 0.170884 0.365312 0.015161 0.049657
21 0.831848 0.296985 0.0220267 0.0555697
15 0.429201 0.40632 0.0207806 0.0563304
7 0.285399 0.238478 0.0160115 0.0396593
7 0.305772 0.238382 0.0147029 0.0426207
2 0.832484 0.297601 0.021138 0.0543873
18 0.307428 0.437165 0.0208141 0.0682031
13 0.41321 0.213491 0.0146867 0.0477144
14 0.662352 0.385969 0.0233821 0.0624622
