23 0.459917 0.306566 0.016655 0.050869
3 0.726386 0.659131 0.0246372 0.0736508
12 0.29201 0.193281 0.0150842 0.0382139
16 0.141774 0.405874 0.0226978 0.0520606
0 0.21892 0.316715 0.0100944 0.0178703
20 0.689859 0.305487 0.018647 0.0566987
1 0.329418 0.226007 0.0234086 0.0505469
2 0.838629 0.461808 0.0257076 0.0812969
4 0.118253 0.313111 0.019106 0.0507689
5 0.283689 0.23946 0.0227584 0.0395835
6 0.178159 0.369181 0.022467 0.0504847
22 0.952361 0.389266 0.0213661 0.073359
7 0.307275 0.238877 0.0147784 0.0399977
15 0.445106 0.418497 0.021551 0.0700446
13 0.421117 0.212529 0.0174032 0.0440457
2 0.823289 0.297344 0.020697 0.0550743
20 0.49829 0.264269 0.0160671 0.0524647
10 0.461074 0.220972 0.0155174 0.0477002
17 0.252391 0.281001 0.0115396 0.0444261
9 0.327672 0.315987 0.0224104 0.0629218
23 0.459917 0.306566 0.016655 0.050869
3 0.726386 0.659131 0.0246372 0.0736508
12 0.29201 0.193281 0.0150842 0.0382139
16 0.141774 0.405874 0.0226978 0.0520606
0 0.21892 0.316715 0.0100944 0.0178703
20 0.689859 0.305487 0.018647 0.0566987
1 0.329418 0.226007 0.0234086 0.0505469
2 0.838629 0.461808 0.0257076 0.0812969
4 0.118253 0.313111 0.019106 0.0507689
5 0.283689 0.23946 0.0227584 0.0395835
6 0.178159 0.369181 0.022467 0.0504847
22 0.952361 0.389266 0.0213661 0.073359
7 0.307275 0.238877 0.0147784 0.0399977
15 0.445106 0.418497 0.021551 0.0700446
13 0.421117 0.212529 0.0174032 0.0440457
2 0.823289 0.297344 0.020697 0.0550743
20 0.49829 0.264269 0.0160671 0.0524647
10 0.461074 0.220972 0.0155174 0.0477002
17 0.252391 0.281001 0.0115396 0.0444261
9 0.327672 0.315987 0.0224104 0.0629218
23 0.459917 0.306566 0.016655 0.050869
3 0.726386 0.659131 0.0246372 0.0736508
12 0.29201 0.193281 0.0150842 0.0382139
16 0.141774 0.405874 0.0226978 0.0520606
0 0.21892 0.316715 0.0100944 0.0178703
20 0.689859 0.305487 0.018647 0.0566987
1 0.329418 0.226007 0.0234086 0.0505469
2 0.838629 0.461808 0.0257076 0.0812969
4 0.118253 0.313111 0.019106 0.0507689
5 0.283689 0.23946 0.0227584 0.0395835
6 0.178159 0.369181 0.022467 0.0504847
22 0.952361 0.389266 0.0213661 0.073359
7 0.307275 0.238877 0.0147784 0.0399977
15 0.445106 0.418497 0.021551 0.0700446
13 0.421117 0.212529 0.0174032 0.0440457
2 0.823289 0.297344 0.020697 0.0550743
20 0.49829 0.264269 0.0160671 0.0524647
10 0.461074 0.220972 0.0155174 0.0477002
17 0.252391 0.281001 0.0115396 0.0444261
9 0.327672 0.315987 0.0224104 0.0629218
23 0.459917 0.306566 0.016655 0.050869
3 0.726386 0.659131 0.0246372 0.0736508
12 0.29201 0.193281 0.0150842 0.0382139
16 0.141774 0.405874 0.0226978 0.0520606
0 0.21892 0.316715 0.0100944 0.0178703
20 0.689859 0.305487 0.018647 0.0566987
1 0.329418 0.226007 0.0234086 0.0505469
2 0.838629 0.461808 0.0257076 0.0812969
4 0.118253 0.313111 0.019106 0.0507689
5 0.283689 0.23946 0.0227584 0.0395835
6 0.178159 0.369181 0.022467 0.0504847
22 0.952361 0.389266 0.0213661 0.073359
7 0.307275 0.238877 0.0147784 0.0399977
15 0.445106 0.418497 0.021551 0.0700446
13 0.421117 0.212529 0.0174032 0.0440457
2 0.823289 0.297344 0.020697 0.0550743
20 0.49829 0.264269 0.0160671 0.0524647
10 0.461074 0.220972 0.0155174 0.0477002
17 0.252391 0.281001 0.0115396 0.0444261
9 0.327672 0.315987 0.0224104 0.0629218
