23 0.468481 0.349223 0.0200979 0.0532298
4 0.0576546 0.325616 0.0174682 0.0562617
3 0.738359 0.69773 0.0254293 0.0795405
6 0.225491 0.399925 0.0218346 0.0579435
8 0.225558 0.33362 0.0172313 0.0488154
2 0.873837 0.475183 0.028159 0.0647646
20 0.663998 0.309606 0.0175289 0.0575975
8 0.248438 0.322806 0.0177308 0.0490191
16 0.192843 0.49518 0.0224588 0.0626172
5 0.318497 0.248669 0.0219091 0.0449488
7 0.371435 0.263984 0.0189273 0.0462568
0 0.3571 0.228051 0.00824499 0.01875
11 0.511841 0.268617 0.0191439 0.0456372
15 0.543658 0.448955 0.0242967 0.0605711
12 0.383812 0.205859 0.0162414 0.0403822
2 0.389135 0.476993 0.0254529 0.0643462
22 0.935316 0.382723 0.0227907 0.0661168
13 0.493494 0.21629 0.0125113 0.0433476
13 0.480806 0.225776 0.0119608 0.045026
9 0.395693 0.337026 0.0263074 0.0590596
2 0.823295 0.302506 0.0207951 0.0543733
23 0.468481 0.349223 0.0200979 0.0532298
4 0.0576546 0.325616 0.0174682 0.0562617
3 0.738359 0.69773 0.0254293 0.0795405
6 0.225491 0.399925 0.0218346 0.0579435
8 0.225558 0.33362 0.0172313 0.0488154
2 0.873837 0.475183 0.028159 0.0647646
20 0.663998 0.309606 0.0175289 0.0575975
8 0.248438 0.322806 0.0177308 0.0490191
16 0.192843 0.49518 0.0224588 0.0626172
5 0.318497 0.248669 0.0219091 0.0449488
7 0.371435 0.263984 0.0189273 0.0462568
0 0.3571 0.228051 0.00824499 0.01875
11 0.511841 0.268617 0.0191439 0.0456372
15 0.543658 0.448955 0.0242967 0.0605711
12 0.383812 0.205859 0.0162414 0.0403822
2 0.389135 0.476993 0.0254529 0.0643462
22 0.935316 0.382723 0.0227907 0.0661168
13 0.493494 0.21629 0.0125113 0.0433476
13 0.480806 0.225776 0.0119608 0.045026
9 0.395693 0.337026 0.0263074 0.0590596
2 0.823295 0.302506 0.0207951 0.0543733
23 0.468481 0.349223 0.0200979 0.0532298
4 0.0576546 0.325616 0.0174682 0.0562617
3 0.738359 0.69773 0.0254293 0.0795405
6 0.225491 0.399925 0.0218346 0.0579435
8 0.225558 0.33362 0.0172313 0.0488154
2 0.873837 0.475183 0.028159 0.0647646
20 0.663998 0.309606 0.0175289 0.0575975
8 0.248438 0.322806 0.0177308 0.0490191
16 0.192843 0.49518 0.0224588 0.0626172
5 0.318497 0.248669 0.0219091 0.0449488
7 0.371435 0.263984 0.0189273 0.0462568
0 0.3571 0.228051 0.00824499 0.01875
11 0.511841 0.268617 0.0191439 0.0456372
15 0.543658 0.448955 0.0242967 0.0605711
12 0.383812 0.205859 0.0162414 0.0403822
2 0.389135 0.476993 0.0254529 0.0643462
22 0.935316 0.382723 0.0227907 0.0661168
13 0.493494 0.21629 0.0125113 0.0433476
13 0.480806 0.225776 0.0119608 0.045026
9 0.395693 0.337026 0.0263074 0.0590596
2 0.823295 0.302506 0.0207951 0.0543733
23 0.468481 0.349223 0.0200979 0.0532298
4 0.0576546 0.325616 0.0174682 0.0562617
3 0.738359 0.69773 0.0254293 0.0795405
6 0.225491 0.399925 0.0218346 0.0579435
8 0.225558 0.33362 0.0172313 0.0488154
2 0.873837 0.475183 0.028159 0.0647646
20 0.663998 0.309606 0.0175289 0.0575975
8 0.248438 0.322806 0.0177308 0.0490191
16 0.192843 0.49518 0.0224588 0.0626172
5 0.318497 0.248669 0.0219091 0.0449488
7 0.371435 0.263984 0.0189273 0.0462568
0 0.3571 0.228051 0.00824499 0.01875
11 0.511841 0.268617 0.0191439 0.0456372
15 0.543658 0.448955 0.0242967 0.0605711
12 0.383812 0.205859 0.0162414 0.0403822
2 0.389135 0.476993 0.0254529 0.0643462
22 0.935316 0.382723 0.0227907 0.0661168
13 0.493494 0.21629 0.0125113 0.0433476
13 0.480806 0.225776 0.0119608 0.045026
9 0.395693 0.337026 0.0263074 0.0590596
2 0.823295 0.302506 0.0207951 0.0543733
