5 0.312798 0.247029 0.0254227 0.0546681
3 0.730294 0.722015 0.0252157 0.078378
23 0.452331 0.375054 0.0205207 0.0552087
6 0.230916 0.429176 0.0251038 0.0542452
1 0.369423 0.194231 0.017052 0.0452717
13 0.511929 0.209476 0.0167574 0.0421814
12 0.41219 0.211235 0.0179544 0.0449133
9 0.406275 0.34788 0.0288069 0.0595706
11 0.510921 0.263175 0.0215602 0.0432863
21 0.807002 0.292128 0.0203039 0.0551403
2 0.87586 0.478929 0.0248456 0.0664446
20 0.621816 0.306824 0.0186947 0.0574598
9 0.391794 0.274388 0.0188698 0.0501237
14 0.65479 0.384837 0.0205697 0.0583158
16 0.193715 0.570782 0.0226385 0.0654702
10 0.487648 0.219666 0.0165499 0.0490012
18 0.414093 0.504353 0.0275658 0.0634196
13 0.48861 0.219015 0.0163481 0.0483778
22 0.91218 0.374549 0.0217402 0.0667316
5 0.312798 0.247029 0.0254227 0.0546681
3 0.730294 0.722015 0.0252157 0.078378
23 0.452331 0.375054 0.0205207 0.0552087
6 0.230916 0.429176 0.0251038 0.0542452
1 0.369423 0.194231 0.017052 0.0452717
13 0.511929 0.209476 0.0167574 0.0421814
12 0.41219 0.211235 0.0179544 0.0449133
9 0.406275 0.34788 0.0288069 0.0595706
11 0.510921 0.263175 0.0215602 0.0432863
21 0.807002 0.292128 0.0203039 0.0551403
2 0.87586 0.478929 0.0248456 0.0664446
20 0.621816 0.306824 0.0186947 0.0574598
9 0.391794 0.274388 0.0188698 0.0501237
14 0.65479 0.384837 0.0205697 0.0583158
16 0.193715 0.570782 0.0226385 0.0654702
10 0.487648 0.219666 0.0165499 0.0490012
18 0.414093 0.504353 0.0275658 0.0634196
13 0.48861 0.219015 0.0163481 0.0483778
22 0.91218 0.374549 0.0217402 0.0667316
5 0.312798 0.247029 0.0254227 0.0546681
3 0.730294 0.722015 0.0252157 0.078378
23 0.452331 0.375054 0.0205207 0.0552087
6 0.230916 0.429176 0.0251038 0.0542452
1 0.369423 0.194231 0.017052 0.0452717
13 0.511929 0.209476 0.0167574 0.0421814
12 0.41219 0.211235 0.0179544 0.0449133
9 0.406275 0.34788 0.0288069 0.0595706
11 0.510921 0.263175 0.0215602 0.0432863
21 0.807002 0.292128 0.0203039 0.0551403
2 0.87586 0.478929 0.0248456 0.0664446
20 0.621816 0.306824 0.0186947 0.0574598
9 0.391794 0.274388 0.0188698 0.0501237
14 0.65479 0.384837 0.0205697 0.0583158
16 0.193715 0.570782 0.0226385 0.0654702
10 0.487648 0.219666 0.0165499 0.0490012
18 0.414093 0.504353 0.0275658 0.0634196
13 0.48861 0.219015 0.0163481 0.0483778
22 0.91218 0.374549 0.0217402 0.0667316
5 0.312798 0.247029 0.0254227 0.0546681
3 0.730294 0.722015 0.0252157 0.078378
23 0.452331 0.375054 0.0205207 0.0552087
6 0.230916 0.429176 0.0251038 0.0542452
1 0.369423 0.194231 0.017052 0.0452717
13 0.511929 0.209476 0.0167574 0.0421814
12 0.41219 0.211235 0.0179544 0.0449133
9 0.406275 0.34788 0.0288069 0.0595706
11 0.510921 0.263175 0.0215602 0.0432863
21 0.807002 0.292128 0.0203039 0.0551403
2 0.87586 0.478929 0.0248456 0.0664446
20 0.621816 0.306824 0.0186947 0.0574598
9 0.391794 0.274388 0.0188698 0.0501237
14 0.65479 0.384837 0.0205697 0.0583158
16 0.193715 0.570782 0.0226385 0.0654702
10 0.487648 0.219666 0.0165499 0.0490012
18 0.414093 0.504353 0.0275658 0.0634196
13 0.48861 0.219015 0.0163481 0.0483778
22 0.91218 0.374549 0.0217402 0.0667316
