16 0.190902 0.472397 0.0256572 0.062174
4 0.0845978 0.322775 0.0184178 0.0554978
3 0.74385 0.688746 0.0261649 0.0802103
5 0.318807 0.245326 0.0260708 0.0474986
2 0.875345 0.476052 0.0261959 0.0632092
23 0.476526 0.336556 0.0185627 0.0536895
6 0.225202 0.385186 0.021137 0.057923
20 0.680794 0.310158 0.0188639 0.0543395
6 0.243341 0.321611 0.0161849 0.036414
9 0.386661 0.331116 0.0247137 0.0592977
2 0.376371 0.46765 0.028141 0.0642207
12 0.363852 0.208908 0.0160424 0.0467138
14 0.677539 0.391186 0.0243983 0.0664636
18 0.376415 0.467542 0.0286642 0.0638394
21 0.83117 0.303715 0.0207405 0.0556798
22 0.950439 0.385969 0.0231553 0.0661757
2 0.831715 0.303162 0.0197626 0.0552881
16 0.190902 0.472397 0.0256572 0.062174
4 0.0845978 0.322775 0.0184178 0.0554978
3 0.74385 0.688746 0.0261649 0.0802103
5 0.318807 0.245326 0.0260708 0.0474986
2 0.875345 0.476052 0.0261959 0.0632092
23 0.476526 0.336556 0.0185627 0.0536895
6 0.225202 0.385186 0.021137 0.057923
20 0.680794 0.310158 0.0188639 0.0543395
6 0.243341 0.321611 0.0161849 0.036414
9 0.386661 0.331116 0.0247137 0.0592977
2 0.376371 0.46765 0.028141 0.0642207
12 0.363852 0.208908 0.0160424 0.0467138
14 0.677539 0.391186 0.0243983 0.0664636
18 0.376415 0.467542 0.0286642 0.0638394
21 0.83117 0.303715 0.0207405 0.0556798
22 0.950439 0.385969 0.0231553 0.0661757
2 0.831715 0.303162 0.0197626 0.0552881
16 0.190902 0.472397 0.0256572 0.062174
4 0.0845978 0.322775 0.0184178 0.0554978
3 0.74385 0.688746 0.0261649 0.0802103
5 0.318807 0.245326 0.0260708 0.0474986
2 0.875345 0.476052 0.0261959 0.0632092
23 0.476526 0.336556 0.0185627 0.0536895
6 0.225202 0.385186 0.021137 0.057923
20 0.680794 0.310158 0.0188639 0.0543395
6 0.243341 0.321611 0.0161849 0.036414
9 0.386661 0.331116 0.0247137 0.0592977
2 0.376371 0.46765 0.028141 0.0642207
12 0.363852 0.208908 0.0160424 0.0467138
14 0.677539 0.391186 0.0243983 0.0664636
18 0.376415 0.467542 0.0286642 0.0638394
21 0.83117 0.303715 0.0207405 0.0556798
22 0.950439 0.385969 0.0231553 0.0661757
2 0.831715 0.303162 0.0197626 0.0552881
16 0.190902 0.472397 0.0256572 0.062174
4 0.0845978 0.322775 0.0184178 0.0554978
3 0.74385 0.688746 0.0261649 0.0802103
5 0.318807 0.245326 0.0260708 0.0474986
2 0.875345 0.476052 0.0261959 0.0632092
23 0.476526 0.336556 0.0185627 0.0536895
6 0.225202 0.385186 0.021137 0.057923
20 0.680794 0.310158 0.0188639 0.0543395
6 0.243341 0.321611 0.0161849 0.036414
9 0.386661 0.331116 0.0247137 0.0592977
2 0.376371 0.46765 0.028141 0.0642207
12 0.363852 0.208908 0.0160424 0.0467138
14 0.677539 0.391186 0.0243983 0.0664636
18 0.376415 0.467542 0.0286642 0.0638394
21 0.83117 0.303715 0.0207405 0.0556798
22 0.950439 0.385969 0.0231553 0.0661757
2 0.831715 0.303162 0.0197626 0.0552881
