4 0.140605 0.334702 0.029453 0.0281883
6 0.180787 0.358377 0.0167207 0.0586226
9 0.322039 0.326349 0.0145058 0.0477511
2 0.851108 0.466816 0.027145 0.0604143
1 0.275025 0.212742 0.0187688 0.0455928
3 0.745628 0.644529 0.0314365 0.0806398
20 0.726217 0.309117 0.0180398 0.0591647
23 0.47942 0.295562 0.0178096 0.0511882
12 0.27472 0.212857 0.0186841 0.0455462
16 0.122926 0.37898 0.021486 0.0236291
21 0.858279 0.30213 0.0224873 0.0544881
12 0.346785 0.242272 0.0184423 0.0520806
10 0.510456 0.216531 0.0134097 0.0526953
15 0.420133 0.396027 0.0185812 0.0577192
8 0.41398 0.214532 0.0150967 0.0523162
1 0.346779 0.242311 0.0178796 0.0517509
14 0.67989 0.387582 0.0204304 0.0597063
4 0.140605 0.334702 0.029453 0.0281883
6 0.180787 0.358377 0.0167207 0.0586226
9 0.322039 0.326349 0.0145058 0.0477511
2 0.851108 0.466816 0.027145 0.0604143
1 0.275025 0.212742 0.0187688 0.0455928
3 0.745628 0.644529 0.0314365 0.0806398
20 0.726217 0.309117 0.0180398 0.0591647
23 0.47942 0.295562 0.0178096 0.0511882
12 0.27472 0.212857 0.0186841 0.0455462
16 0.122926 0.37898 0.021486 0.0236291
21 0.858279 0.30213 0.0224873 0.0544881
12 0.346785 0.242272 0.0184423 0.0520806
10 0.510456 0.216531 0.0134097 0.0526953
15 0.420133 0.396027 0.0185812 0.0577192
8 0.41398 0.214532 0.0150967 0.0523162
1 0.346779 0.242311 0.0178796 0.0517509
14 0.67989 0.387582 0.0204304 0.0597063
4 0.140605 0.334702 0.029453 0.0281883
6 0.180787 0.358377 0.0167207 0.0586226
9 0.322039 0.326349 0.0145058 0.0477511
2 0.851108 0.466816 0.027145 0.0604143
1 0.275025 0.212742 0.0187688 0.0455928
3 0.745628 0.644529 0.0314365 0.0806398
20 0.726217 0.309117 0.0180398 0.0591647
23 0.47942 0.295562 0.0178096 0.0511882
12 0.27472 0.212857 0.0186841 0.0455462
16 0.122926 0.37898 0.021486 0.0236291
21 0.858279 0.30213 0.0224873 0.0544881
12 0.346785 0.242272 0.0184423 0.0520806
10 0.510456 0.216531 0.0134097 0.0526953
15 0.420133 0.396027 0.0185812 0.0577192
8 0.41398 0.214532 0.0150967 0.0523162
1 0.346779 0.242311 0.0178796 0.0517509
14 0.67989 0.387582 0.0204304 0.0597063
4 0.140605 0.334702 0.029453 0.0281883
6 0.180787 0.358377 0.0167207 0.0586226
9 0.322039 0.326349 0.0145058 0.0477511
2 0.851108 0.466816 0.027145 0.0604143
1 0.275025 0.212742 0.0187688 0.0455928
3 0.745628 0.644529 0.0314365 0.0806398
20 0.726217 0.309117 0.0180398 0.0591647
23 0.47942 0.295562 0.0178096 0.0511882
12 0.27472 0.212857 0.0186841 0.0455462
16 0.122926 0.37898 0.021486 0.0236291
21 0.858279 0.30213 0.0224873 0.0544881
12 0.346785 0.242272 0.0184423 0.0520806
10 0.510456 0.216531 0.0134097 0.0526953
15 0.420133 0.396027 0.0185812 0.0577192
8 0.41398 0.214532 0.0150967 0.0523162
1 0.346779 0.242311 0.0178796 0.0517509
14 0.67989 0.387582 0.0204304 0.0597063
