23 0.469899 0.34845 0.0197748 0.0535217
3 0.740813 0.698238 0.0269485 0.0791019
6 0.226406 0.397568 0.0221579 0.0586275
4 0.0640277 0.32483 0.0192896 0.0577394
2 0.874642 0.477483 0.0267985 0.0638072
5 0.321574 0.248288 0.0257193 0.0448495
8 0.227727 0.331198 0.015823 0.0463639
16 0.192904 0.493468 0.0222927 0.0629026
7 0.371034 0.262856 0.0189483 0.0420355
2 0.389065 0.475084 0.0249298 0.0610168
20 0.667383 0.308367 0.0192664 0.0555329
8 0.248241 0.317763 0.0185906 0.0456334
11 0.512107 0.269427 0.020356 0.0455702
15 0.54011 0.446536 0.023225 0.0582548
9 0.395666 0.337085 0.0260101 0.057793
12 0.383093 0.203466 0.0180037 0.0341571
12 0.367553 0.211613 0.0138577 0.0429736
13 0.493902 0.215962 0.0152023 0.0441911
3 0.389136 0.474615 0.0240283 0.0622996
2 0.825842 0.301486 0.0206646 0.0552839
22 0.939112 0.383454 0.0229748 0.0653444
23 0.469899 0.34845 0.0197748 0.0535217
3 0.740813 0.698238 0.0269485 0.0791019
6 0.226406 0.397568 0.0221579 0.0586275
4 0.0640277 0.32483 0.0192896 0.0577394
2 0.874642 0.477483 0.0267985 0.0638072
5 0.321574 0.248288 0.0257193 0.0448495
8 0.227727 0.331198 0.015823 0.0463639
16 0.192904 0.493468 0.0222927 0.0629026
7 0.371034 0.262856 0.0189483 0.0420355
2 0.389065 0.475084 0.0249298 0.0610168
20 0.667383 0.308367 0.0192664 0.0555329
8 0.248241 0.317763 0.0185906 0.0456334
11 0.512107 0.269427 0.020356 0.0455702
15 0.54011 0.446536 0.023225 0.0582548
9 0.395666 0.337085 0.0260101 0.057793
12 0.383093 0.203466 0.0180037 0.0341571
12 0.367553 0.211613 0.0138577 0.0429736
13 0.493902 0.215962 0.0152023 0.0441911
3 0.389136 0.474615 0.0240283 0.0622996
2 0.825842 0.301486 0.0206646 0.0552839
22 0.939112 0.383454 0.0229748 0.0653444
23 0.469899 0.34845 0.0197748 0.0535217
3 0.740813 0.698238 0.0269485 0.0791019
6 0.226406 0.397568 0.0221579 0.0586275
4 0.0640277 0.32483 0.0192896 0.0577394
2 0.874642 0.477483 0.0267985 0.0638072
5 0.321574 0.248288 0.0257193 0.0448495
8 0.227727 0.331198 0.015823 0.0463639
16 0.192904 0.493468 0.0222927 0.0629026
7 0.371034 0.262856 0.0189483 0.0420355
2 0.389065 0.475084 0.0249298 0.0610168
20 0.667383 0.308367 0.0192664 0.0555329
8 0.248241 0.317763 0.0185906 0.0456334
11 0.512107 0.269427 0.020356 0.0455702
15 0.54011 0.446536 0.023225 0.0582548
9 0.395666 0.337085 0.0260101 0.057793
12 0.383093 0.203466 0.0180037 0.0341571
12 0.367553 0.211613 0.0138577 0.0429736
13 0.493902 0.215962 0.0152023 0.0441911
3 0.389136 0.474615 0.0240283 0.0622996
2 0.825842 0.301486 0.0206646 0.0552839
22 0.939112 0.383454 0.0229748 0.0653444
23 0.469899 0.34845 0.0197748 0.0535217
3 0.740813 0.698238 0.0269485 0.0791019
6 0.226406 0.397568 0.0221579 0.0586275
4 0.0640277 0.32483 0.0192896 0.0577394
2 0.874642 0.477483 0.0267985 0.0638072
5 0.321574 0.248288 0.0257193 0.0448495
8 0.227727 0.331198 0.015823 0.0463639
16 0.192904 0.493468 0.0222927 0.0629026
7 0.371034 0.262856 0.0189483 0.0420355
2 0.389065 0.475084 0.0249298 0.0610168
20 0.667383 0.308367 0.0192664 0.0555329
8 0.248241 0.317763 0.0185906 0.0456334
11 0.512107 0.269427 0.020356 0.0455702
15 0.54011 0.446536 0.023225 0.0582548
9 0.395666 0.337085 0.0260101 0.057793
12 0.383093 0.203466 0.0180037 0.0341571
12 0.367553 0.211613 0.0138577 0.0429736
13 0.493902 0.215962 0.0152023 0.0441911
3 0.389136 0.474615 0.0240283 0.0622996
2 0.825842 0.301486 0.0206646 0.0552839
22 0.939112 0.383454 0.0229748 0.0653444
