23 0.457349 0.373981 0.0178908 0.0604606
5 0.316514 0.250089 0.0260527 0.0527748
6 0.231194 0.421237 0.0183947 0.0511948
12 0.408626 0.213378 0.0163599 0.0455198
9 0.407656 0.344461 0.0264528 0.0553489
2 0.874386 0.476005 0.0277699 0.0691829
20 0.631148 0.309635 0.0197763 0.0584223
11 0.511599 0.268016 0.016988 0.0454662
21 0.810239 0.296966 0.0232029 0.0566061
3 0.732688 0.715719 0.0215874 0.0748995
14 0.658488 0.385481 0.0211815 0.0549103
9 0.390128 0.271764 0.0232272 0.0470124
10 0.487624 0.221097 0.0159206 0.0476202
18 0.411468 0.497634 0.0296943 0.0577796
16 0.196938 0.554071 0.02335 0.0633977
13 0.510188 0.213311 0.0181877 0.0396993
13 0.488336 0.219733 0.0155302 0.0469283
22 0.914157 0.377287 0.0241108 0.0671943
20 0.810762 0.297514 0.0220329 0.0573636
4 0.0053993 0.332724 0.0107986 0.0670224
17 0.248033 0.360395 0.0203314 0.0521471
20 0.914249 0.377615 0.023835 0.0645575
23 0.457349 0.373981 0.0178908 0.0604606
5 0.316514 0.250089 0.0260527 0.0527748
6 0.231194 0.421237 0.0183947 0.0511948
12 0.408626 0.213378 0.0163599 0.0455198
9 0.407656 0.344461 0.0264528 0.0553489
2 0.874386 0.476005 0.0277699 0.0691829
20 0.631148 0.309635 0.0197763 0.0584223
11 0.511599 0.268016 0.016988 0.0454662
21 0.810239 0.296966 0.0232029 0.0566061
3 0.732688 0.715719 0.0215874 0.0748995
14 0.658488 0.385481 0.0211815 0.0549103
9 0.390128 0.271764 0.0232272 0.0470124
10 0.487624 0.221097 0.0159206 0.0476202
18 0.411468 0.497634 0.0296943 0.0577796
16 0.196938 0.554071 0.02335 0.0633977
13 0.510188 0.213311 0.0181877 0.0396993
13 0.488336 0.219733 0.0155302 0.0469283
22 0.914157 0.377287 0.0241108 0.0671943
20 0.810762 0.297514 0.0220329 0.0573636
4 0.0053993 0.332724 0.0107986 0.0670224
17 0.248033 0.360395 0.0203314 0.0521471
20 0.914249 0.377615 0.023835 0.0645575
23 0.457349 0.373981 0.0178908 0.0604606
5 0.316514 0.250089 0.0260527 0.0527748
6 0.231194 0.421237 0.0183947 0.0511948
12 0.408626 0.213378 0.0163599 0.0455198
9 0.407656 0.344461 0.0264528 0.0553489
2 0.874386 0.476005 0.0277699 0.0691829
20 0.631148 0.309635 0.0197763 0.0584223
11 0.511599 0.268016 0.016988 0.0454662
21 0.810239 0.296966 0.0232029 0.0566061
3 0.732688 0.715719 0.0215874 0.0748995
14 0.658488 0.385481 0.0211815 0.0549103
9 0.390128 0.271764 0.0232272 0.0470124
10 0.487624 0.221097 0.0159206 0.0476202
18 0.411468 0.497634 0.0296943 0.0577796
16 0.196938 0.554071 0.02335 0.0633977
13 0.510188 0.213311 0.0181877 0.0396993
13 0.488336 0.219733 0.0155302 0.0469283
22 0.914157 0.377287 0.0241108 0.0671943
20 0.810762 0.297514 0.0220329 0.0573636
4 0.0053993 0.332724 0.0107986 0.0670224
17 0.248033 0.360395 0.0203314 0.0521471
20 0.914249 0.377615 0.023835 0.0645575
23 0.457349 0.373981 0.0178908 0.0604606
5 0.316514 0.250089 0.0260527 0.0527748
6 0.231194 0.421237 0.0183947 0.0511948
12 0.408626 0.213378 0.0163599 0.0455198
9 0.407656 0.344461 0.0264528 0.0553489
2 0.874386 0.476005 0.0277699 0.0691829
20 0.631148 0.309635 0.0197763 0.0584223
11 0.511599 0.268016 0.016988 0.0454662
21 0.810239 0.296966 0.0232029 0.0566061
3 0.732688 0.715719 0.0215874 0.0748995
14 0.658488 0.385481 0.0211815 0.0549103
9 0.390128 0.271764 0.0232272 0.0470124
10 0.487624 0.221097 0.0159206 0.0476202
18 0.411468 0.497634 0.0296943 0.0577796
16 0.196938 0.554071 0.02335 0.0633977
13 0.510188 0.213311 0.0181877 0.0396993
13 0.488336 0.219733 0.0155302 0.0469283
22 0.914157 0.377287 0.0241108 0.0671943
20 0.810762 0.297514 0.0220329 0.0573636
4 0.0053993 0.332724 0.0107986 0.0670224
17 0.248033 0.360395 0.0203314 0.0521471
20 0.914249 0.377615 0.023835 0.0645575
