23 0.483887 0.296209 0.017215 0.0512488
4 0.136933 0.332441 0.019666 0.0253477
16 0.132543 0.369254 0.0262508 0.0319409
9 0.316782 0.329324 0.0152777 0.0544608
6 0.187556 0.353377 0.0205338 0.0563596
3 0.745546 0.633014 0.0309774 0.0834253
2 0.834999 0.458362 0.0278107 0.062909
20 0.734112 0.310288 0.0184059 0.0589657
1 0.254384 0.21325 0.0179975 0.0454448
21 0.864646 0.297735 0.0246769 0.0624852
12 0.347803 0.241299 0.0180779 0.0516758
15 0.413706 0.392359 0.0204075 0.0540076
15 0.681227 0.389865 0.0208221 0.0603204
11 0.542143 0.264044 0.0154831 0.0481986
18 0.313029 0.43319 0.0263159 0.0582202
1 0.347683 0.241404 0.0177935 0.0516022
8 0.272778 0.295677 0.0150927 0.0561325
9 0.330054 0.2959 0.0120972 0.0471669
23 0.483887 0.296209 0.017215 0.0512488
4 0.136933 0.332441 0.019666 0.0253477
16 0.132543 0.369254 0.0262508 0.0319409
9 0.316782 0.329324 0.0152777 0.0544608
6 0.187556 0.353377 0.0205338 0.0563596
3 0.745546 0.633014 0.0309774 0.0834253
2 0.834999 0.458362 0.0278107 0.062909
20 0.734112 0.310288 0.0184059 0.0589657
1 0.254384 0.21325 0.0179975 0.0454448
21 0.864646 0.297735 0.0246769 0.0624852
12 0.347803 0.241299 0.0180779 0.0516758
15 0.413706 0.392359 0.0204075 0.0540076
15 0.681227 0.389865 0.0208221 0.0603204
11 0.542143 0.264044 0.0154831 0.0481986
18 0.313029 0.43319 0.0263159 0.0582202
1 0.347683 0.241404 0.0177935 0.0516022
8 0.272778 0.295677 0.0150927 0.0561325
9 0.330054 0.2959 0.0120972 0.0471669
23 0.483887 0.296209 0.017215 0.0512488
4 0.136933 0.332441 0.019666 0.0253477
16 0.132543 0.369254 0.0262508 0.0319409
9 0.316782 0.329324 0.0152777 0.0544608
6 0.187556 0.353377 0.0205338 0.0563596
3 0.745546 0.633014 0.0309774 0.0834253
2 0.834999 0.458362 0.0278107 0.062909
20 0.734112 0.310288 0.0184059 0.0589657
1 0.254384 0.21325 0.0179975 0.0454448
21 0.864646 0.297735 0.0246769 0.0624852
12 0.347803 0.241299 0.0180779 0.0516758
15 0.413706 0.392359 0.0204075 0.0540076
15 0.681227 0.389865 0.0208221 0.0603204
11 0.542143 0.264044 0.0154831 0.0481986
18 0.313029 0.43319 0.0263159 0.0582202
1 0.347683 0.241404 0.0177935 0.0516022
8 0.272778 0.295677 0.0150927 0.0561325
9 0.330054 0.2959 0.0120972 0.0471669
23 0.483887 0.296209 0.017215 0.0512488
4 0.136933 0.332441 0.019666 0.0253477
16 0.132543 0.369254 0.0262508 0.0319409
9 0.316782 0.329324 0.0152777 0.0544608
6 0.187556 0.353377 0.0205338 0.0563596
3 0.745546 0.633014 0.0309774 0.0834253
2 0.834999 0.458362 0.0278107 0.062909
20 0.734112 0.310288 0.0184059 0.0589657
1 0.254384 0.21325 0.0179975 0.0454448
21 0.864646 0.297735 0.0246769 0.0624852
12 0.347803 0.241299 0.0180779 0.0516758
15 0.413706 0.392359 0.0204075 0.0540076
15 0.681227 0.389865 0.0208221 0.0603204
11 0.542143 0.264044 0.0154831 0.0481986
18 0.313029 0.43319 0.0263159 0.0582202
1 0.347683 0.241404 0.0177935 0.0516022
8 0.272778 0.295677 0.0150927 0.0561325
9 0.330054 0.2959 0.0120972 0.0471669
