23 0.460504 0.303439 0.0167887 0.0510497
3 0.72634 0.655853 0.0249758 0.0778174
1 0.332058 0.231966 0.0250804 0.0462789
16 0.135918 0.397373 0.0177961 0.0531902
2 0.838014 0.464244 0.0277214 0.0729246
4 0.125105 0.311733 0.0192618 0.0466778
20 0.692867 0.306302 0.0192373 0.0568409
6 0.177609 0.369437 0.0223428 0.0529033
12 0.287349 0.195073 0.0139816 0.0365926
5 0.284059 0.240665 0.0223492 0.039999
8 0.244153 0.294358 0.0165696 0.0546672
2 0.826458 0.298704 0.0215401 0.0532153
15 0.437291 0.409815 0.0207867 0.0569555
13 0.417155 0.214586 0.0144352 0.0481902
9 0.325826 0.318662 0.0250568 0.0586588
13 0.46453 0.221496 0.0143228 0.0485835
7 0.306644 0.237794 0.0140585 0.0406271
20 0.500676 0.263738 0.0165449 0.0531669
17 0.259 0.283357 0.0116237 0.0484328
18 0.310347 0.441569 0.0247298 0.0629288
22 0.955497 0.38695 0.0205963 0.0692205
23 0.460504 0.303439 0.0167887 0.0510497
3 0.72634 0.655853 0.0249758 0.0778174
1 0.332058 0.231966 0.0250804 0.0462789
16 0.135918 0.397373 0.0177961 0.0531902
2 0.838014 0.464244 0.0277214 0.0729246
4 0.125105 0.311733 0.0192618 0.0466778
20 0.692867 0.306302 0.0192373 0.0568409
6 0.177609 0.369437 0.0223428 0.0529033
12 0.287349 0.195073 0.0139816 0.0365926
5 0.284059 0.240665 0.0223492 0.039999
8 0.244153 0.294358 0.0165696 0.0546672
2 0.826458 0.298704 0.0215401 0.0532153
15 0.437291 0.409815 0.0207867 0.0569555
13 0.417155 0.214586 0.0144352 0.0481902
9 0.325826 0.318662 0.0250568 0.0586588
13 0.46453 0.221496 0.0143228 0.0485835
7 0.306644 0.237794 0.0140585 0.0406271
20 0.500676 0.263738 0.0165449 0.0531669
17 0.259 0.283357 0.0116237 0.0484328
18 0.310347 0.441569 0.0247298 0.0629288
22 0.955497 0.38695 0.0205963 0.0692205
23 0.460504 0.303439 0.0167887 0.0510497
3 0.72634 0.655853 0.0249758 0.0778174
1 0.332058 0.231966 0.0250804 0.0462789
16 0.135918 0.397373 0.0177961 0.0531902
2 0.838014 0.464244 0.0277214 0.0729246
4 0.125105 0.311733 0.0192618 0.0466778
20 0.692867 0.306302 0.0192373 0.0568409
6 0.177609 0.369437 0.0223428 0.0529033
12 0.287349 0.195073 0.0139816 0.0365926
5 0.284059 0.240665 0.0223492 0.039999
8 0.244153 0.294358 0.0165696 0.0546672
2 0.826458 0.298704 0.0215401 0.0532153
15 0.437291 0.409815 0.0207867 0.0569555
13 0.417155 0.214586 0.0144352 0.0481902
9 0.325826 0.318662 0.0250568 0.0586588
13 0.46453 0.221496 0.0143228 0.0485835
7 0.306644 0.237794 0.0140585 0.0406271
20 0.500676 0.263738 0.0165449 0.0531669
17 0.259 0.283357 0.0116237 0.0484328
18 0.310347 0.441569 0.0247298 0.0629288
22 0.955497 0.38695 0.0205963 0.0692205
23 0.460504 0.303439 0.0167887 0.0510497
3 0.72634 0.655853 0.0249758 0.0778174
1 0.332058 0.231966 0.0250804 0.0462789
16 0.135918 0.397373 0.0177961 0.0531902
2 0.838014 0.464244 0.0277214 0.0729246
4 0.125105 0.311733 0.0192618 0.0466778
20 0.692867 0.306302 0.0192373 0.0568409
6 0.177609 0.369437 0.0223428 0.0529033
12 0.287349 0.195073 0.0139816 0.0365926
5 0.284059 0.240665 0.0223492 0.039999
8 0.244153 0.294358 0.0165696 0.0546672
2 0.826458 0.298704 0.0215401 0.0532153
15 0.437291 0.409815 0.0207867 0.0569555
13 0.417155 0.214586 0.0144352 0.0481902
9 0.325826 0.318662 0.0250568 0.0586588
13 0.46453 0.221496 0.0143228 0.0485835
7 0.306644 0.237794 0.0140585 0.0406271
20 0.500676 0.263738 0.0165449 0.0531669
17 0.259 0.283357 0.0116237 0.0484328
18 0.310347 0.441569 0.0247298 0.0629288
22 0.955497 0.38695 0.0205963 0.0692205
