23 0.460316 0.30495 0.0166248 0.052938
3 0.726337 0.657144 0.0249781 0.0783399
16 0.136892 0.399657 0.0172821 0.0503855
12 0.288395 0.193704 0.0158208 0.0368066
2 0.838461 0.463116 0.026087 0.0746827
4 0.123762 0.312754 0.0188026 0.0488565
20 0.692497 0.305842 0.0190485 0.0554737
6 0.177796 0.370029 0.0228947 0.0503895
1 0.329773 0.230003 0.0228926 0.0484492
8 0.243351 0.295214 0.0164965 0.054324
2 0.825868 0.298617 0.0215305 0.0525634
7 0.306574 0.238115 0.0147062 0.0427207
13 0.418091 0.214427 0.013984 0.048067
15 0.43962 0.410795 0.0209423 0.0580375
9 0.326287 0.319454 0.0250932 0.0593812
10 0.463943 0.221748 0.01419 0.0473828
5 0.28383 0.240657 0.0228538 0.0405454
22 0.955245 0.386956 0.0203854 0.0706688
17 0.257748 0.283291 0.0115451 0.0464934
18 0.311565 0.442649 0.0215658 0.0643675
23 0.460316 0.30495 0.0166248 0.052938
3 0.726337 0.657144 0.0249781 0.0783399
16 0.136892 0.399657 0.0172821 0.0503855
12 0.288395 0.193704 0.0158208 0.0368066
2 0.838461 0.463116 0.026087 0.0746827
4 0.123762 0.312754 0.0188026 0.0488565
20 0.692497 0.305842 0.0190485 0.0554737
6 0.177796 0.370029 0.0228947 0.0503895
1 0.329773 0.230003 0.0228926 0.0484492
8 0.243351 0.295214 0.0164965 0.054324
2 0.825868 0.298617 0.0215305 0.0525634
7 0.306574 0.238115 0.0147062 0.0427207
13 0.418091 0.214427 0.013984 0.048067
15 0.43962 0.410795 0.0209423 0.0580375
9 0.326287 0.319454 0.0250932 0.0593812
10 0.463943 0.221748 0.01419 0.0473828
5 0.28383 0.240657 0.0228538 0.0405454
22 0.955245 0.386956 0.0203854 0.0706688
17 0.257748 0.283291 0.0115451 0.0464934
18 0.311565 0.442649 0.0215658 0.0643675
23 0.460316 0.30495 0.0166248 0.052938
3 0.726337 0.657144 0.0249781 0.0783399
16 0.136892 0.399657 0.0172821 0.0503855
12 0.288395 0.193704 0.0158208 0.0368066
2 0.838461 0.463116 0.026087 0.0746827
4 0.123762 0.312754 0.0188026 0.0488565
20 0.692497 0.305842 0.0190485 0.0554737
6 0.177796 0.370029 0.0228947 0.0503895
1 0.329773 0.230003 0.0228926 0.0484492
8 0.243351 0.295214 0.0164965 0.054324
2 0.825868 0.298617 0.0215305 0.0525634
7 0.306574 0.238115 0.0147062 0.0427207
13 0.418091 0.214427 0.013984 0.048067
15 0.43962 0.410795 0.0209423 0.0580375
9 0.326287 0.319454 0.0250932 0.0593812
10 0.463943 0.221748 0.01419 0.0473828
5 0.28383 0.240657 0.0228538 0.0405454
22 0.955245 0.386956 0.0203854 0.0706688
17 0.257748 0.283291 0.0115451 0.0464934
18 0.311565 0.442649 0.0215658 0.0643675
23 0.460316 0.30495 0.0166248 0.052938
3 0.726337 0.657144 0.0249781 0.0783399
16 0.136892 0.399657 0.0172821 0.0503855
12 0.288395 0.193704 0.0158208 0.0368066
2 0.838461 0.463116 0.026087 0.0746827
4 0.123762 0.312754 0.0188026 0.0488565
20 0.692497 0.305842 0.0190485 0.0554737
6 0.177796 0.370029 0.0228947 0.0503895
1 0.329773 0.230003 0.0228926 0.0484492
8 0.243351 0.295214 0.0164965 0.054324
2 0.825868 0.298617 0.0215305 0.0525634
7 0.306574 0.238115 0.0147062 0.0427207
13 0.418091 0.214427 0.013984 0.048067
15 0.43962 0.410795 0.0209423 0.0580375
9 0.326287 0.319454 0.0250932 0.0593812
10 0.463943 0.221748 0.01419 0.0473828
5 0.28383 0.240657 0.0228538 0.0405454
22 0.955245 0.386956 0.0203854 0.0706688
17 0.257748 0.283291 0.0115451 0.0464934
18 0.311565 0.442649 0.0215658 0.0643675
