23 0.466249 0.300542 0.0176214 0.0473435
3 0.730985 0.648618 0.0255082 0.0796058
16 0.12664 0.3853 0.0228765 0.0388028
12 0.278841 0.200734 0.0128406 0.04146
6 0.17087 0.363868 0.0151498 0.0514894
4 0.139863 0.317172 0.0200145 0.03861
9 0.320929 0.318723 0.0205111 0.0539003
1 0.336568 0.237782 0.0174398 0.0466057
2 0.837221 0.465589 0.0283508 0.0677061
20 0.705896 0.305678 0.0186604 0.0585395
13 0.480554 0.217134 0.0145439 0.0519232
14 0.665287 0.384136 0.0202795 0.0589686
8 0.252725 0.294124 0.0190593 0.0516993
21 0.837898 0.298565 0.0218777 0.0549834
20 0.511737 0.262864 0.017138 0.0524473
18 0.306119 0.439591 0.0218217 0.0607434
7 0.307485 0.237955 0.014154 0.0461011
23 0.466249 0.300542 0.0176214 0.0473435
3 0.730985 0.648618 0.0255082 0.0796058
16 0.12664 0.3853 0.0228765 0.0388028
12 0.278841 0.200734 0.0128406 0.04146
6 0.17087 0.363868 0.0151498 0.0514894
4 0.139863 0.317172 0.0200145 0.03861
9 0.320929 0.318723 0.0205111 0.0539003
1 0.336568 0.237782 0.0174398 0.0466057
2 0.837221 0.465589 0.0283508 0.0677061
20 0.705896 0.305678 0.0186604 0.0585395
13 0.480554 0.217134 0.0145439 0.0519232
14 0.665287 0.384136 0.0202795 0.0589686
8 0.252725 0.294124 0.0190593 0.0516993
21 0.837898 0.298565 0.0218777 0.0549834
20 0.511737 0.262864 0.017138 0.0524473
18 0.306119 0.439591 0.0218217 0.0607434
7 0.307485 0.237955 0.014154 0.0461011
23 0.466249 0.300542 0.0176214 0.0473435
3 0.730985 0.648618 0.0255082 0.0796058
16 0.12664 0.3853 0.0228765 0.0388028
12 0.278841 0.200734 0.0128406 0.04146
6 0.17087 0.363868 0.0151498 0.0514894
4 0.139863 0.317172 0.0200145 0.03861
9 0.320929 0.318723 0.0205111 0.0539003
1 0.336568 0.237782 0.0174398 0.0466057
2 0.837221 0.465589 0.0283508 0.0677061
20 0.705896 0.305678 0.0186604 0.0585395
13 0.480554 0.217134 0.0145439 0.0519232
14 0.665287 0.384136 0.0202795 0.0589686
8 0.252725 0.294124 0.0190593 0.0516993
21 0.837898 0.298565 0.0218777 0.0549834
20 0.511737 0.262864 0.017138 0.0524473
18 0.306119 0.439591 0.0218217 0.0607434
7 0.307485 0.237955 0.014154 0.0461011
23 0.466249 0.300542 0.0176214 0.0473435
3 0.730985 0.648618 0.0255082 0.0796058
16 0.12664 0.3853 0.0228765 0.0388028
12 0.278841 0.200734 0.0128406 0.04146
6 0.17087 0.363868 0.0151498 0.0514894
4 0.139863 0.317172 0.0200145 0.03861
9 0.320929 0.318723 0.0205111 0.0539003
1 0.336568 0.237782 0.0174398 0.0466057
2 0.837221 0.465589 0.0283508 0.0677061
20 0.705896 0.305678 0.0186604 0.0585395
13 0.480554 0.217134 0.0145439 0.0519232
14 0.665287 0.384136 0.0202795 0.0589686
8 0.252725 0.294124 0.0190593 0.0516993
21 0.837898 0.298565 0.0218777 0.0549834
20 0.511737 0.262864 0.017138 0.0524473
18 0.306119 0.439591 0.0218217 0.0607434
7 0.307485 0.237955 0.014154 0.0461011
