16 0.124977 0.381876 0.0340261 0.0237525
4 0.142992 0.328673 0.0347565 0.0332078
9 0.32138 0.320711 0.0172124 0.056267
3 0.739719 0.645639 0.0288065 0.0738061
15 0.419588 0.401944 0.019794 0.058864
6 0.175443 0.359989 0.0196375 0.0579285
2 0.844962 0.46389 0.0243698 0.0685132
7 0.315037 0.242113 0.0148305 0.0466587
1 0.27746 0.207003 0.0162861 0.0431089
20 0.719214 0.307168 0.0176554 0.0607047
8 0.261391 0.292379 0.0146388 0.0535268
18 0.310372 0.436356 0.02417 0.05726
23 0.474953 0.29808 0.0181145 0.0492601
9 0.301332 0.29212 0.0142377 0.0437096
12 0.342834 0.239893 0.0186614 0.0531085
20 0.526093 0.261295 0.0160356 0.051588
13 0.412716 0.212994 0.0146332 0.0483692
16 0.124977 0.381876 0.0340261 0.0237525
4 0.142992 0.328673 0.0347565 0.0332078
9 0.32138 0.320711 0.0172124 0.056267
3 0.739719 0.645639 0.0288065 0.0738061
15 0.419588 0.401944 0.019794 0.058864
6 0.175443 0.359989 0.0196375 0.0579285
2 0.844962 0.46389 0.0243698 0.0685132
7 0.315037 0.242113 0.0148305 0.0466587
1 0.27746 0.207003 0.0162861 0.0431089
20 0.719214 0.307168 0.0176554 0.0607047
8 0.261391 0.292379 0.0146388 0.0535268
18 0.310372 0.436356 0.02417 0.05726
23 0.474953 0.29808 0.0181145 0.0492601
9 0.301332 0.29212 0.0142377 0.0437096
12 0.342834 0.239893 0.0186614 0.0531085
20 0.526093 0.261295 0.0160356 0.051588
13 0.412716 0.212994 0.0146332 0.0483692
16 0.124977 0.381876 0.0340261 0.0237525
4 0.142992 0.328673 0.0347565 0.0332078
9 0.32138 0.320711 0.0172124 0.056267
3 0.739719 0.645639 0.0288065 0.0738061
15 0.419588 0.401944 0.019794 0.058864
6 0.175443 0.359989 0.0196375 0.0579285
2 0.844962 0.46389 0.0243698 0.0685132
7 0.315037 0.242113 0.0148305 0.0466587
1 0.27746 0.207003 0.0162861 0.0431089
20 0.719214 0.307168 0.0176554 0.0607047
8 0.261391 0.292379 0.0146388 0.0535268
18 0.310372 0.436356 0.02417 0.05726
23 0.474953 0.29808 0.0181145 0.0492601
9 0.301332 0.29212 0.0142377 0.0437096
12 0.342834 0.239893 0.0186614 0.0531085
20 0.526093 0.261295 0.0160356 0.051588
13 0.412716 0.212994 0.0146332 0.0483692
16 0.124977 0.381876 0.0340261 0.0237525
4 0.142992 0.328673 0.0347565 0.0332078
9 0.32138 0.320711 0.0172124 0.056267
3 0.739719 0.645639 0.0288065 0.0738061
15 0.419588 0.401944 0.019794 0.058864
6 0.175443 0.359989 0.0196375 0.0579285
2 0.844962 0.46389 0.0243698 0.0685132
7 0.315037 0.242113 0.0148305 0.0466587
1 0.27746 0.207003 0.0162861 0.0431089
20 0.719214 0.307168 0.0176554 0.0607047
8 0.261391 0.292379 0.0146388 0.0535268
18 0.310372 0.436356 0.02417 0.05726
23 0.474953 0.29808 0.0181145 0.0492601
9 0.301332 0.29212 0.0142377 0.0437096
12 0.342834 0.239893 0.0186614 0.0531085
20 0.526093 0.261295 0.0160356 0.051588
13 0.412716 0.212994 0.0146332 0.0483692
