5 0.226495 0.212199 0.034808 0.0671296
3 0.693127 0.781831 0.0292612 0.0924879
13 0.522294 0.156336 0.02318 0.0507458
1 0.299482 0.116778 0.0207071 0.0621657
15 0.587331 0.473278 0.0271037 0.0712572
23 0.396022 0.391162 0.0220913 0.059248
7 0.422739 0.250129 0.0287559 0.0578273
12 0.299583 0.114575 0.0217731 0.0612994
2 0.879065 0.45607 0.0285133 0.0796426
9 0.161041 0.412853 0.0241958 0.059632
11 0.48594 0.209366 0.0206937 0.0480056
18 0.161648 0.497209 0.0327485 0.0731635
6 0.161122 0.497578 0.0328124 0.0744937
22 0.897994 0.328976 0.0253042 0.0743943
12 0.439619 0.153511 0.0239977 0.04789
14 0.596399 0.352058 0.0244497 0.0680808
3 0.156651 0.743665 0.0346836 0.0820769
18 0.155767 0.74376 0.0347074 0.087934
9 0.505987 0.278134 0.0227779 0.061455
21 0.783098 0.234046 0.0257501 0.0621899
18 0.445911 0.557969 0.0241277 0.0764331
5 0.226495 0.212199 0.034808 0.0671296
3 0.693127 0.781831 0.0292612 0.0924879
13 0.522294 0.156336 0.02318 0.0507458
1 0.299482 0.116778 0.0207071 0.0621657
15 0.587331 0.473278 0.0271037 0.0712572
23 0.396022 0.391162 0.0220913 0.059248
7 0.422739 0.250129 0.0287559 0.0578273
12 0.299583 0.114575 0.0217731 0.0612994
2 0.879065 0.45607 0.0285133 0.0796426
9 0.161041 0.412853 0.0241958 0.059632
11 0.48594 0.209366 0.0206937 0.0480056
18 0.161648 0.497209 0.0327485 0.0731635
6 0.161122 0.497578 0.0328124 0.0744937
22 0.897994 0.328976 0.0253042 0.0743943
12 0.439619 0.153511 0.0239977 0.04789
14 0.596399 0.352058 0.0244497 0.0680808
3 0.156651 0.743665 0.0346836 0.0820769
18 0.155767 0.74376 0.0347074 0.087934
9 0.505987 0.278134 0.0227779 0.061455
21 0.783098 0.234046 0.0257501 0.0621899
18 0.445911 0.557969 0.0241277 0.0764331
5 0.226495 0.212199 0.034808 0.0671296
3 0.693127 0.781831 0.0292612 0.0924879
13 0.522294 0.156336 0.02318 0.0507458
1 0.299482 0.116778 0.0207071 0.0621657
15 0.587331 0.473278 0.0271037 0.0712572
23 0.396022 0.391162 0.0220913 0.059248
7 0.422739 0.250129 0.0287559 0.0578273
12 0.299583 0.114575 0.0217731 0.0612994
2 0.879065 0.45607 0.0285133 0.0796426
9 0.161041 0.412853 0.0241958 0.059632
11 0.48594 0.209366 0.0206937 0.0480056
18 0.161648 0.497209 0.0327485 0.0731635
6 0.161122 0.497578 0.0328124 0.0744937
22 0.897994 0.328976 0.0253042 0.0743943
12 0.439619 0.153511 0.0239977 0.04789
14 0.596399 0.352058 0.0244497 0.0680808
3 0.156651 0.743665 0.0346836 0.0820769
18 0.155767 0.74376 0.0347074 0.087934
9 0.505987 0.278134 0.0227779 0.061455
21 0.783098 0.234046 0.0257501 0.0621899
18 0.445911 0.557969 0.0241277 0.0764331
5 0.226495 0.212199 0.034808 0.0671296
3 0.693127 0.781831 0.0292612 0.0924879
13 0.522294 0.156336 0.02318 0.0507458
1 0.299482 0.116778 0.0207071 0.0621657
15 0.587331 0.473278 0.0271037 0.0712572
23 0.396022 0.391162 0.0220913 0.059248
7 0.422739 0.250129 0.0287559 0.0578273
12 0.299583 0.114575 0.0217731 0.0612994
2 0.879065 0.45607 0.0285133 0.0796426
9 0.161041 0.412853 0.0241958 0.059632
11 0.48594 0.209366 0.0206937 0.0480056
18 0.161648 0.497209 0.0327485 0.0731635
6 0.161122 0.497578 0.0328124 0.0744937
22 0.897994 0.328976 0.0253042 0.0743943
12 0.439619 0.153511 0.0239977 0.04789
14 0.596399 0.352058 0.0244497 0.0680808
3 0.156651 0.743665 0.0346836 0.0820769
18 0.155767 0.74376 0.0347074 0.087934
9 0.505987 0.278134 0.0227779 0.061455
21 0.783098 0.234046 0.0257501 0.0621899
18 0.445911 0.557969 0.0241277 0.0764331
