5 0.22621 0.210026 0.0305598 0.0679648
3 0.696386 0.779906 0.0298897 0.0911416
13 0.520818 0.158305 0.0257786 0.0515668
1 0.301596 0.118808 0.0214313 0.0601186
12 0.437545 0.156637 0.0242123 0.0475655
2 0.879207 0.457343 0.0307842 0.0822025
7 0.420656 0.25119 0.0311174 0.0593952
15 0.586876 0.475927 0.0204453 0.0671542
11 0.485437 0.210633 0.0188458 0.0458071
9 0.162326 0.495455 0.0319251 0.0728722
22 0.898903 0.329919 0.0284847 0.0743955
21 0.784775 0.238556 0.0252265 0.0646915
23 0.395488 0.390708 0.0225662 0.0573265
3 0.445261 0.556159 0.0280725 0.0765371
9 0.164385 0.409274 0.0254594 0.0574127
18 0.153282 0.735065 0.034052 0.0837173
6 0.163355 0.495894 0.0319278 0.0704368
3 0.153566 0.735649 0.0332475 0.0839701
9 0.508182 0.277872 0.0217434 0.0629291
7 0.185627 0.357702 0.032911 0.0611091
23 0.586548 0.475933 0.0203266 0.0689572
5 0.22621 0.210026 0.0305598 0.0679648
3 0.696386 0.779906 0.0298897 0.0911416
13 0.520818 0.158305 0.0257786 0.0515668
1 0.301596 0.118808 0.0214313 0.0601186
12 0.437545 0.156637 0.0242123 0.0475655
2 0.879207 0.457343 0.0307842 0.0822025
7 0.420656 0.25119 0.0311174 0.0593952
15 0.586876 0.475927 0.0204453 0.0671542
11 0.485437 0.210633 0.0188458 0.0458071
9 0.162326 0.495455 0.0319251 0.0728722
22 0.898903 0.329919 0.0284847 0.0743955
21 0.784775 0.238556 0.0252265 0.0646915
23 0.395488 0.390708 0.0225662 0.0573265
3 0.445261 0.556159 0.0280725 0.0765371
9 0.164385 0.409274 0.0254594 0.0574127
18 0.153282 0.735065 0.034052 0.0837173
6 0.163355 0.495894 0.0319278 0.0704368
3 0.153566 0.735649 0.0332475 0.0839701
9 0.508182 0.277872 0.0217434 0.0629291
7 0.185627 0.357702 0.032911 0.0611091
23 0.586548 0.475933 0.0203266 0.0689572
5 0.22621 0.210026 0.0305598 0.0679648
3 0.696386 0.779906 0.0298897 0.0911416
13 0.520818 0.158305 0.0257786 0.0515668
1 0.301596 0.118808 0.0214313 0.0601186
12 0.437545 0.156637 0.0242123 0.0475655
2 0.879207 0.457343 0.0307842 0.0822025
7 0.420656 0.25119 0.0311174 0.0593952
15 0.586876 0.475927 0.0204453 0.0671542
11 0.485437 0.210633 0.0188458 0.0458071
9 0.162326 0.495455 0.0319251 0.0728722
22 0.898903 0.329919 0.0284847 0.0743955
21 0.784775 0.238556 0.0252265 0.0646915
23 0.395488 0.390708 0.0225662 0.0573265
3 0.445261 0.556159 0.0280725 0.0765371
9 0.164385 0.409274 0.0254594 0.0574127
18 0.153282 0.735065 0.034052 0.0837173
6 0.163355 0.495894 0.0319278 0.0704368
3 0.153566 0.735649 0.0332475 0.0839701
9 0.508182 0.277872 0.0217434 0.0629291
7 0.185627 0.357702 0.032911 0.0611091
23 0.586548 0.475933 0.0203266 0.0689572
5 0.22621 0.210026 0.0305598 0.0679648
3 0.696386 0.779906 0.0298897 0.0911416
13 0.520818 0.158305 0.0257786 0.0515668
1 0.301596 0.118808 0.0214313 0.0601186
12 0.437545 0.156637 0.0242123 0.0475655
2 0.879207 0.457343 0.0307842 0.0822025
7 0.420656 0.25119 0.0311174 0.0593952
15 0.586876 0.475927 0.0204453 0.0671542
11 0.485437 0.210633 0.0188458 0.0458071
9 0.162326 0.495455 0.0319251 0.0728722
22 0.898903 0.329919 0.0284847 0.0743955
21 0.784775 0.238556 0.0252265 0.0646915
23 0.395488 0.390708 0.0225662 0.0573265
3 0.445261 0.556159 0.0280725 0.0765371
9 0.164385 0.409274 0.0254594 0.0574127
18 0.153282 0.735065 0.034052 0.0837173
6 0.163355 0.495894 0.0319278 0.0704368
3 0.153566 0.735649 0.0332475 0.0839701
9 0.508182 0.277872 0.0217434 0.0629291
7 0.185627 0.357702 0.032911 0.0611091
23 0.586548 0.475933 0.0203266 0.0689572
