23 0.464624 0.315049 0.0175438 0.0487458
5 0.292185 0.240622 0.0238742 0.0462158
3 0.728263 0.665959 0.0264181 0.0805811
12 0.316449 0.19318 0.0160906 0.0375414
4 0.0983923 0.313794 0.0176764 0.0516814
18 0.33625 0.452506 0.0258801 0.0591232
2 0.85117 0.466362 0.0279953 0.06523
9 0.351189 0.32438 0.0279615 0.062992
20 0.682028 0.303052 0.0198962 0.0580263
16 0.163329 0.429438 0.0200103 0.0519389
10 0.459284 0.221937 0.0159407 0.0505755
13 0.441131 0.212119 0.0127835 0.0432379
7 0.323074 0.244162 0.0140458 0.0422697
22 0.947673 0.384233 0.0225772 0.0685736
8 0.244831 0.303579 0.016017 0.043947
2 0.821238 0.299435 0.0213618 0.0556803
6 0.193532 0.369426 0.0200295 0.0555152
6 0.244512 0.303985 0.0178411 0.0440206
14 0.663561 0.37988 0.0223778 0.058892
23 0.464624 0.315049 0.0175438 0.0487458
5 0.292185 0.240622 0.0238742 0.0462158
3 0.728263 0.665959 0.0264181 0.0805811
12 0.316449 0.19318 0.0160906 0.0375414
4 0.0983923 0.313794 0.0176764 0.0516814
18 0.33625 0.452506 0.0258801 0.0591232
2 0.85117 0.466362 0.0279953 0.06523
9 0.351189 0.32438 0.0279615 0.062992
20 0.682028 0.303052 0.0198962 0.0580263
16 0.163329 0.429438 0.0200103 0.0519389
10 0.459284 0.221937 0.0159407 0.0505755
13 0.441131 0.212119 0.0127835 0.0432379
7 0.323074 0.244162 0.0140458 0.0422697
22 0.947673 0.384233 0.0225772 0.0685736
8 0.244831 0.303579 0.016017 0.043947
2 0.821238 0.299435 0.0213618 0.0556803
6 0.193532 0.369426 0.0200295 0.0555152
6 0.244512 0.303985 0.0178411 0.0440206
14 0.663561 0.37988 0.0223778 0.058892
23 0.464624 0.315049 0.0175438 0.0487458
5 0.292185 0.240622 0.0238742 0.0462158
3 0.728263 0.665959 0.0264181 0.0805811
12 0.316449 0.19318 0.0160906 0.0375414
4 0.0983923 0.313794 0.0176764 0.0516814
18 0.33625 0.452506 0.0258801 0.0591232
2 0.85117 0.466362 0.0279953 0.06523
9 0.351189 0.32438 0.0279615 0.062992
20 0.682028 0.303052 0.0198962 0.0580263
16 0.163329 0.429438 0.0200103 0.0519389
10 0.459284 0.221937 0.0159407 0.0505755
13 0.441131 0.212119 0.0127835 0.0432379
7 0.323074 0.244162 0.0140458 0.0422697
22 0.947673 0.384233 0.0225772 0.0685736
8 0.244831 0.303579 0.016017 0.043947
2 0.821238 0.299435 0.0213618 0.0556803
6 0.193532 0.369426 0.0200295 0.0555152
6 0.244512 0.303985 0.0178411 0.0440206
14 0.663561 0.37988 0.0223778 0.058892
23 0.464624 0.315049 0.0175438 0.0487458
5 0.292185 0.240622 0.0238742 0.0462158
3 0.728263 0.665959 0.0264181 0.0805811
12 0.316449 0.19318 0.0160906 0.0375414
4 0.0983923 0.313794 0.0176764 0.0516814
18 0.33625 0.452506 0.0258801 0.0591232
2 0.85117 0.466362 0.0279953 0.06523
9 0.351189 0.32438 0.0279615 0.062992
20 0.682028 0.303052 0.0198962 0.0580263
16 0.163329 0.429438 0.0200103 0.0519389
10 0.459284 0.221937 0.0159407 0.0505755
13 0.441131 0.212119 0.0127835 0.0432379
7 0.323074 0.244162 0.0140458 0.0422697
22 0.947673 0.384233 0.0225772 0.0685736
8 0.244831 0.303579 0.016017 0.043947
2 0.821238 0.299435 0.0213618 0.0556803
6 0.193532 0.369426 0.0200295 0.0555152
6 0.244512 0.303985 0.0178411 0.0440206
14 0.663561 0.37988 0.0223778 0.058892
