23 0.467287 0.299944 0.0177772 0.0464344
16 0.126262 0.38483 0.0254706 0.0366849
3 0.732073 0.650371 0.027359 0.0797525
4 0.140439 0.318626 0.0188362 0.0375861
9 0.32001 0.319384 0.0218283 0.0547307
6 0.17105 0.361813 0.0148995 0.0510551
12 0.278303 0.201581 0.0141828 0.0414573
1 0.337122 0.23791 0.0178662 0.0475571
2 0.837486 0.46567 0.026948 0.0686065
20 0.707454 0.305634 0.0187103 0.0590985
15 0.667005 0.384502 0.0194965 0.0583568
7 0.308493 0.239116 0.0152395 0.0464811
21 0.839818 0.298394 0.0225716 0.0557355
8 0.254036 0.293668 0.0182477 0.0509376
10 0.48181 0.217997 0.0158725 0.0555617
20 0.513183 0.26285 0.0170212 0.0535807
13 0.481957 0.217312 0.0147348 0.0539736
18 0.306487 0.439838 0.0221482 0.0581835
2 0.839727 0.299464 0.0224297 0.0545131
23 0.467287 0.299944 0.0177772 0.0464344
16 0.126262 0.38483 0.0254706 0.0366849
3 0.732073 0.650371 0.027359 0.0797525
4 0.140439 0.318626 0.0188362 0.0375861
9 0.32001 0.319384 0.0218283 0.0547307
6 0.17105 0.361813 0.0148995 0.0510551
12 0.278303 0.201581 0.0141828 0.0414573
1 0.337122 0.23791 0.0178662 0.0475571
2 0.837486 0.46567 0.026948 0.0686065
20 0.707454 0.305634 0.0187103 0.0590985
15 0.667005 0.384502 0.0194965 0.0583568
7 0.308493 0.239116 0.0152395 0.0464811
21 0.839818 0.298394 0.0225716 0.0557355
8 0.254036 0.293668 0.0182477 0.0509376
10 0.48181 0.217997 0.0158725 0.0555617
20 0.513183 0.26285 0.0170212 0.0535807
13 0.481957 0.217312 0.0147348 0.0539736
18 0.306487 0.439838 0.0221482 0.0581835
2 0.839727 0.299464 0.0224297 0.0545131
23 0.467287 0.299944 0.0177772 0.0464344
16 0.126262 0.38483 0.0254706 0.0366849
3 0.732073 0.650371 0.027359 0.0797525
4 0.140439 0.318626 0.0188362 0.0375861
9 0.32001 0.319384 0.0218283 0.0547307
6 0.17105 0.361813 0.0148995 0.0510551
12 0.278303 0.201581 0.0141828 0.0414573
1 0.337122 0.23791 0.0178662 0.0475571
2 0.837486 0.46567 0.026948 0.0686065
20 0.707454 0.305634 0.0187103 0.0590985
15 0.667005 0.384502 0.0194965 0.0583568
7 0.308493 0.239116 0.0152395 0.0464811
21 0.839818 0.298394 0.0225716 0.0557355
8 0.254036 0.293668 0.0182477 0.0509376
10 0.48181 0.217997 0.0158725 0.0555617
20 0.513183 0.26285 0.0170212 0.0535807
13 0.481957 0.217312 0.0147348 0.0539736
18 0.306487 0.439838 0.0221482 0.0581835
2 0.839727 0.299464 0.0224297 0.0545131
23 0.467287 0.299944 0.0177772 0.0464344
16 0.126262 0.38483 0.0254706 0.0366849
3 0.732073 0.650371 0.027359 0.0797525
4 0.140439 0.318626 0.0188362 0.0375861
9 0.32001 0.319384 0.0218283 0.0547307
6 0.17105 0.361813 0.0148995 0.0510551
12 0.278303 0.201581 0.0141828 0.0414573
1 0.337122 0.23791 0.0178662 0.0475571
2 0.837486 0.46567 0.026948 0.0686065
20 0.707454 0.305634 0.0187103 0.0590985
15 0.667005 0.384502 0.0194965 0.0583568
7 0.308493 0.239116 0.0152395 0.0464811
21 0.839818 0.298394 0.0225716 0.0557355
8 0.254036 0.293668 0.0182477 0.0509376
10 0.48181 0.217997 0.0158725 0.0555617
20 0.513183 0.26285 0.0170212 0.0535807
13 0.481957 0.217312 0.0147348 0.0539736
18 0.306487 0.439838 0.0221482 0.0581835
2 0.839727 0.299464 0.0224297 0.0545131
