23 0.46099 0.35971 0.0183806 0.0519689
1 0.368592 0.207366 0.015508 0.0419001
3 0.735886 0.704963 0.0272964 0.0811531
0 0.357962 0.225533 0.00760841 0.0178716
4 0.0336696 0.333175 0.0185035 0.0584241
11 0.510324 0.2697 0.0179301 0.0473395
16 0.19622 0.527132 0.0243469 0.0672392
9 0.378592 0.270819 0.0167357 0.0468821
1 0.394571 0.21329 0.0164703 0.0451762
5 0.317576 0.25104 0.0197122 0.049073
20 0.646877 0.311276 0.0179293 0.0556762
2 0.870549 0.476729 0.0255837 0.0623228
9 0.400606 0.34332 0.0261433 0.0550281
21 0.81342 0.30111 0.020809 0.0535782
8 0.219406 0.351748 0.0169324 0.0541529
6 0.227321 0.410908 0.0179718 0.0566389
10 0.482214 0.225399 0.0165696 0.0447545
15 0.556398 0.460705 0.0250263 0.0701777
22 0.921559 0.381097 0.0234318 0.0656726
14 0.664099 0.386887 0.0215776 0.0553192
18 0.399245 0.486329 0.0306213 0.0600924
23 0.46099 0.35971 0.0183806 0.0519689
1 0.368592 0.207366 0.015508 0.0419001
3 0.735886 0.704963 0.0272964 0.0811531
0 0.357962 0.225533 0.00760841 0.0178716
4 0.0336696 0.333175 0.0185035 0.0584241
11 0.510324 0.2697 0.0179301 0.0473395
16 0.19622 0.527132 0.0243469 0.0672392
9 0.378592 0.270819 0.0167357 0.0468821
1 0.394571 0.21329 0.0164703 0.0451762
5 0.317576 0.25104 0.0197122 0.049073
20 0.646877 0.311276 0.0179293 0.0556762
2 0.870549 0.476729 0.0255837 0.0623228
9 0.400606 0.34332 0.0261433 0.0550281
21 0.81342 0.30111 0.020809 0.0535782
8 0.219406 0.351748 0.0169324 0.0541529
6 0.227321 0.410908 0.0179718 0.0566389
10 0.482214 0.225399 0.0165696 0.0447545
15 0.556398 0.460705 0.0250263 0.0701777
22 0.921559 0.381097 0.0234318 0.0656726
14 0.664099 0.386887 0.0215776 0.0553192
18 0.399245 0.486329 0.0306213 0.0600924
23 0.46099 0.35971 0.0183806 0.0519689
1 0.368592 0.207366 0.015508 0.0419001
3 0.735886 0.704963 0.0272964 0.0811531
0 0.357962 0.225533 0.00760841 0.0178716
4 0.0336696 0.333175 0.0185035 0.0584241
11 0.510324 0.2697 0.0179301 0.0473395
16 0.19622 0.527132 0.0243469 0.0672392
9 0.378592 0.270819 0.0167357 0.0468821
1 0.394571 0.21329 0.0164703 0.0451762
5 0.317576 0.25104 0.0197122 0.049073
20 0.646877 0.311276 0.0179293 0.0556762
2 0.870549 0.476729 0.0255837 0.0623228
9 0.400606 0.34332 0.0261433 0.0550281
21 0.81342 0.30111 0.020809 0.0535782
8 0.219406 0.351748 0.0169324 0.0541529
6 0.227321 0.410908 0.0179718 0.0566389
10 0.482214 0.225399 0.0165696 0.0447545
15 0.556398 0.460705 0.0250263 0.0701777
22 0.921559 0.381097 0.0234318 0.0656726
14 0.664099 0.386887 0.0215776 0.0553192
18 0.399245 0.486329 0.0306213 0.0600924
23 0.46099 0.35971 0.0183806 0.0519689
1 0.368592 0.207366 0.015508 0.0419001
3 0.735886 0.704963 0.0272964 0.0811531
0 0.357962 0.225533 0.00760841 0.0178716
4 0.0336696 0.333175 0.0185035 0.0584241
11 0.510324 0.2697 0.0179301 0.0473395
16 0.19622 0.527132 0.0243469 0.0672392
9 0.378592 0.270819 0.0167357 0.0468821
1 0.394571 0.21329 0.0164703 0.0451762
5 0.317576 0.25104 0.0197122 0.049073
20 0.646877 0.311276 0.0179293 0.0556762
2 0.870549 0.476729 0.0255837 0.0623228
9 0.400606 0.34332 0.0261433 0.0550281
21 0.81342 0.30111 0.020809 0.0535782
8 0.219406 0.351748 0.0169324 0.0541529
6 0.227321 0.410908 0.0179718 0.0566389
10 0.482214 0.225399 0.0165696 0.0447545
15 0.556398 0.460705 0.0250263 0.0701777
22 0.921559 0.381097 0.0234318 0.0656726
14 0.664099 0.386887 0.0215776 0.0553192
18 0.399245 0.486329 0.0306213 0.0600924
