23 0.41954 0.381054 0.0193558 0.0570368
3 0.710016 0.741331 0.0285141 0.0870422
5 0.271295 0.232595 0.0269048 0.0562812
11 0.492711 0.248565 0.0170925 0.0439957
12 0.411271 0.197023 0.0170736 0.0507048
6 0.199757 0.451152 0.0267604 0.0562966
9 0.389288 0.348113 0.0277156 0.0585425
8 0.189125 0.361311 0.0181902 0.0544506
16 0.164275 0.63356 0.0269538 0.0789795
12 0.33821 0.166877 0.0178715 0.0453581
13 0.505063 0.194454 0.0162819 0.0473958
2 0.869289 0.473115 0.0310146 0.0696009
1 0.338009 0.16701 0.0180866 0.0461577
13 0.474853 0.200562 0.0214056 0.0481005
21 0.785787 0.272612 0.0202662 0.0564204
15 0.579111 0.469345 0.0214954 0.0619285
20 0.786156 0.273065 0.0199883 0.0590311
7 0.391641 0.267001 0.0243149 0.05055
18 0.418195 0.52658 0.0312094 0.0673737
14 0.568121 0.297784 0.0200389 0.0630428
22 0.888849 0.358264 0.0240238 0.0684749
5 0.475318 0.201357 0.0216636 0.0468785
8 0.20314 0.389483 0.0174772 0.0519885
2 0.418052 0.526703 0.0333307 0.0677244
23 0.41954 0.381054 0.0193558 0.0570368
3 0.710016 0.741331 0.0285141 0.0870422
5 0.271295 0.232595 0.0269048 0.0562812
11 0.492711 0.248565 0.0170925 0.0439957
12 0.411271 0.197023 0.0170736 0.0507048
6 0.199757 0.451152 0.0267604 0.0562966
9 0.389288 0.348113 0.0277156 0.0585425
8 0.189125 0.361311 0.0181902 0.0544506
16 0.164275 0.63356 0.0269538 0.0789795
12 0.33821 0.166877 0.0178715 0.0453581
13 0.505063 0.194454 0.0162819 0.0473958
2 0.869289 0.473115 0.0310146 0.0696009
1 0.338009 0.16701 0.0180866 0.0461577
13 0.474853 0.200562 0.0214056 0.0481005
21 0.785787 0.272612 0.0202662 0.0564204
15 0.579111 0.469345 0.0214954 0.0619285
20 0.786156 0.273065 0.0199883 0.0590311
7 0.391641 0.267001 0.0243149 0.05055
18 0.418195 0.52658 0.0312094 0.0673737
14 0.568121 0.297784 0.0200389 0.0630428
22 0.888849 0.358264 0.0240238 0.0684749
5 0.475318 0.201357 0.0216636 0.0468785
8 0.20314 0.389483 0.0174772 0.0519885
2 0.418052 0.526703 0.0333307 0.0677244
23 0.41954 0.381054 0.0193558 0.0570368
3 0.710016 0.741331 0.0285141 0.0870422
5 0.271295 0.232595 0.0269048 0.0562812
11 0.492711 0.248565 0.0170925 0.0439957
12 0.411271 0.197023 0.0170736 0.0507048
6 0.199757 0.451152 0.0267604 0.0562966
9 0.389288 0.348113 0.0277156 0.0585425
8 0.189125 0.361311 0.0181902 0.0544506
16 0.164275 0.63356 0.0269538 0.0789795
12 0.33821 0.166877 0.0178715 0.0453581
13 0.505063 0.194454 0.0162819 0.0473958
2 0.869289 0.473115 0.0310146 0.0696009
1 0.338009 0.16701 0.0180866 0.0461577
13 0.474853 0.200562 0.0214056 0.0481005
21 0.785787 0.272612 0.0202662 0.0564204
15 0.579111 0.469345 0.0214954 0.0619285
20 0.786156 0.273065 0.0199883 0.0590311
7 0.391641 0.267001 0.0243149 0.05055
18 0.418195 0.52658 0.0312094 0.0673737
14 0.568121 0.297784 0.0200389 0.0630428
22 0.888849 0.358264 0.0240238 0.0684749
5 0.475318 0.201357 0.0216636 0.0468785
8 0.20314 0.389483 0.0174772 0.0519885
2 0.418052 0.526703 0.0333307 0.0677244
23 0.41954 0.381054 0.0193558 0.0570368
3 0.710016 0.741331 0.0285141 0.0870422
5 0.271295 0.232595 0.0269048 0.0562812
11 0.492711 0.248565 0.0170925 0.0439957
12 0.411271 0.197023 0.0170736 0.0507048
6 0.199757 0.451152 0.0267604 0.0562966
9 0.389288 0.348113 0.0277156 0.0585425
8 0.189125 0.361311 0.0181902 0.0544506
16 0.164275 0.63356 0.0269538 0.0789795
12 0.33821 0.166877 0.0178715 0.0453581
13 0.505063 0.194454 0.0162819 0.0473958
2 0.869289 0.473115 0.0310146 0.0696009
1 0.338009 0.16701 0.0180866 0.0461577
13 0.474853 0.200562 0.0214056 0.0481005
21 0.785787 0.272612 0.0202662 0.0564204
15 0.579111 0.469345 0.0214954 0.0619285
20 0.786156 0.273065 0.0199883 0.0590311
7 0.391641 0.267001 0.0243149 0.05055
18 0.418195 0.52658 0.0312094 0.0673737
14 0.568121 0.297784 0.0200389 0.0630428
22 0.888849 0.358264 0.0240238 0.0684749
5 0.475318 0.201357 0.0216636 0.0468785
8 0.20314 0.389483 0.0174772 0.0519885
2 0.418052 0.526703 0.0333307 0.0677244
