4 0.140802 0.33214 0.0279775 0.0288621
16 0.122877 0.380467 0.0281049 0.0252106
2 0.848249 0.465615 0.0267097 0.0623403
1 0.276426 0.210366 0.0156372 0.0435701
3 0.741979 0.645952 0.0280039 0.0728585
9 0.322175 0.323798 0.0183088 0.052771
6 0.177439 0.360471 0.0196209 0.0581861
20 0.723405 0.306694 0.0188093 0.0589763
7 0.317174 0.241457 0.0151155 0.0478172
15 0.419831 0.400818 0.0188327 0.057275
23 0.477314 0.296167 0.0156645 0.0473702
21 0.855271 0.300967 0.0219511 0.054871
2 0.855866 0.301086 0.0212242 0.0544862
13 0.505172 0.216995 0.0149913 0.0533541
18 0.313025 0.434515 0.0232659 0.0613232
12 0.344274 0.242772 0.0192843 0.0531464
11 0.529972 0.261504 0.0162189 0.0516812
4 0.140802 0.33214 0.0279775 0.0288621
16 0.122877 0.380467 0.0281049 0.0252106
2 0.848249 0.465615 0.0267097 0.0623403
1 0.276426 0.210366 0.0156372 0.0435701
3 0.741979 0.645952 0.0280039 0.0728585
9 0.322175 0.323798 0.0183088 0.052771
6 0.177439 0.360471 0.0196209 0.0581861
20 0.723405 0.306694 0.0188093 0.0589763
7 0.317174 0.241457 0.0151155 0.0478172
15 0.419831 0.400818 0.0188327 0.057275
23 0.477314 0.296167 0.0156645 0.0473702
21 0.855271 0.300967 0.0219511 0.054871
2 0.855866 0.301086 0.0212242 0.0544862
13 0.505172 0.216995 0.0149913 0.0533541
18 0.313025 0.434515 0.0232659 0.0613232
12 0.344274 0.242772 0.0192843 0.0531464
11 0.529972 0.261504 0.0162189 0.0516812
4 0.140802 0.33214 0.0279775 0.0288621
16 0.122877 0.380467 0.0281049 0.0252106
2 0.848249 0.465615 0.0267097 0.0623403
1 0.276426 0.210366 0.0156372 0.0435701
3 0.741979 0.645952 0.0280039 0.0728585
9 0.322175 0.323798 0.0183088 0.052771
6 0.177439 0.360471 0.0196209 0.0581861
20 0.723405 0.306694 0.0188093 0.0589763
7 0.317174 0.241457 0.0151155 0.0478172
15 0.419831 0.400818 0.0188327 0.057275
23 0.477314 0.296167 0.0156645 0.0473702
21 0.855271 0.300967 0.0219511 0.054871
2 0.855866 0.301086 0.0212242 0.0544862
13 0.505172 0.216995 0.0149913 0.0533541
18 0.313025 0.434515 0.0232659 0.0613232
12 0.344274 0.242772 0.0192843 0.0531464
11 0.529972 0.261504 0.0162189 0.0516812
4 0.140802 0.33214 0.0279775 0.0288621
16 0.122877 0.380467 0.0281049 0.0252106
2 0.848249 0.465615 0.0267097 0.0623403
1 0.276426 0.210366 0.0156372 0.0435701
3 0.741979 0.645952 0.0280039 0.0728585
9 0.322175 0.323798 0.0183088 0.052771
6 0.177439 0.360471 0.0196209 0.0581861
20 0.723405 0.306694 0.0188093 0.0589763
7 0.317174 0.241457 0.0151155 0.0478172
15 0.419831 0.400818 0.0188327 0.057275
23 0.477314 0.296167 0.0156645 0.0473702
21 0.855271 0.300967 0.0219511 0.054871
2 0.855866 0.301086 0.0212242 0.0544862
13 0.505172 0.216995 0.0149913 0.0533541
18 0.313025 0.434515 0.0232659 0.0613232
12 0.344274 0.242772 0.0192843 0.0531464
11 0.529972 0.261504 0.0162189 0.0516812
