3 0.728056 0.724857 0.0256275 0.080838
1 0.366454 0.189741 0.018859 0.0451695
6 0.225144 0.433594 0.0228282 0.0498688
16 0.190473 0.577242 0.0279475 0.0640813
23 0.447841 0.376 0.0191257 0.0554598
5 0.305954 0.24561 0.0225664 0.0531656
9 0.406098 0.346733 0.0274466 0.0566558
11 0.508575 0.259545 0.0178698 0.0446882
20 0.614964 0.306115 0.0188278 0.0584422
10 0.488173 0.214479 0.0193163 0.0469722
12 0.412746 0.207273 0.0191339 0.0474168
2 0.877702 0.476242 0.0288483 0.0630217
13 0.513319 0.207041 0.0179993 0.0433547
15 0.581928 0.467382 0.0238113 0.0590722
21 0.805501 0.291014 0.0203732 0.0546336
22 0.909732 0.371858 0.024091 0.0708313
17 0.234439 0.377172 0.0193993 0.0495419
7 0.393854 0.269745 0.0230916 0.0468138
13 0.488569 0.215222 0.0188917 0.0459939
3 0.728056 0.724857 0.0256275 0.080838
1 0.366454 0.189741 0.018859 0.0451695
6 0.225144 0.433594 0.0228282 0.0498688
16 0.190473 0.577242 0.0279475 0.0640813
23 0.447841 0.376 0.0191257 0.0554598
5 0.305954 0.24561 0.0225664 0.0531656
9 0.406098 0.346733 0.0274466 0.0566558
11 0.508575 0.259545 0.0178698 0.0446882
20 0.614964 0.306115 0.0188278 0.0584422
10 0.488173 0.214479 0.0193163 0.0469722
12 0.412746 0.207273 0.0191339 0.0474168
2 0.877702 0.476242 0.0288483 0.0630217
13 0.513319 0.207041 0.0179993 0.0433547
15 0.581928 0.467382 0.0238113 0.0590722
21 0.805501 0.291014 0.0203732 0.0546336
22 0.909732 0.371858 0.024091 0.0708313
17 0.234439 0.377172 0.0193993 0.0495419
7 0.393854 0.269745 0.0230916 0.0468138
13 0.488569 0.215222 0.0188917 0.0459939
3 0.728056 0.724857 0.0256275 0.080838
1 0.366454 0.189741 0.018859 0.0451695
6 0.225144 0.433594 0.0228282 0.0498688
16 0.190473 0.577242 0.0279475 0.0640813
23 0.447841 0.376 0.0191257 0.0554598
5 0.305954 0.24561 0.0225664 0.0531656
9 0.406098 0.346733 0.0274466 0.0566558
11 0.508575 0.259545 0.0178698 0.0446882
20 0.614964 0.306115 0.0188278 0.0584422
10 0.488173 0.214479 0.0193163 0.0469722
12 0.412746 0.207273 0.0191339 0.0474168
2 0.877702 0.476242 0.0288483 0.0630217
13 0.513319 0.207041 0.0179993 0.0433547
15 0.581928 0.467382 0.0238113 0.0590722
21 0.805501 0.291014 0.0203732 0.0546336
22 0.909732 0.371858 0.024091 0.0708313
17 0.234439 0.377172 0.0193993 0.0495419
7 0.393854 0.269745 0.0230916 0.0468138
13 0.488569 0.215222 0.0188917 0.0459939
3 0.728056 0.724857 0.0256275 0.080838
1 0.366454 0.189741 0.018859 0.0451695
6 0.225144 0.433594 0.0228282 0.0498688
16 0.190473 0.577242 0.0279475 0.0640813
23 0.447841 0.376 0.0191257 0.0554598
5 0.305954 0.24561 0.0225664 0.0531656
9 0.406098 0.346733 0.0274466 0.0566558
11 0.508575 0.259545 0.0178698 0.0446882
20 0.614964 0.306115 0.0188278 0.0584422
10 0.488173 0.214479 0.0193163 0.0469722
12 0.412746 0.207273 0.0191339 0.0474168
2 0.877702 0.476242 0.0288483 0.0630217
13 0.513319 0.207041 0.0179993 0.0433547
15 0.581928 0.467382 0.0238113 0.0590722
21 0.805501 0.291014 0.0203732 0.0546336
22 0.909732 0.371858 0.024091 0.0708313
17 0.234439 0.377172 0.0193993 0.0495419
7 0.393854 0.269745 0.0230916 0.0468138
13 0.488569 0.215222 0.0188917 0.0459939
