23 0.482841 0.295696 0.0159064 0.0514557
16 0.13322 0.369681 0.0261531 0.0294017
9 0.317054 0.328476 0.0136732 0.0530067
3 0.746496 0.634317 0.0269112 0.0849707
6 0.186169 0.353752 0.0209105 0.0568578
4 0.136798 0.332732 0.0225806 0.0219425
20 0.733326 0.309437 0.0181359 0.058722
2 0.837235 0.461097 0.0267216 0.0658161
1 0.257959 0.214649 0.0172299 0.0442746
15 0.413759 0.391464 0.0202397 0.0537591
12 0.346862 0.241906 0.018373 0.05073
15 0.680756 0.388907 0.0218086 0.0593032
1 0.34679 0.241987 0.0181164 0.050815
21 0.864518 0.295297 0.0237074 0.0662588
18 0.313788 0.432974 0.025059 0.058191
9 0.327989 0.295439 0.0129056 0.048323
11 0.540895 0.263761 0.015573 0.0474102
8 0.526458 0.218417 0.0132964 0.0477764
23 0.482841 0.295696 0.0159064 0.0514557
16 0.13322 0.369681 0.0261531 0.0294017
9 0.317054 0.328476 0.0136732 0.0530067
3 0.746496 0.634317 0.0269112 0.0849707
6 0.186169 0.353752 0.0209105 0.0568578
4 0.136798 0.332732 0.0225806 0.0219425
20 0.733326 0.309437 0.0181359 0.058722
2 0.837235 0.461097 0.0267216 0.0658161
1 0.257959 0.214649 0.0172299 0.0442746
15 0.413759 0.391464 0.0202397 0.0537591
12 0.346862 0.241906 0.018373 0.05073
15 0.680756 0.388907 0.0218086 0.0593032
1 0.34679 0.241987 0.0181164 0.050815
21 0.864518 0.295297 0.0237074 0.0662588
18 0.313788 0.432974 0.025059 0.058191
9 0.327989 0.295439 0.0129056 0.048323
11 0.540895 0.263761 0.015573 0.0474102
8 0.526458 0.218417 0.0132964 0.0477764
23 0.482841 0.295696 0.0159064 0.0514557
16 0.13322 0.369681 0.0261531 0.0294017
9 0.317054 0.328476 0.0136732 0.0530067
3 0.746496 0.634317 0.0269112 0.0849707
6 0.186169 0.353752 0.0209105 0.0568578
4 0.136798 0.332732 0.0225806 0.0219425
20 0.733326 0.309437 0.0181359 0.058722
2 0.837235 0.461097 0.0267216 0.0658161
1 0.257959 0.214649 0.0172299 0.0442746
15 0.413759 0.391464 0.0202397 0.0537591
12 0.346862 0.241906 0.018373 0.05073
15 0.680756 0.388907 0.0218086 0.0593032
1 0.34679 0.241987 0.0181164 0.050815
21 0.864518 0.295297 0.0237074 0.0662588
18 0.313788 0.432974 0.025059 0.058191
9 0.327989 0.295439 0.0129056 0.048323
11 0.540895 0.263761 0.015573 0.0474102
8 0.526458 0.218417 0.0132964 0.0477764
23 0.482841 0.295696 0.0159064 0.0514557
16 0.13322 0.369681 0.0261531 0.0294017
9 0.317054 0.328476 0.0136732 0.0530067
3 0.746496 0.634317 0.0269112 0.0849707
6 0.186169 0.353752 0.0209105 0.0568578
4 0.136798 0.332732 0.0225806 0.0219425
20 0.733326 0.309437 0.0181359 0.058722
2 0.837235 0.461097 0.0267216 0.0658161
1 0.257959 0.214649 0.0172299 0.0442746
15 0.413759 0.391464 0.0202397 0.0537591
12 0.346862 0.241906 0.018373 0.05073
15 0.680756 0.388907 0.0218086 0.0593032
1 0.34679 0.241987 0.0181164 0.050815
21 0.864518 0.295297 0.0237074 0.0662588
18 0.313788 0.432974 0.025059 0.058191
9 0.327989 0.295439 0.0129056 0.048323
11 0.540895 0.263761 0.015573 0.0474102
8 0.526458 0.218417 0.0132964 0.0477764
