23 0.46888 0.318606 0.0177 0.0464654
3 0.732459 0.674792 0.0261276 0.081977
5 0.298747 0.241571 0.0226038 0.0438236
2 0.857032 0.467533 0.0234776 0.0660102
15 0.483885 0.425619 0.023978 0.0601542
4 0.0962704 0.314711 0.0172973 0.0542029
20 0.682856 0.30514 0.0191655 0.0586985
16 0.171056 0.433618 0.0218631 0.0492106
18 0.344689 0.454816 0.0247452 0.0580784
12 0.32604 0.193204 0.0126959 0.0339981
9 0.359641 0.323622 0.0278999 0.059687
8 0.245955 0.30431 0.0148817 0.0461656
7 0.329573 0.246969 0.0156734 0.0366282
6 0.200511 0.371357 0.0203269 0.0537432
15 0.666353 0.381112 0.0239144 0.0558853
2 0.824313 0.299036 0.0225399 0.0597139
20 0.500524 0.264141 0.0182014 0.052982
10 0.463048 0.225621 0.0125148 0.0470873
13 0.448385 0.213136 0.0128978 0.0456663
22 0.94932 0.384176 0.0235918 0.0676509
23 0.46888 0.318606 0.0177 0.0464654
3 0.732459 0.674792 0.0261276 0.081977
5 0.298747 0.241571 0.0226038 0.0438236
2 0.857032 0.467533 0.0234776 0.0660102
15 0.483885 0.425619 0.023978 0.0601542
4 0.0962704 0.314711 0.0172973 0.0542029
20 0.682856 0.30514 0.0191655 0.0586985
16 0.171056 0.433618 0.0218631 0.0492106
18 0.344689 0.454816 0.0247452 0.0580784
12 0.32604 0.193204 0.0126959 0.0339981
9 0.359641 0.323622 0.0278999 0.059687
8 0.245955 0.30431 0.0148817 0.0461656
7 0.329573 0.246969 0.0156734 0.0366282
6 0.200511 0.371357 0.0203269 0.0537432
15 0.666353 0.381112 0.0239144 0.0558853
2 0.824313 0.299036 0.0225399 0.0597139
20 0.500524 0.264141 0.0182014 0.052982
10 0.463048 0.225621 0.0125148 0.0470873
13 0.448385 0.213136 0.0128978 0.0456663
22 0.94932 0.384176 0.0235918 0.0676509
23 0.46888 0.318606 0.0177 0.0464654
3 0.732459 0.674792 0.0261276 0.081977
5 0.298747 0.241571 0.0226038 0.0438236
2 0.857032 0.467533 0.0234776 0.0660102
15 0.483885 0.425619 0.023978 0.0601542
4 0.0962704 0.314711 0.0172973 0.0542029
20 0.682856 0.30514 0.0191655 0.0586985
16 0.171056 0.433618 0.0218631 0.0492106
18 0.344689 0.454816 0.0247452 0.0580784
12 0.32604 0.193204 0.0126959 0.0339981
9 0.359641 0.323622 0.0278999 0.059687
8 0.245955 0.30431 0.0148817 0.0461656
7 0.329573 0.246969 0.0156734 0.0366282
6 0.200511 0.371357 0.0203269 0.0537432
15 0.666353 0.381112 0.0239144 0.0558853
2 0.824313 0.299036 0.0225399 0.0597139
20 0.500524 0.264141 0.0182014 0.052982
10 0.463048 0.225621 0.0125148 0.0470873
13 0.448385 0.213136 0.0128978 0.0456663
22 0.94932 0.384176 0.0235918 0.0676509
23 0.46888 0.318606 0.0177 0.0464654
3 0.732459 0.674792 0.0261276 0.081977
5 0.298747 0.241571 0.0226038 0.0438236
2 0.857032 0.467533 0.0234776 0.0660102
15 0.483885 0.425619 0.023978 0.0601542
4 0.0962704 0.314711 0.0172973 0.0542029
20 0.682856 0.30514 0.0191655 0.0586985
16 0.171056 0.433618 0.0218631 0.0492106
18 0.344689 0.454816 0.0247452 0.0580784
12 0.32604 0.193204 0.0126959 0.0339981
9 0.359641 0.323622 0.0278999 0.059687
8 0.245955 0.30431 0.0148817 0.0461656
7 0.329573 0.246969 0.0156734 0.0366282
6 0.200511 0.371357 0.0203269 0.0537432
15 0.666353 0.381112 0.0239144 0.0558853
2 0.824313 0.299036 0.0225399 0.0597139
20 0.500524 0.264141 0.0182014 0.052982
10 0.463048 0.225621 0.0125148 0.0470873
13 0.448385 0.213136 0.0128978 0.0456663
22 0.94932 0.384176 0.0235918 0.0676509
