23 0.469372 0.349159 0.0192154 0.0536106
6 0.226242 0.398383 0.0217207 0.0573011
3 0.739873 0.698498 0.0257872 0.0792288
4 0.0618337 0.325248 0.0172901 0.0586457
2 0.874188 0.477367 0.027791 0.0616349
8 0.226248 0.332481 0.0174213 0.0482103
0 0.356309 0.228726 0.00731649 0.0186109
9 0.371324 0.263312 0.0182167 0.0457004
20 0.665983 0.30934 0.0186891 0.0574656
5 0.319893 0.247908 0.023393 0.0439238
16 0.192916 0.494733 0.0231331 0.064279
8 0.248576 0.320313 0.0181586 0.0474354
11 0.512134 0.268476 0.0202038 0.0446738
2 0.389269 0.476977 0.0238795 0.0617305
15 0.541858 0.447433 0.0234194 0.0592529
13 0.480024 0.223934 0.0128773 0.0439998
9 0.395662 0.336643 0.026047 0.0573842
1 0.383657 0.204766 0.0175851 0.0397239
3 0.389412 0.47653 0.0229131 0.0625119
13 0.493903 0.218958 0.0148155 0.0441196
7 0.512359 0.268163 0.0203606 0.0457483
23 0.469372 0.349159 0.0192154 0.0536106
6 0.226242 0.398383 0.0217207 0.0573011
3 0.739873 0.698498 0.0257872 0.0792288
4 0.0618337 0.325248 0.0172901 0.0586457
2 0.874188 0.477367 0.027791 0.0616349
8 0.226248 0.332481 0.0174213 0.0482103
0 0.356309 0.228726 0.00731649 0.0186109
9 0.371324 0.263312 0.0182167 0.0457004
20 0.665983 0.30934 0.0186891 0.0574656
5 0.319893 0.247908 0.023393 0.0439238
16 0.192916 0.494733 0.0231331 0.064279
8 0.248576 0.320313 0.0181586 0.0474354
11 0.512134 0.268476 0.0202038 0.0446738
2 0.389269 0.476977 0.0238795 0.0617305
15 0.541858 0.447433 0.0234194 0.0592529
13 0.480024 0.223934 0.0128773 0.0439998
9 0.395662 0.336643 0.026047 0.0573842
1 0.383657 0.204766 0.0175851 0.0397239
3 0.389412 0.47653 0.0229131 0.0625119
13 0.493903 0.218958 0.0148155 0.0441196
7 0.512359 0.268163 0.0203606 0.0457483
23 0.469372 0.349159 0.0192154 0.0536106
6 0.226242 0.398383 0.0217207 0.0573011
3 0.739873 0.698498 0.0257872 0.0792288
4 0.0618337 0.325248 0.0172901 0.0586457
2 0.874188 0.477367 0.027791 0.0616349
8 0.226248 0.332481 0.0174213 0.0482103
0 0.356309 0.228726 0.00731649 0.0186109
9 0.371324 0.263312 0.0182167 0.0457004
20 0.665983 0.30934 0.0186891 0.0574656
5 0.319893 0.247908 0.023393 0.0439238
16 0.192916 0.494733 0.0231331 0.064279
8 0.248576 0.320313 0.0181586 0.0474354
11 0.512134 0.268476 0.0202038 0.0446738
2 0.389269 0.476977 0.0238795 0.0617305
15 0.541858 0.447433 0.0234194 0.0592529
13 0.480024 0.223934 0.0128773 0.0439998
9 0.395662 0.336643 0.026047 0.0573842
1 0.383657 0.204766 0.0175851 0.0397239
3 0.389412 0.47653 0.0229131 0.0625119
13 0.493903 0.218958 0.0148155 0.0441196
7 0.512359 0.268163 0.0203606 0.0457483
23 0.469372 0.349159 0.0192154 0.0536106
6 0.226242 0.398383 0.0217207 0.0573011
3 0.739873 0.698498 0.0257872 0.0792288
4 0.0618337 0.325248 0.0172901 0.0586457
2 0.874188 0.477367 0.027791 0.0616349
8 0.226248 0.332481 0.0174213 0.0482103
0 0.356309 0.228726 0.00731649 0.0186109
9 0.371324 0.263312 0.0182167 0.0457004
20 0.665983 0.30934 0.0186891 0.0574656
5 0.319893 0.247908 0.023393 0.0439238
16 0.192916 0.494733 0.0231331 0.064279
8 0.248576 0.320313 0.0181586 0.0474354
11 0.512134 0.268476 0.0202038 0.0446738
2 0.389269 0.476977 0.0238795 0.0617305
15 0.541858 0.447433 0.0234194 0.0592529
13 0.480024 0.223934 0.0128773 0.0439998
9 0.395662 0.336643 0.026047 0.0573842
1 0.383657 0.204766 0.0175851 0.0397239
3 0.389412 0.47653 0.0229131 0.0625119
13 0.493903 0.218958 0.0148155 0.0441196
7 0.512359 0.268163 0.0203606 0.0457483
