23 0.45965 0.309292 0.0166561 0.0488365
16 0.149981 0.414133 0.0231349 0.0539702
3 0.724881 0.661308 0.0242417 0.0762
12 0.29849 0.193242 0.0162417 0.0376112
4 0.106698 0.310596 0.0180696 0.0510743
6 0.183576 0.367861 0.0207661 0.0537818
0 0.271582 0.270109 0.00838645 0.0130087
2 0.841362 0.462636 0.0289101 0.0796977
20 0.68333 0.305741 0.0196674 0.0573648
13 0.426038 0.212747 0.0162215 0.0471554
10 0.456741 0.221844 0.0162806 0.045925
15 0.454747 0.419517 0.0234688 0.0585297
21 0.819503 0.296986 0.0212441 0.0581237
2 0.819786 0.297353 0.0208946 0.0555238
22 0.947876 0.386047 0.0220436 0.0663766
1 0.323057 0.224779 0.0137423 0.0434646
14 0.656587 0.380786 0.0206481 0.0556135
18 0.321109 0.445509 0.0217833 0.0638239
20 0.494752 0.265008 0.0168457 0.0565345
23 0.45965 0.309292 0.0166561 0.0488365
16 0.149981 0.414133 0.0231349 0.0539702
3 0.724881 0.661308 0.0242417 0.0762
12 0.29849 0.193242 0.0162417 0.0376112
4 0.106698 0.310596 0.0180696 0.0510743
6 0.183576 0.367861 0.0207661 0.0537818
0 0.271582 0.270109 0.00838645 0.0130087
2 0.841362 0.462636 0.0289101 0.0796977
20 0.68333 0.305741 0.0196674 0.0573648
13 0.426038 0.212747 0.0162215 0.0471554
10 0.456741 0.221844 0.0162806 0.045925
15 0.454747 0.419517 0.0234688 0.0585297
21 0.819503 0.296986 0.0212441 0.0581237
2 0.819786 0.297353 0.0208946 0.0555238
22 0.947876 0.386047 0.0220436 0.0663766
1 0.323057 0.224779 0.0137423 0.0434646
14 0.656587 0.380786 0.0206481 0.0556135
18 0.321109 0.445509 0.0217833 0.0638239
20 0.494752 0.265008 0.0168457 0.0565345
23 0.45965 0.309292 0.0166561 0.0488365
16 0.149981 0.414133 0.0231349 0.0539702
3 0.724881 0.661308 0.0242417 0.0762
12 0.29849 0.193242 0.0162417 0.0376112
4 0.106698 0.310596 0.0180696 0.0510743
6 0.183576 0.367861 0.0207661 0.0537818
0 0.271582 0.270109 0.00838645 0.0130087
2 0.841362 0.462636 0.0289101 0.0796977
20 0.68333 0.305741 0.0196674 0.0573648
13 0.426038 0.212747 0.0162215 0.0471554
10 0.456741 0.221844 0.0162806 0.045925
15 0.454747 0.419517 0.0234688 0.0585297
21 0.819503 0.296986 0.0212441 0.0581237
2 0.819786 0.297353 0.0208946 0.0555238
22 0.947876 0.386047 0.0220436 0.0663766
1 0.323057 0.224779 0.0137423 0.0434646
14 0.656587 0.380786 0.0206481 0.0556135
18 0.321109 0.445509 0.0217833 0.0638239
20 0.494752 0.265008 0.0168457 0.0565345
23 0.45965 0.309292 0.0166561 0.0488365
16 0.149981 0.414133 0.0231349 0.0539702
3 0.724881 0.661308 0.0242417 0.0762
12 0.29849 0.193242 0.0162417 0.0376112
4 0.106698 0.310596 0.0180696 0.0510743
6 0.183576 0.367861 0.0207661 0.0537818
0 0.271582 0.270109 0.00838645 0.0130087
2 0.841362 0.462636 0.0289101 0.0796977
20 0.68333 0.305741 0.0196674 0.0573648
13 0.426038 0.212747 0.0162215 0.0471554
10 0.456741 0.221844 0.0162806 0.045925
15 0.454747 0.419517 0.0234688 0.0585297
21 0.819503 0.296986 0.0212441 0.0581237
2 0.819786 0.297353 0.0208946 0.0555238
22 0.947876 0.386047 0.0220436 0.0663766
1 0.323057 0.224779 0.0137423 0.0434646
14 0.656587 0.380786 0.0206481 0.0556135
18 0.321109 0.445509 0.0217833 0.0638239
20 0.494752 0.265008 0.0168457 0.0565345
