23 0.46339 0.314214 0.0164895 0.0498707
3 0.727361 0.665247 0.0261828 0.0827883
12 0.314122 0.1941 0.015715 0.0379663
5 0.290268 0.240515 0.0217583 0.0442892
4 0.0992531 0.314169 0.0190448 0.0520952
2 0.849568 0.467061 0.0260952 0.0658325
9 0.349016 0.323377 0.0268089 0.06806
16 0.161656 0.427627 0.0215091 0.0535685
7 0.320598 0.243093 0.0135439 0.0422778
18 0.334098 0.452437 0.0261719 0.0583328
20 0.681617 0.302783 0.0204798 0.0579827
15 0.472075 0.422854 0.0231464 0.0595644
10 0.458028 0.221157 0.0162144 0.0500579
22 0.947164 0.38419 0.0213678 0.0684096
21 0.82102 0.299205 0.0222946 0.0585429
15 0.662105 0.380327 0.0217113 0.0571603
13 0.439148 0.211948 0.012265 0.0473571
6 0.243424 0.30466 0.0197547 0.0430654
6 0.192408 0.369805 0.0184244 0.0543345
2 0.820843 0.299626 0.0213604 0.0563251
23 0.46339 0.314214 0.0164895 0.0498707
3 0.727361 0.665247 0.0261828 0.0827883
12 0.314122 0.1941 0.015715 0.0379663
5 0.290268 0.240515 0.0217583 0.0442892
4 0.0992531 0.314169 0.0190448 0.0520952
2 0.849568 0.467061 0.0260952 0.0658325
9 0.349016 0.323377 0.0268089 0.06806
16 0.161656 0.427627 0.0215091 0.0535685
7 0.320598 0.243093 0.0135439 0.0422778
18 0.334098 0.452437 0.0261719 0.0583328
20 0.681617 0.302783 0.0204798 0.0579827
15 0.472075 0.422854 0.0231464 0.0595644
10 0.458028 0.221157 0.0162144 0.0500579
22 0.947164 0.38419 0.0213678 0.0684096
21 0.82102 0.299205 0.0222946 0.0585429
15 0.662105 0.380327 0.0217113 0.0571603
13 0.439148 0.211948 0.012265 0.0473571
6 0.243424 0.30466 0.0197547 0.0430654
6 0.192408 0.369805 0.0184244 0.0543345
2 0.820843 0.299626 0.0213604 0.0563251
23 0.46339 0.314214 0.0164895 0.0498707
3 0.727361 0.665247 0.0261828 0.0827883
12 0.314122 0.1941 0.015715 0.0379663
5 0.290268 0.240515 0.0217583 0.0442892
4 0.0992531 0.314169 0.0190448 0.0520952
2 0.849568 0.467061 0.0260952 0.0658325
9 0.349016 0.323377 0.0268089 0.06806
16 0.161656 0.427627 0.0215091 0.0535685
7 0.320598 0.243093 0.0135439 0.0422778
18 0.334098 0.452437 0.0261719 0.0583328
20 0.681617 0.302783 0.0204798 0.0579827
15 0.472075 0.422854 0.0231464 0.0595644
10 0.458028 0.221157 0.0162144 0.0500579
22 0.947164 0.38419 0.0213678 0.0684096
21 0.82102 0.299205 0.0222946 0.0585429
15 0.662105 0.380327 0.0217113 0.0571603
13 0.439148 0.211948 0.012265 0.0473571
6 0.243424 0.30466 0.0197547 0.0430654
6 0.192408 0.369805 0.0184244 0.0543345
2 0.820843 0.299626 0.0213604 0.0563251
23 0.46339 0.314214 0.0164895 0.0498707
3 0.727361 0.665247 0.0261828 0.0827883
12 0.314122 0.1941 0.015715 0.0379663
5 0.290268 0.240515 0.0217583 0.0442892
4 0.0992531 0.314169 0.0190448 0.0520952
2 0.849568 0.467061 0.0260952 0.0658325
9 0.349016 0.323377 0.0268089 0.06806
16 0.161656 0.427627 0.0215091 0.0535685
7 0.320598 0.243093 0.0135439 0.0422778
18 0.334098 0.452437 0.0261719 0.0583328
20 0.681617 0.302783 0.0204798 0.0579827
15 0.472075 0.422854 0.0231464 0.0595644
10 0.458028 0.221157 0.0162144 0.0500579
22 0.947164 0.38419 0.0213678 0.0684096
21 0.82102 0.299205 0.0222946 0.0585429
15 0.662105 0.380327 0.0217113 0.0571603
13 0.439148 0.211948 0.012265 0.0473571
6 0.243424 0.30466 0.0197547 0.0430654
6 0.192408 0.369805 0.0184244 0.0543345
2 0.820843 0.299626 0.0213604 0.0563251
