16 0.123514 0.384909 0.03386 0.0301199
3 0.739506 0.645543 0.0240257 0.073023
4 0.142362 0.327789 0.031633 0.0354902
6 0.174345 0.35934 0.0179943 0.0541845
9 0.320912 0.32015 0.0168586 0.0548968
20 0.716413 0.307326 0.0179558 0.059497
2 0.843791 0.4627 0.0229305 0.0698146
12 0.27786 0.20532 0.014596 0.041282
18 0.309364 0.436196 0.0237603 0.0590126
15 0.42109 0.402505 0.0207872 0.0602917
8 0.259763 0.291812 0.0156404 0.0553423
13 0.495685 0.216421 0.014522 0.0536997
9 0.297833 0.291174 0.0134266 0.0456641
12 0.341701 0.236339 0.0181255 0.0528754
23 0.473283 0.298042 0.0191772 0.0507354
20 0.522814 0.262498 0.0164455 0.0502955
7 0.313551 0.241234 0.0162459 0.0503927
13 0.412367 0.212138 0.0143991 0.0492703
16 0.123514 0.384909 0.03386 0.0301199
3 0.739506 0.645543 0.0240257 0.073023
4 0.142362 0.327789 0.031633 0.0354902
6 0.174345 0.35934 0.0179943 0.0541845
9 0.320912 0.32015 0.0168586 0.0548968
20 0.716413 0.307326 0.0179558 0.059497
2 0.843791 0.4627 0.0229305 0.0698146
12 0.27786 0.20532 0.014596 0.041282
18 0.309364 0.436196 0.0237603 0.0590126
15 0.42109 0.402505 0.0207872 0.0602917
8 0.259763 0.291812 0.0156404 0.0553423
13 0.495685 0.216421 0.014522 0.0536997
9 0.297833 0.291174 0.0134266 0.0456641
12 0.341701 0.236339 0.0181255 0.0528754
23 0.473283 0.298042 0.0191772 0.0507354
20 0.522814 0.262498 0.0164455 0.0502955
7 0.313551 0.241234 0.0162459 0.0503927
13 0.412367 0.212138 0.0143991 0.0492703
16 0.123514 0.384909 0.03386 0.0301199
3 0.739506 0.645543 0.0240257 0.073023
4 0.142362 0.327789 0.031633 0.0354902
6 0.174345 0.35934 0.0179943 0.0541845
9 0.320912 0.32015 0.0168586 0.0548968
20 0.716413 0.307326 0.0179558 0.059497
2 0.843791 0.4627 0.0229305 0.0698146
12 0.27786 0.20532 0.014596 0.041282
18 0.309364 0.436196 0.0237603 0.0590126
15 0.42109 0.402505 0.0207872 0.0602917
8 0.259763 0.291812 0.0156404 0.0553423
13 0.495685 0.216421 0.014522 0.0536997
9 0.297833 0.291174 0.0134266 0.0456641
12 0.341701 0.236339 0.0181255 0.0528754
23 0.473283 0.298042 0.0191772 0.0507354
20 0.522814 0.262498 0.0164455 0.0502955
7 0.313551 0.241234 0.0162459 0.0503927
13 0.412367 0.212138 0.0143991 0.0492703
16 0.123514 0.384909 0.03386 0.0301199
3 0.739506 0.645543 0.0240257 0.073023
4 0.142362 0.327789 0.031633 0.0354902
6 0.174345 0.35934 0.0179943 0.0541845
9 0.320912 0.32015 0.0168586 0.0548968
20 0.716413 0.307326 0.0179558 0.059497
2 0.843791 0.4627 0.0229305 0.0698146
12 0.27786 0.20532 0.014596 0.041282
18 0.309364 0.436196 0.0237603 0.0590126
15 0.42109 0.402505 0.0207872 0.0602917
8 0.259763 0.291812 0.0156404 0.0553423
13 0.495685 0.216421 0.014522 0.0536997
9 0.297833 0.291174 0.0134266 0.0456641
12 0.341701 0.236339 0.0181255 0.0528754
23 0.473283 0.298042 0.0191772 0.0507354
20 0.522814 0.262498 0.0164455 0.0502955
7 0.313551 0.241234 0.0162459 0.0503927
13 0.412367 0.212138 0.0143991 0.0492703
