23 0.469908 0.317917 0.0182186 0.0495906
3 0.735131 0.675726 0.0264307 0.0798501
5 0.300852 0.239949 0.0217944 0.0448314
16 0.176279 0.437846 0.0263753 0.0544362
12 0.330877 0.192226 0.0118388 0.0382692
4 0.0947523 0.310958 0.0176623 0.0541608
15 0.488858 0.424434 0.0243188 0.0572507
20 0.68252 0.303336 0.0196225 0.057614
2 0.860889 0.468355 0.0280432 0.0692232
8 0.246074 0.302874 0.0143574 0.0471715
9 0.362644 0.319823 0.0283126 0.0558694
2 0.825342 0.297407 0.0210415 0.0596801
20 0.501953 0.261449 0.0161387 0.0501086
13 0.453481 0.207515 0.0117171 0.0403464
15 0.668128 0.379573 0.0219505 0.0542056
18 0.350146 0.451566 0.0265524 0.0572111
6 0.206354 0.371459 0.0237004 0.0558228
13 0.464139 0.223781 0.0127249 0.0490479
7 0.334062 0.242849 0.0172869 0.0419782
23 0.469908 0.317917 0.0182186 0.0495906
3 0.735131 0.675726 0.0264307 0.0798501
5 0.300852 0.239949 0.0217944 0.0448314
16 0.176279 0.437846 0.0263753 0.0544362
12 0.330877 0.192226 0.0118388 0.0382692
4 0.0947523 0.310958 0.0176623 0.0541608
15 0.488858 0.424434 0.0243188 0.0572507
20 0.68252 0.303336 0.0196225 0.057614
2 0.860889 0.468355 0.0280432 0.0692232
8 0.246074 0.302874 0.0143574 0.0471715
9 0.362644 0.319823 0.0283126 0.0558694
2 0.825342 0.297407 0.0210415 0.0596801
20 0.501953 0.261449 0.0161387 0.0501086
13 0.453481 0.207515 0.0117171 0.0403464
15 0.668128 0.379573 0.0219505 0.0542056
18 0.350146 0.451566 0.0265524 0.0572111
6 0.206354 0.371459 0.0237004 0.0558228
13 0.464139 0.223781 0.0127249 0.0490479
7 0.334062 0.242849 0.0172869 0.0419782
23 0.469908 0.317917 0.0182186 0.0495906
3 0.735131 0.675726 0.0264307 0.0798501
5 0.300852 0.239949 0.0217944 0.0448314
16 0.176279 0.437846 0.0263753 0.0544362
12 0.330877 0.192226 0.0118388 0.0382692
4 0.0947523 0.310958 0.0176623 0.0541608
15 0.488858 0.424434 0.0243188 0.0572507
20 0.68252 0.303336 0.0196225 0.057614
2 0.860889 0.468355 0.0280432 0.0692232
8 0.246074 0.302874 0.0143574 0.0471715
9 0.362644 0.319823 0.0283126 0.0558694
2 0.825342 0.297407 0.0210415 0.0596801
20 0.501953 0.261449 0.0161387 0.0501086
13 0.453481 0.207515 0.0117171 0.0403464
15 0.668128 0.379573 0.0219505 0.0542056
18 0.350146 0.451566 0.0265524 0.0572111
6 0.206354 0.371459 0.0237004 0.0558228
13 0.464139 0.223781 0.0127249 0.0490479
7 0.334062 0.242849 0.0172869 0.0419782
23 0.469908 0.317917 0.0182186 0.0495906
3 0.735131 0.675726 0.0264307 0.0798501
5 0.300852 0.239949 0.0217944 0.0448314
16 0.176279 0.437846 0.0263753 0.0544362
12 0.330877 0.192226 0.0118388 0.0382692
4 0.0947523 0.310958 0.0176623 0.0541608
15 0.488858 0.424434 0.0243188 0.0572507
20 0.68252 0.303336 0.0196225 0.057614
2 0.860889 0.468355 0.0280432 0.0692232
8 0.246074 0.302874 0.0143574 0.0471715
9 0.362644 0.319823 0.0283126 0.0558694
2 0.825342 0.297407 0.0210415 0.0596801
20 0.501953 0.261449 0.0161387 0.0501086
13 0.453481 0.207515 0.0117171 0.0403464
15 0.668128 0.379573 0.0219505 0.0542056
18 0.350146 0.451566 0.0265524 0.0572111
6 0.206354 0.371459 0.0237004 0.0558228
13 0.464139 0.223781 0.0127249 0.0490479
7 0.334062 0.242849 0.0172869 0.0419782
