23 0.483264 0.295419 0.0149557 0.0506673
6 0.185511 0.355379 0.0201056 0.0570087
16 0.132923 0.373656 0.0255161 0.0251935
9 0.31753 0.330241 0.0131267 0.0501039
3 0.747136 0.636238 0.0292413 0.0835431
20 0.732684 0.310075 0.0178236 0.0587276
4 0.140693 0.337543 0.0164351 0.0251851
2 0.842557 0.463063 0.0280572 0.0616511
12 0.263572 0.217205 0.0144559 0.0450026
15 0.415014 0.391023 0.0187059 0.0550258
21 0.864805 0.295378 0.0239758 0.0670944
15 0.68241 0.389774 0.0202649 0.0584616
12 0.347718 0.241063 0.0199757 0.0530022
1 0.347703 0.24127 0.0197812 0.0536011
23 0.483264 0.295419 0.0149557 0.0506673
6 0.185511 0.355379 0.0201056 0.0570087
16 0.132923 0.373656 0.0255161 0.0251935
9 0.31753 0.330241 0.0131267 0.0501039
3 0.747136 0.636238 0.0292413 0.0835431
20 0.732684 0.310075 0.0178236 0.0587276
4 0.140693 0.337543 0.0164351 0.0251851
2 0.842557 0.463063 0.0280572 0.0616511
12 0.263572 0.217205 0.0144559 0.0450026
15 0.415014 0.391023 0.0187059 0.0550258
21 0.864805 0.295378 0.0239758 0.0670944
15 0.68241 0.389774 0.0202649 0.0584616
12 0.347718 0.241063 0.0199757 0.0530022
1 0.347703 0.24127 0.0197812 0.0536011
23 0.483264 0.295419 0.0149557 0.0506673
6 0.185511 0.355379 0.0201056 0.0570087
16 0.132923 0.373656 0.0255161 0.0251935
9 0.31753 0.330241 0.0131267 0.0501039
3 0.747136 0.636238 0.0292413 0.0835431
20 0.732684 0.310075 0.0178236 0.0587276
4 0.140693 0.337543 0.0164351 0.0251851
2 0.842557 0.463063 0.0280572 0.0616511
12 0.263572 0.217205 0.0144559 0.0450026
15 0.415014 0.391023 0.0187059 0.0550258
21 0.864805 0.295378 0.0239758 0.0670944
15 0.68241 0.389774 0.0202649 0.0584616
12 0.347718 0.241063 0.0199757 0.0530022
1 0.347703 0.24127 0.0197812 0.0536011
23 0.483264 0.295419 0.0149557 0.0506673
6 0.185511 0.355379 0.0201056 0.0570087
16 0.132923 0.373656 0.0255161 0.0251935
9 0.31753 0.330241 0.0131267 0.0501039
3 0.747136 0.636238 0.0292413 0.0835431
20 0.732684 0.310075 0.0178236 0.0587276
4 0.140693 0.337543 0.0164351 0.0251851
2 0.842557 0.463063 0.0280572 0.0616511
12 0.263572 0.217205 0.0144559 0.0450026
15 0.415014 0.391023 0.0187059 0.0550258
21 0.864805 0.295378 0.0239758 0.0670944
15 0.68241 0.389774 0.0202649 0.0584616
12 0.347718 0.241063 0.0199757 0.0530022
1 0.347703 0.24127 0.0197812 0.0536011
