4 0.142245 0.333862 0.0292523 0.0269987
2 0.849648 0.465487 0.0264797 0.0616623
1 0.27548 0.211378 0.0174534 0.0418831
16 0.122502 0.379476 0.0248824 0.0248016
3 0.743403 0.64523 0.0285494 0.0752437
6 0.178763 0.359738 0.0175868 0.0584257
9 0.321722 0.325342 0.0163567 0.04958
23 0.477781 0.295513 0.0156044 0.0486591
20 0.724455 0.30742 0.0189547 0.0588495
7 0.317988 0.241448 0.0156512 0.0486061
21 0.855965 0.30193 0.0217545 0.0543404
2 0.856569 0.302051 0.0212833 0.0544724
13 0.506429 0.216703 0.0153205 0.0543117
1 0.345163 0.243087 0.0188812 0.0522106
18 0.31325 0.433833 0.0233466 0.0596572
12 0.275165 0.211526 0.017603 0.0415627
12 0.345189 0.243094 0.019131 0.0534114
11 0.530562 0.260516 0.0158596 0.0508755
10 0.506461 0.217443 0.0162212 0.0552926
4 0.142245 0.333862 0.0292523 0.0269987
2 0.849648 0.465487 0.0264797 0.0616623
1 0.27548 0.211378 0.0174534 0.0418831
16 0.122502 0.379476 0.0248824 0.0248016
3 0.743403 0.64523 0.0285494 0.0752437
6 0.178763 0.359738 0.0175868 0.0584257
9 0.321722 0.325342 0.0163567 0.04958
23 0.477781 0.295513 0.0156044 0.0486591
20 0.724455 0.30742 0.0189547 0.0588495
7 0.317988 0.241448 0.0156512 0.0486061
21 0.855965 0.30193 0.0217545 0.0543404
2 0.856569 0.302051 0.0212833 0.0544724
13 0.506429 0.216703 0.0153205 0.0543117
1 0.345163 0.243087 0.0188812 0.0522106
18 0.31325 0.433833 0.0233466 0.0596572
12 0.275165 0.211526 0.017603 0.0415627
12 0.345189 0.243094 0.019131 0.0534114
11 0.530562 0.260516 0.0158596 0.0508755
10 0.506461 0.217443 0.0162212 0.0552926
4 0.142245 0.333862 0.0292523 0.0269987
2 0.849648 0.465487 0.0264797 0.0616623
1 0.27548 0.211378 0.0174534 0.0418831
16 0.122502 0.379476 0.0248824 0.0248016
3 0.743403 0.64523 0.0285494 0.0752437
6 0.178763 0.359738 0.0175868 0.0584257
9 0.321722 0.325342 0.0163567 0.04958
23 0.477781 0.295513 0.0156044 0.0486591
20 0.724455 0.30742 0.0189547 0.0588495
7 0.317988 0.241448 0.0156512 0.0486061
21 0.855965 0.30193 0.0217545 0.0543404
2 0.856569 0.302051 0.0212833 0.0544724
13 0.506429 0.216703 0.0153205 0.0543117
1 0.345163 0.243087 0.0188812 0.0522106
18 0.31325 0.433833 0.0233466 0.0596572
12 0.275165 0.211526 0.017603 0.0415627
12 0.345189 0.243094 0.019131 0.0534114
11 0.530562 0.260516 0.0158596 0.0508755
10 0.506461 0.217443 0.0162212 0.0552926
4 0.142245 0.333862 0.0292523 0.0269987
2 0.849648 0.465487 0.0264797 0.0616623
1 0.27548 0.211378 0.0174534 0.0418831
16 0.122502 0.379476 0.0248824 0.0248016
3 0.743403 0.64523 0.0285494 0.0752437
6 0.178763 0.359738 0.0175868 0.0584257
9 0.321722 0.325342 0.0163567 0.04958
23 0.477781 0.295513 0.0156044 0.0486591
20 0.724455 0.30742 0.0189547 0.0588495
7 0.317988 0.241448 0.0156512 0.0486061
21 0.855965 0.30193 0.0217545 0.0543404
2 0.856569 0.302051 0.0212833 0.0544724
13 0.506429 0.216703 0.0153205 0.0543117
1 0.345163 0.243087 0.0188812 0.0522106
18 0.31325 0.433833 0.0233466 0.0596572
12 0.275165 0.211526 0.017603 0.0415627
12 0.345189 0.243094 0.019131 0.0534114
11 0.530562 0.260516 0.0158596 0.0508755
10 0.506461 0.217443 0.0162212 0.0552926
