5 0.310676 0.242973 0.0215604 0.0457619
3 0.74041 0.679421 0.0251425 0.0809874
23 0.475576 0.328479 0.0187355 0.0562056
16 0.186664 0.452521 0.0212014 0.0588763
4 0.0925133 0.31499 0.018278 0.0537703
2 0.870127 0.469345 0.0259377 0.0658632
15 0.508461 0.430758 0.0192575 0.0594628
20 0.683921 0.304127 0.0211546 0.0546106
6 0.216261 0.375757 0.0258288 0.0497567
18 0.365158 0.459793 0.0254889 0.0644733
2 0.831328 0.300689 0.0211983 0.0592951
8 0.238256 0.290585 0.0143153 0.038074
22 0.952831 0.382894 0.0224008 0.0698023
9 0.376478 0.324146 0.0249577 0.0581041
21 0.83065 0.300873 0.0214178 0.0604117
8 0.249118 0.307953 0.0175968 0.0416194
20 0.510266 0.264451 0.0176439 0.050905
5 0.310676 0.242973 0.0215604 0.0457619
3 0.74041 0.679421 0.0251425 0.0809874
23 0.475576 0.328479 0.0187355 0.0562056
16 0.186664 0.452521 0.0212014 0.0588763
4 0.0925133 0.31499 0.018278 0.0537703
2 0.870127 0.469345 0.0259377 0.0658632
15 0.508461 0.430758 0.0192575 0.0594628
20 0.683921 0.304127 0.0211546 0.0546106
6 0.216261 0.375757 0.0258288 0.0497567
18 0.365158 0.459793 0.0254889 0.0644733
2 0.831328 0.300689 0.0211983 0.0592951
8 0.238256 0.290585 0.0143153 0.038074
22 0.952831 0.382894 0.0224008 0.0698023
9 0.376478 0.324146 0.0249577 0.0581041
21 0.83065 0.300873 0.0214178 0.0604117
8 0.249118 0.307953 0.0175968 0.0416194
20 0.510266 0.264451 0.0176439 0.050905
5 0.310676 0.242973 0.0215604 0.0457619
3 0.74041 0.679421 0.0251425 0.0809874
23 0.475576 0.328479 0.0187355 0.0562056
16 0.186664 0.452521 0.0212014 0.0588763
4 0.0925133 0.31499 0.018278 0.0537703
2 0.870127 0.469345 0.0259377 0.0658632
15 0.508461 0.430758 0.0192575 0.0594628
20 0.683921 0.304127 0.0211546 0.0546106
6 0.216261 0.375757 0.0258288 0.0497567
18 0.365158 0.459793 0.0254889 0.0644733
2 0.831328 0.300689 0.0211983 0.0592951
8 0.238256 0.290585 0.0143153 0.038074
22 0.952831 0.382894 0.0224008 0.0698023
9 0.376478 0.324146 0.0249577 0.0581041
21 0.83065 0.300873 0.0214178 0.0604117
8 0.249118 0.307953 0.0175968 0.0416194
20 0.510266 0.264451 0.0176439 0.050905
5 0.310676 0.242973 0.0215604 0.0457619
3 0.74041 0.679421 0.0251425 0.0809874
23 0.475576 0.328479 0.0187355 0.0562056
16 0.186664 0.452521 0.0212014 0.0588763
4 0.0925133 0.31499 0.018278 0.0537703
2 0.870127 0.469345 0.0259377 0.0658632
15 0.508461 0.430758 0.0192575 0.0594628
20 0.683921 0.304127 0.0211546 0.0546106
6 0.216261 0.375757 0.0258288 0.0497567
18 0.365158 0.459793 0.0254889 0.0644733
2 0.831328 0.300689 0.0211983 0.0592951
8 0.238256 0.290585 0.0143153 0.038074
22 0.952831 0.382894 0.0224008 0.0698023
9 0.376478 0.324146 0.0249577 0.0581041
21 0.83065 0.300873 0.0214178 0.0604117
8 0.249118 0.307953 0.0175968 0.0416194
20 0.510266 0.264451 0.0176439 0.050905
