23 0.487059 0.296311 0.0168104 0.0496556
9 0.321331 0.336079 0.0185 0.0566071
4 0.151045 0.32902 0.0185016 0.0557685
21 0.862673 0.30689 0.0195129 0.05641
20 0.743765 0.312878 0.0171894 0.0583819
12 0.355354 0.233012 0.016177 0.0487132
16 0.201317 0.350762 0.0213734 0.057631
3 0.74103 0.622684 0.0287865 0.0740872
9 0.349525 0.297195 0.0175108 0.0501361
2 0.804034 0.44803 0.0261016 0.058362
20 0.862839 0.307187 0.0192857 0.0557614
10 0.543297 0.218189 0.012955 0.044663
14 0.683964 0.39006 0.0220987 0.0578976
6 0.201509 0.351284 0.0220137 0.0560608
13 0.543351 0.217777 0.0133161 0.0459229
2 0.312053 0.433218 0.0259843 0.060319
18 0.311438 0.433254 0.0282643 0.059581
23 0.487059 0.296311 0.0168104 0.0496556
9 0.321331 0.336079 0.0185 0.0566071
4 0.151045 0.32902 0.0185016 0.0557685
21 0.862673 0.30689 0.0195129 0.05641
20 0.743765 0.312878 0.0171894 0.0583819
12 0.355354 0.233012 0.016177 0.0487132
16 0.201317 0.350762 0.0213734 0.057631
3 0.74103 0.622684 0.0287865 0.0740872
9 0.349525 0.297195 0.0175108 0.0501361
2 0.804034 0.44803 0.0261016 0.058362
20 0.862839 0.307187 0.0192857 0.0557614
10 0.543297 0.218189 0.012955 0.044663
14 0.683964 0.39006 0.0220987 0.0578976
6 0.201509 0.351284 0.0220137 0.0560608
13 0.543351 0.217777 0.0133161 0.0459229
2 0.312053 0.433218 0.0259843 0.060319
18 0.311438 0.433254 0.0282643 0.059581
23 0.487059 0.296311 0.0168104 0.0496556
9 0.321331 0.336079 0.0185 0.0566071
4 0.151045 0.32902 0.0185016 0.0557685
21 0.862673 0.30689 0.0195129 0.05641
20 0.743765 0.312878 0.0171894 0.0583819
12 0.355354 0.233012 0.016177 0.0487132
16 0.201317 0.350762 0.0213734 0.057631
3 0.74103 0.622684 0.0287865 0.0740872
9 0.349525 0.297195 0.0175108 0.0501361
2 0.804034 0.44803 0.0261016 0.058362
20 0.862839 0.307187 0.0192857 0.0557614
10 0.543297 0.218189 0.012955 0.044663
14 0.683964 0.39006 0.0220987 0.0578976
6 0.201509 0.351284 0.0220137 0.0560608
13 0.543351 0.217777 0.0133161 0.0459229
2 0.312053 0.433218 0.0259843 0.060319
18 0.311438 0.433254 0.0282643 0.059581
23 0.487059 0.296311 0.0168104 0.0496556
9 0.321331 0.336079 0.0185 0.0566071
4 0.151045 0.32902 0.0185016 0.0557685
21 0.862673 0.30689 0.0195129 0.05641
20 0.743765 0.312878 0.0171894 0.0583819
12 0.355354 0.233012 0.016177 0.0487132
16 0.201317 0.350762 0.0213734 0.057631
3 0.74103 0.622684 0.0287865 0.0740872
9 0.349525 0.297195 0.0175108 0.0501361
2 0.804034 0.44803 0.0261016 0.058362
20 0.862839 0.307187 0.0192857 0.0557614
10 0.543297 0.218189 0.012955 0.044663
14 0.683964 0.39006 0.0220987 0.0578976
6 0.201509 0.351284 0.0220137 0.0560608
13 0.543351 0.217777 0.0133161 0.0459229
2 0.312053 0.433218 0.0259843 0.060319
18 0.311438 0.433254 0.0282643 0.059581
