5 0.233735 0.215817 0.0294264 0.0642415
9 0.168466 0.4831 0.0312492 0.0674345
3 0.69911 0.77707 0.0328709 0.0822788
2 0.877356 0.460906 0.0266335 0.073272
1 0.309348 0.121683 0.0228327 0.05214
15 0.583633 0.473345 0.0243977 0.0698301
12 0.43082 0.166097 0.0206158 0.0491942
13 0.519016 0.1629 0.0258759 0.0508836
11 0.487215 0.216515 0.0207729 0.0473631
18 0.152197 0.716377 0.0350891 0.087178
16 0.151836 0.715862 0.036444 0.0872742
12 0.309531 0.121776 0.0238514 0.0536558
23 0.398391 0.387379 0.0218857 0.0640188
13 0.468972 0.172744 0.020686 0.0515583
15 0.435981 0.553857 0.0297359 0.0740645
22 0.895451 0.335512 0.0246311 0.0746876
20 0.519103 0.280828 0.0219053 0.063515
18 0.435953 0.553896 0.0295433 0.0745975
6 0.169375 0.483212 0.0339036 0.0649424
21 0.784461 0.241827 0.0228111 0.0587836
14 0.518884 0.281308 0.0207947 0.0633521
5 0.233735 0.215817 0.0294264 0.0642415
9 0.168466 0.4831 0.0312492 0.0674345
3 0.69911 0.77707 0.0328709 0.0822788
2 0.877356 0.460906 0.0266335 0.073272
1 0.309348 0.121683 0.0228327 0.05214
15 0.583633 0.473345 0.0243977 0.0698301
12 0.43082 0.166097 0.0206158 0.0491942
13 0.519016 0.1629 0.0258759 0.0508836
11 0.487215 0.216515 0.0207729 0.0473631
18 0.152197 0.716377 0.0350891 0.087178
16 0.151836 0.715862 0.036444 0.0872742
12 0.309531 0.121776 0.0238514 0.0536558
23 0.398391 0.387379 0.0218857 0.0640188
13 0.468972 0.172744 0.020686 0.0515583
15 0.435981 0.553857 0.0297359 0.0740645
22 0.895451 0.335512 0.0246311 0.0746876
20 0.519103 0.280828 0.0219053 0.063515
18 0.435953 0.553896 0.0295433 0.0745975
6 0.169375 0.483212 0.0339036 0.0649424
21 0.784461 0.241827 0.0228111 0.0587836
14 0.518884 0.281308 0.0207947 0.0633521
5 0.233735 0.215817 0.0294264 0.0642415
9 0.168466 0.4831 0.0312492 0.0674345
3 0.69911 0.77707 0.0328709 0.0822788
2 0.877356 0.460906 0.0266335 0.073272
1 0.309348 0.121683 0.0228327 0.05214
15 0.583633 0.473345 0.0243977 0.0698301
12 0.43082 0.166097 0.0206158 0.0491942
13 0.519016 0.1629 0.0258759 0.0508836
11 0.487215 0.216515 0.0207729 0.0473631
18 0.152197 0.716377 0.0350891 0.087178
16 0.151836 0.715862 0.036444 0.0872742
12 0.309531 0.121776 0.0238514 0.0536558
23 0.398391 0.387379 0.0218857 0.0640188
13 0.468972 0.172744 0.020686 0.0515583
15 0.435981 0.553857 0.0297359 0.0740645
22 0.895451 0.335512 0.0246311 0.0746876
20 0.519103 0.280828 0.0219053 0.063515
18 0.435953 0.553896 0.0295433 0.0745975
6 0.169375 0.483212 0.0339036 0.0649424
21 0.784461 0.241827 0.0228111 0.0587836
14 0.518884 0.281308 0.0207947 0.0633521
5 0.233735 0.215817 0.0294264 0.0642415
9 0.168466 0.4831 0.0312492 0.0674345
3 0.69911 0.77707 0.0328709 0.0822788
2 0.877356 0.460906 0.0266335 0.073272
1 0.309348 0.121683 0.0228327 0.05214
15 0.583633 0.473345 0.0243977 0.0698301
12 0.43082 0.166097 0.0206158 0.0491942
13 0.519016 0.1629 0.0258759 0.0508836
11 0.487215 0.216515 0.0207729 0.0473631
18 0.152197 0.716377 0.0350891 0.087178
16 0.151836 0.715862 0.036444 0.0872742
12 0.309531 0.121776 0.0238514 0.0536558
23 0.398391 0.387379 0.0218857 0.0640188
13 0.468972 0.172744 0.020686 0.0515583
15 0.435981 0.553857 0.0297359 0.0740645
22 0.895451 0.335512 0.0246311 0.0746876
20 0.519103 0.280828 0.0219053 0.063515
18 0.435953 0.553896 0.0295433 0.0745975
6 0.169375 0.483212 0.0339036 0.0649424
21 0.784461 0.241827 0.0228111 0.0587836
14 0.518884 0.281308 0.0207947 0.0633521
