23 0.459341 0.312063 0.0164105 0.0487202
16 0.15114 0.416368 0.0249681 0.0558053
3 0.723887 0.663897 0.0236637 0.0748837
12 0.299966 0.193019 0.0169718 0.0371569
5 0.283109 0.245394 0.0287927 0.0476782
4 0.105461 0.311655 0.0189535 0.0527748
6 0.184712 0.369275 0.022238 0.0536402
20 0.682456 0.305349 0.0196415 0.0577478
2 0.842372 0.46283 0.0241319 0.0705007
1 0.322602 0.226986 0.0135318 0.0422843
15 0.456869 0.420407 0.0239641 0.0599916
13 0.427896 0.212984 0.0158241 0.0441007
22 0.946433 0.38666 0.0216632 0.0696716
2 0.818982 0.297404 0.0210278 0.0561866
21 0.818342 0.29721 0.0212448 0.0589543
6 0.23932 0.302341 0.0181535 0.0424835
14 0.656355 0.3815 0.0203934 0.0553738
10 0.455263 0.22091 0.0145809 0.0434234
23 0.459341 0.312063 0.0164105 0.0487202
16 0.15114 0.416368 0.0249681 0.0558053
3 0.723887 0.663897 0.0236637 0.0748837
12 0.299966 0.193019 0.0169718 0.0371569
5 0.283109 0.245394 0.0287927 0.0476782
4 0.105461 0.311655 0.0189535 0.0527748
6 0.184712 0.369275 0.022238 0.0536402
20 0.682456 0.305349 0.0196415 0.0577478
2 0.842372 0.46283 0.0241319 0.0705007
1 0.322602 0.226986 0.0135318 0.0422843
15 0.456869 0.420407 0.0239641 0.0599916
13 0.427896 0.212984 0.0158241 0.0441007
22 0.946433 0.38666 0.0216632 0.0696716
2 0.818982 0.297404 0.0210278 0.0561866
21 0.818342 0.29721 0.0212448 0.0589543
6 0.23932 0.302341 0.0181535 0.0424835
14 0.656355 0.3815 0.0203934 0.0553738
10 0.455263 0.22091 0.0145809 0.0434234
23 0.459341 0.312063 0.0164105 0.0487202
16 0.15114 0.416368 0.0249681 0.0558053
3 0.723887 0.663897 0.0236637 0.0748837
12 0.299966 0.193019 0.0169718 0.0371569
5 0.283109 0.245394 0.0287927 0.0476782
4 0.105461 0.311655 0.0189535 0.0527748
6 0.184712 0.369275 0.022238 0.0536402
20 0.682456 0.305349 0.0196415 0.0577478
2 0.842372 0.46283 0.0241319 0.0705007
1 0.322602 0.226986 0.0135318 0.0422843
15 0.456869 0.420407 0.0239641 0.0599916
13 0.427896 0.212984 0.0158241 0.0441007
22 0.946433 0.38666 0.0216632 0.0696716
2 0.818982 0.297404 0.0210278 0.0561866
21 0.818342 0.29721 0.0212448 0.0589543
6 0.23932 0.302341 0.0181535 0.0424835
14 0.656355 0.3815 0.0203934 0.0553738
10 0.455263 0.22091 0.0145809 0.0434234
23 0.459341 0.312063 0.0164105 0.0487202
16 0.15114 0.416368 0.0249681 0.0558053
3 0.723887 0.663897 0.0236637 0.0748837
12 0.299966 0.193019 0.0169718 0.0371569
5 0.283109 0.245394 0.0287927 0.0476782
4 0.105461 0.311655 0.0189535 0.0527748
6 0.184712 0.369275 0.022238 0.0536402
20 0.682456 0.305349 0.0196415 0.0577478
2 0.842372 0.46283 0.0241319 0.0705007
1 0.322602 0.226986 0.0135318 0.0422843
15 0.456869 0.420407 0.0239641 0.0599916
13 0.427896 0.212984 0.0158241 0.0441007
22 0.946433 0.38666 0.0216632 0.0696716
2 0.818982 0.297404 0.0210278 0.0561866
21 0.818342 0.29721 0.0212448 0.0589543
6 0.23932 0.302341 0.0181535 0.0424835
14 0.656355 0.3815 0.0203934 0.0553738
10 0.455263 0.22091 0.0145809 0.0434234
