5 0.286379 0.239174 0.0219627 0.0527844
9 0.397657 0.348247 0.0266094 0.059065
6 0.213356 0.443198 0.0281103 0.050365
12 0.412235 0.200935 0.0191479 0.0484672
3 0.71684 0.733327 0.0269513 0.0789298
16 0.176039 0.609215 0.0244961 0.0741513
23 0.432389 0.376841 0.0175939 0.0558806
11 0.499457 0.253938 0.0175813 0.0428537
1 0.351211 0.174884 0.0176337 0.0397978
7 0.392145 0.2681 0.0252957 0.0471462
2 0.872828 0.473519 0.0296112 0.0669159
22 0.897793 0.363656 0.025695 0.067317
8 0.200087 0.363757 0.0177618 0.0522329
14 0.63387 0.378153 0.0233332 0.0574324
20 0.589141 0.299771 0.0192181 0.0600415
15 0.580867 0.468599 0.0231684 0.0627882
18 0.41723 0.516378 0.0283518 0.065624
13 0.507758 0.199921 0.0138891 0.0415025
21 0.795108 0.280691 0.0215307 0.0575962
13 0.480128 0.207486 0.0208698 0.0467404
5 0.286379 0.239174 0.0219627 0.0527844
9 0.397657 0.348247 0.0266094 0.059065
6 0.213356 0.443198 0.0281103 0.050365
12 0.412235 0.200935 0.0191479 0.0484672
3 0.71684 0.733327 0.0269513 0.0789298
16 0.176039 0.609215 0.0244961 0.0741513
23 0.432389 0.376841 0.0175939 0.0558806
11 0.499457 0.253938 0.0175813 0.0428537
1 0.351211 0.174884 0.0176337 0.0397978
7 0.392145 0.2681 0.0252957 0.0471462
2 0.872828 0.473519 0.0296112 0.0669159
22 0.897793 0.363656 0.025695 0.067317
8 0.200087 0.363757 0.0177618 0.0522329
14 0.63387 0.378153 0.0233332 0.0574324
20 0.589141 0.299771 0.0192181 0.0600415
15 0.580867 0.468599 0.0231684 0.0627882
18 0.41723 0.516378 0.0283518 0.065624
13 0.507758 0.199921 0.0138891 0.0415025
21 0.795108 0.280691 0.0215307 0.0575962
13 0.480128 0.207486 0.0208698 0.0467404
5 0.286379 0.239174 0.0219627 0.0527844
9 0.397657 0.348247 0.0266094 0.059065
6 0.213356 0.443198 0.0281103 0.050365
12 0.412235 0.200935 0.0191479 0.0484672
3 0.71684 0.733327 0.0269513 0.0789298
16 0.176039 0.609215 0.0244961 0.0741513
23 0.432389 0.376841 0.0175939 0.0558806
11 0.499457 0.253938 0.0175813 0.0428537
1 0.351211 0.174884 0.0176337 0.0397978
7 0.392145 0.2681 0.0252957 0.0471462
2 0.872828 0.473519 0.0296112 0.0669159
22 0.897793 0.363656 0.025695 0.067317
8 0.200087 0.363757 0.0177618 0.0522329
14 0.63387 0.378153 0.0233332 0.0574324
20 0.589141 0.299771 0.0192181 0.0600415
15 0.580867 0.468599 0.0231684 0.0627882
18 0.41723 0.516378 0.0283518 0.065624
13 0.507758 0.199921 0.0138891 0.0415025
21 0.795108 0.280691 0.0215307 0.0575962
13 0.480128 0.207486 0.0208698 0.0467404
5 0.286379 0.239174 0.0219627 0.0527844
9 0.397657 0.348247 0.0266094 0.059065
6 0.213356 0.443198 0.0281103 0.050365
12 0.412235 0.200935 0.0191479 0.0484672
3 0.71684 0.733327 0.0269513 0.0789298
16 0.176039 0.609215 0.0244961 0.0741513
23 0.432389 0.376841 0.0175939 0.0558806
11 0.499457 0.253938 0.0175813 0.0428537
1 0.351211 0.174884 0.0176337 0.0397978
7 0.392145 0.2681 0.0252957 0.0471462
2 0.872828 0.473519 0.0296112 0.0669159
22 0.897793 0.363656 0.025695 0.067317
8 0.200087 0.363757 0.0177618 0.0522329
14 0.63387 0.378153 0.0233332 0.0574324
20 0.589141 0.299771 0.0192181 0.0600415
15 0.580867 0.468599 0.0231684 0.0627882
18 0.41723 0.516378 0.0283518 0.065624
13 0.507758 0.199921 0.0138891 0.0415025
21 0.795108 0.280691 0.0215307 0.0575962
13 0.480128 0.207486 0.0208698 0.0467404
