0 0.307731 0.157449 0.00888834 0.0186747
1 0.322024 0.137425 0.0187652 0.0445928
3 0.701894 0.763738 0.0294487 0.0845773
5 0.24584 0.219692 0.0271861 0.0632211
11 0.488795 0.228866 0.0204865 0.0436864
12 0.424045 0.176968 0.0211446 0.0500695
13 0.470682 0.184443 0.0215609 0.0463789
6 0.178858 0.471747 0.0312926 0.0645932
15 0.581433 0.471514 0.0243551 0.0652462
13 0.513034 0.176647 0.0232447 0.0475343
20 0.534574 0.286781 0.0197569 0.0619759
21 0.782545 0.251565 0.0229542 0.0579302
9 0.381647 0.341843 0.0249903 0.061771
2 0.873384 0.464302 0.0275475 0.0737577
14 0.60538 0.364829 0.0234244 0.0623653
14 0.534392 0.286616 0.0199238 0.0610185
16 0.154257 0.685023 0.0286649 0.0777314
18 0.428466 0.546622 0.0285341 0.0750793
9 0.178464 0.471147 0.0307356 0.0626329
18 0.15326 0.684464 0.0293606 0.0782404
7 0.403493 0.25984 0.0278883 0.058672
22 0.889478 0.342115 0.0260283 0.0751444
23 0.403595 0.385852 0.0217667 0.0621865
0 0.307731 0.157449 0.00888834 0.0186747
1 0.322024 0.137425 0.0187652 0.0445928
3 0.701894 0.763738 0.0294487 0.0845773
5 0.24584 0.219692 0.0271861 0.0632211
11 0.488795 0.228866 0.0204865 0.0436864
12 0.424045 0.176968 0.0211446 0.0500695
13 0.470682 0.184443 0.0215609 0.0463789
6 0.178858 0.471747 0.0312926 0.0645932
15 0.581433 0.471514 0.0243551 0.0652462
13 0.513034 0.176647 0.0232447 0.0475343
20 0.534574 0.286781 0.0197569 0.0619759
21 0.782545 0.251565 0.0229542 0.0579302
9 0.381647 0.341843 0.0249903 0.061771
2 0.873384 0.464302 0.0275475 0.0737577
14 0.60538 0.364829 0.0234244 0.0623653
14 0.534392 0.286616 0.0199238 0.0610185
16 0.154257 0.685023 0.0286649 0.0777314
18 0.428466 0.546622 0.0285341 0.0750793
9 0.178464 0.471147 0.0307356 0.0626329
18 0.15326 0.684464 0.0293606 0.0782404
7 0.403493 0.25984 0.0278883 0.058672
22 0.889478 0.342115 0.0260283 0.0751444
23 0.403595 0.385852 0.0217667 0.0621865
0 0.307731 0.157449 0.00888834 0.0186747
1 0.322024 0.137425 0.0187652 0.0445928
3 0.701894 0.763738 0.0294487 0.0845773
5 0.24584 0.219692 0.0271861 0.0632211
11 0.488795 0.228866 0.0204865 0.0436864
12 0.424045 0.176968 0.0211446 0.0500695
13 0.470682 0.184443 0.0215609 0.0463789
6 0.178858 0.471747 0.0312926 0.0645932
15 0.581433 0.471514 0.0243551 0.0652462
13 0.513034 0.176647 0.0232447 0.0475343
20 0.534574 0.286781 0.0197569 0.0619759
21 0.782545 0.251565 0.0229542 0.0579302
9 0.381647 0.341843 0.0249903 0.061771
2 0.873384 0.464302 0.0275475 0.0737577
14 0.60538 0.364829 0.0234244 0.0623653
14 0.534392 0.286616 0.0199238 0.0610185
16 0.154257 0.685023 0.0286649 0.0777314
18 0.428466 0.546622 0.0285341 0.0750793
9 0.178464 0.471147 0.0307356 0.0626329
18 0.15326 0.684464 0.0293606 0.0782404
7 0.403493 0.25984 0.0278883 0.058672
22 0.889478 0.342115 0.0260283 0.0751444
23 0.403595 0.385852 0.0217667 0.0621865
0 0.307731 0.157449 0.00888834 0.0186747
1 0.322024 0.137425 0.0187652 0.0445928
3 0.701894 0.763738 0.0294487 0.0845773
5 0.24584 0.219692 0.0271861 0.0632211
11 0.488795 0.228866 0.0204865 0.0436864
12 0.424045 0.176968 0.0211446 0.0500695
13 0.470682 0.184443 0.0215609 0.0463789
6 0.178858 0.471747 0.0312926 0.0645932
15 0.581433 0.471514 0.0243551 0.0652462
13 0.513034 0.176647 0.0232447 0.0475343
20 0.534574 0.286781 0.0197569 0.0619759
21 0.782545 0.251565 0.0229542 0.0579302
9 0.381647 0.341843 0.0249903 0.061771
2 0.873384 0.464302 0.0275475 0.0737577
14 0.60538 0.364829 0.0234244 0.0623653
14 0.534392 0.286616 0.0199238 0.0610185
16 0.154257 0.685023 0.0286649 0.0777314
18 0.428466 0.546622 0.0285341 0.0750793
9 0.178464 0.471147 0.0307356 0.0626329
18 0.15326 0.684464 0.0293606 0.0782404
7 0.403493 0.25984 0.0278883 0.058672
22 0.889478 0.342115 0.0260283 0.0751444
23 0.403595 0.385852 0.0217667 0.0621865
