5 0.227911 0.211669 0.0322151 0.0703478
1 0.295752 0.107097 0.0183983 0.0462429
3 0.690742 0.782576 0.025561 0.0907497
13 0.526541 0.154632 0.0256907 0.0528225
11 0.485196 0.206837 0.0178183 0.045238
15 0.588427 0.473597 0.0231552 0.0689224
2 0.877441 0.453894 0.0314643 0.0776349
7 0.431041 0.247889 0.0309277 0.0568704
18 0.163454 0.505944 0.0280806 0.0712348
18 0.163096 0.751533 0.0370899 0.0873196
21 0.778667 0.23128 0.0251867 0.0569014
22 0.898201 0.327803 0.0284866 0.0753535
12 0.446523 0.153977 0.019873 0.0449785
15 0.594946 0.350816 0.0250158 0.0656526
23 0.398391 0.393967 0.0214668 0.06137
3 0.163361 0.75192 0.0362496 0.0869919
18 0.455058 0.557977 0.0313929 0.0748806
9 0.498491 0.27632 0.0213497 0.0658702
18 0.877906 0.454435 0.0292994 0.0782409
5 0.227911 0.211669 0.0322151 0.0703478
1 0.295752 0.107097 0.0183983 0.0462429
3 0.690742 0.782576 0.025561 0.0907497
13 0.526541 0.154632 0.0256907 0.0528225
11 0.485196 0.206837 0.0178183 0.045238
15 0.588427 0.473597 0.0231552 0.0689224
2 0.877441 0.453894 0.0314643 0.0776349
7 0.431041 0.247889 0.0309277 0.0568704
18 0.163454 0.505944 0.0280806 0.0712348
18 0.163096 0.751533 0.0370899 0.0873196
21 0.778667 0.23128 0.0251867 0.0569014
22 0.898201 0.327803 0.0284866 0.0753535
12 0.446523 0.153977 0.019873 0.0449785
15 0.594946 0.350816 0.0250158 0.0656526
23 0.398391 0.393967 0.0214668 0.06137
3 0.163361 0.75192 0.0362496 0.0869919
18 0.455058 0.557977 0.0313929 0.0748806
9 0.498491 0.27632 0.0213497 0.0658702
18 0.877906 0.454435 0.0292994 0.0782409
5 0.227911 0.211669 0.0322151 0.0703478
1 0.295752 0.107097 0.0183983 0.0462429
3 0.690742 0.782576 0.025561 0.0907497
13 0.526541 0.154632 0.0256907 0.0528225
11 0.485196 0.206837 0.0178183 0.045238
15 0.588427 0.473597 0.0231552 0.0689224
2 0.877441 0.453894 0.0314643 0.0776349
7 0.431041 0.247889 0.0309277 0.0568704
18 0.163454 0.505944 0.0280806 0.0712348
18 0.163096 0.751533 0.0370899 0.0873196
21 0.778667 0.23128 0.0251867 0.0569014
22 0.898201 0.327803 0.0284866 0.0753535
12 0.446523 0.153977 0.019873 0.0449785
15 0.594946 0.350816 0.0250158 0.0656526
23 0.398391 0.393967 0.0214668 0.06137
3 0.163361 0.75192 0.0362496 0.0869919
18 0.455058 0.557977 0.0313929 0.0748806
9 0.498491 0.27632 0.0213497 0.0658702
18 0.877906 0.454435 0.0292994 0.0782409
5 0.227911 0.211669 0.0322151 0.0703478
1 0.295752 0.107097 0.0183983 0.0462429
3 0.690742 0.782576 0.025561 0.0907497
13 0.526541 0.154632 0.0256907 0.0528225
11 0.485196 0.206837 0.0178183 0.045238
15 0.588427 0.473597 0.0231552 0.0689224
2 0.877441 0.453894 0.0314643 0.0776349
7 0.431041 0.247889 0.0309277 0.0568704
18 0.163454 0.505944 0.0280806 0.0712348
18 0.163096 0.751533 0.0370899 0.0873196
21 0.778667 0.23128 0.0251867 0.0569014
22 0.898201 0.327803 0.0284866 0.0753535
12 0.446523 0.153977 0.019873 0.0449785
15 0.594946 0.350816 0.0250158 0.0656526
23 0.398391 0.393967 0.0214668 0.06137
3 0.163361 0.75192 0.0362496 0.0869919
18 0.455058 0.557977 0.0313929 0.0748806
9 0.498491 0.27632 0.0213497 0.0658702
18 0.877906 0.454435 0.0292994 0.0782409
