4 0.138435 0.338513 0.025058 0.0233744
6 0.181387 0.35718 0.0173584 0.0592358
9 0.322054 0.327847 0.0144286 0.0477926
16 0.125708 0.37843 0.0237789 0.0239003
23 0.479809 0.295762 0.0189955 0.0521832
2 0.8515 0.467526 0.0279697 0.0617661
3 0.746837 0.641697 0.0294029 0.0811277
20 0.726703 0.309845 0.0184326 0.0601627
15 0.418806 0.397337 0.0185583 0.0573322
12 0.273517 0.214284 0.0209165 0.0450858
1 0.273597 0.214078 0.0213992 0.0448148
21 0.860347 0.302193 0.0222443 0.0548161
12 0.347315 0.242058 0.0172061 0.0530209
8 0.4139 0.214707 0.015565 0.0509903
10 0.51208 0.21636 0.0133913 0.0524103
18 0.314163 0.433619 0.0244753 0.0590503
2 0.860978 0.302765 0.0216402 0.0555411
14 0.679714 0.387102 0.02173 0.0592066
4 0.138435 0.338513 0.025058 0.0233744
6 0.181387 0.35718 0.0173584 0.0592358
9 0.322054 0.327847 0.0144286 0.0477926
16 0.125708 0.37843 0.0237789 0.0239003
23 0.479809 0.295762 0.0189955 0.0521832
2 0.8515 0.467526 0.0279697 0.0617661
3 0.746837 0.641697 0.0294029 0.0811277
20 0.726703 0.309845 0.0184326 0.0601627
15 0.418806 0.397337 0.0185583 0.0573322
12 0.273517 0.214284 0.0209165 0.0450858
1 0.273597 0.214078 0.0213992 0.0448148
21 0.860347 0.302193 0.0222443 0.0548161
12 0.347315 0.242058 0.0172061 0.0530209
8 0.4139 0.214707 0.015565 0.0509903
10 0.51208 0.21636 0.0133913 0.0524103
18 0.314163 0.433619 0.0244753 0.0590503
2 0.860978 0.302765 0.0216402 0.0555411
14 0.679714 0.387102 0.02173 0.0592066
4 0.138435 0.338513 0.025058 0.0233744
6 0.181387 0.35718 0.0173584 0.0592358
9 0.322054 0.327847 0.0144286 0.0477926
16 0.125708 0.37843 0.0237789 0.0239003
23 0.479809 0.295762 0.0189955 0.0521832
2 0.8515 0.467526 0.0279697 0.0617661
3 0.746837 0.641697 0.0294029 0.0811277
20 0.726703 0.309845 0.0184326 0.0601627
15 0.418806 0.397337 0.0185583 0.0573322
12 0.273517 0.214284 0.0209165 0.0450858
1 0.273597 0.214078 0.0213992 0.0448148
21 0.860347 0.302193 0.0222443 0.0548161
12 0.347315 0.242058 0.0172061 0.0530209
8 0.4139 0.214707 0.015565 0.0509903
10 0.51208 0.21636 0.0133913 0.0524103
18 0.314163 0.433619 0.0244753 0.0590503
2 0.860978 0.302765 0.0216402 0.0555411
14 0.679714 0.387102 0.02173 0.0592066
4 0.138435 0.338513 0.025058 0.0233744
6 0.181387 0.35718 0.0173584 0.0592358
9 0.322054 0.327847 0.0144286 0.0477926
16 0.125708 0.37843 0.0237789 0.0239003
23 0.479809 0.295762 0.0189955 0.0521832
2 0.8515 0.467526 0.0279697 0.0617661
3 0.746837 0.641697 0.0294029 0.0811277
20 0.726703 0.309845 0.0184326 0.0601627
15 0.418806 0.397337 0.0185583 0.0573322
12 0.273517 0.214284 0.0209165 0.0450858
1 0.273597 0.214078 0.0213992 0.0448148
21 0.860347 0.302193 0.0222443 0.0548161
12 0.347315 0.242058 0.0172061 0.0530209
8 0.4139 0.214707 0.015565 0.0509903
10 0.51208 0.21636 0.0133913 0.0524103
18 0.314163 0.433619 0.0244753 0.0590503
2 0.860978 0.302765 0.0216402 0.0555411
14 0.679714 0.387102 0.02173 0.0592066
