23 0.462256 0.356573 0.0181055 0.0534699
3 0.73686 0.70355 0.0271832 0.0778232
0 0.357101 0.226594 0.00739228 0.0176636
4 0.0418003 0.331541 0.0186671 0.058481
6 0.225318 0.403419 0.0188523 0.052241
16 0.193782 0.515821 0.0224187 0.0612603
11 0.509834 0.269343 0.0179053 0.0474668
2 0.870886 0.479299 0.0221616 0.0608571
5 0.319906 0.248913 0.0228445 0.0480341
9 0.399004 0.340468 0.0246806 0.0544589
8 0.221438 0.34374 0.019329 0.0500943
21 0.817011 0.299313 0.0203705 0.0558534
18 0.396722 0.48415 0.0263035 0.0642075
12 0.390617 0.209486 0.0180345 0.0430453
13 0.481673 0.224122 0.0148079 0.0421039
20 0.651165 0.31101 0.0189587 0.0540786
7 0.375444 0.267695 0.0220586 0.0474863
1 0.367591 0.208424 0.0137169 0.0400301
14 0.666171 0.387239 0.0220471 0.0547221
2 0.396983 0.483768 0.0274145 0.0641003
8 0.249154 0.333603 0.0194341 0.0477113
10 0.481344 0.223445 0.0167202 0.0423179
13 0.497506 0.21679 0.0140863 0.042705
22 0.925712 0.380839 0.0233578 0.0662075
23 0.462256 0.356573 0.0181055 0.0534699
3 0.73686 0.70355 0.0271832 0.0778232
0 0.357101 0.226594 0.00739228 0.0176636
4 0.0418003 0.331541 0.0186671 0.058481
6 0.225318 0.403419 0.0188523 0.052241
16 0.193782 0.515821 0.0224187 0.0612603
11 0.509834 0.269343 0.0179053 0.0474668
2 0.870886 0.479299 0.0221616 0.0608571
5 0.319906 0.248913 0.0228445 0.0480341
9 0.399004 0.340468 0.0246806 0.0544589
8 0.221438 0.34374 0.019329 0.0500943
21 0.817011 0.299313 0.0203705 0.0558534
18 0.396722 0.48415 0.0263035 0.0642075
12 0.390617 0.209486 0.0180345 0.0430453
13 0.481673 0.224122 0.0148079 0.0421039
20 0.651165 0.31101 0.0189587 0.0540786
7 0.375444 0.267695 0.0220586 0.0474863
1 0.367591 0.208424 0.0137169 0.0400301
14 0.666171 0.387239 0.0220471 0.0547221
2 0.396983 0.483768 0.0274145 0.0641003
8 0.249154 0.333603 0.0194341 0.0477113
10 0.481344 0.223445 0.0167202 0.0423179
13 0.497506 0.21679 0.0140863 0.042705
22 0.925712 0.380839 0.0233578 0.0662075
23 0.462256 0.356573 0.0181055 0.0534699
3 0.73686 0.70355 0.0271832 0.0778232
0 0.357101 0.226594 0.00739228 0.0176636
4 0.0418003 0.331541 0.0186671 0.058481
6 0.225318 0.403419 0.0188523 0.052241
16 0.193782 0.515821 0.0224187 0.0612603
11 0.509834 0.269343 0.0179053 0.0474668
2 0.870886 0.479299 0.0221616 0.0608571
5 0.319906 0.248913 0.0228445 0.0480341
9 0.399004 0.340468 0.0246806 0.0544589
8 0.221438 0.34374 0.019329 0.0500943
21 0.817011 0.299313 0.0203705 0.0558534
18 0.396722 0.48415 0.0263035 0.0642075
12 0.390617 0.209486 0.0180345 0.0430453
13 0.481673 0.224122 0.0148079 0.0421039
20 0.651165 0.31101 0.0189587 0.0540786
7 0.375444 0.267695 0.0220586 0.0474863
1 0.367591 0.208424 0.0137169 0.0400301
14 0.666171 0.387239 0.0220471 0.0547221
2 0.396983 0.483768 0.0274145 0.0641003
8 0.249154 0.333603 0.0194341 0.0477113
10 0.481344 0.223445 0.0167202 0.0423179
13 0.497506 0.21679 0.0140863 0.042705
22 0.925712 0.380839 0.0233578 0.0662075
23 0.462256 0.356573 0.0181055 0.0534699
3 0.73686 0.70355 0.0271832 0.0778232
0 0.357101 0.226594 0.00739228 0.0176636
4 0.0418003 0.331541 0.0186671 0.058481
6 0.225318 0.403419 0.0188523 0.052241
16 0.193782 0.515821 0.0224187 0.0612603
11 0.509834 0.269343 0.0179053 0.0474668
2 0.870886 0.479299 0.0221616 0.0608571
5 0.319906 0.248913 0.0228445 0.0480341
9 0.399004 0.340468 0.0246806 0.0544589
8 0.221438 0.34374 0.019329 0.0500943
21 0.817011 0.299313 0.0203705 0.0558534
18 0.396722 0.48415 0.0263035 0.0642075
12 0.390617 0.209486 0.0180345 0.0430453
13 0.481673 0.224122 0.0148079 0.0421039
20 0.651165 0.31101 0.0189587 0.0540786
7 0.375444 0.267695 0.0220586 0.0474863
1 0.367591 0.208424 0.0137169 0.0400301
14 0.666171 0.387239 0.0220471 0.0547221
2 0.396983 0.483768 0.0274145 0.0641003
8 0.249154 0.333603 0.0194341 0.0477113
10 0.481344 0.223445 0.0167202 0.0423179
13 0.497506 0.21679 0.0140863 0.042705
22 0.925712 0.380839 0.0233578 0.0662075
