4 0.0790137 0.322477 0.0185958 0.0556708
5 0.319092 0.245477 0.0222825 0.0474099
3 0.743301 0.689858 0.027188 0.0794738
2 0.875751 0.474523 0.02626 0.0664185
6 0.225163 0.388037 0.0228354 0.0545547
16 0.192371 0.479664 0.0266968 0.0603129
12 0.369644 0.197861 0.0115302 0.0325056
23 0.475519 0.338278 0.0186394 0.0524526
15 0.53046 0.441595 0.0218883 0.0595352
9 0.365417 0.259955 0.0206848 0.0387767
20 0.676077 0.308711 0.018268 0.0533655
8 0.23569 0.323657 0.0134159 0.0425123
22 0.947111 0.384161 0.0222504 0.064939
18 0.379068 0.470145 0.0270755 0.0603765
2 0.830504 0.30183 0.0216507 0.0577457
21 0.829937 0.302076 0.0220066 0.0584264
9 0.389566 0.331534 0.0298046 0.0611525
4 0.0790137 0.322477 0.0185958 0.0556708
5 0.319092 0.245477 0.0222825 0.0474099
3 0.743301 0.689858 0.027188 0.0794738
2 0.875751 0.474523 0.02626 0.0664185
6 0.225163 0.388037 0.0228354 0.0545547
16 0.192371 0.479664 0.0266968 0.0603129
12 0.369644 0.197861 0.0115302 0.0325056
23 0.475519 0.338278 0.0186394 0.0524526
15 0.53046 0.441595 0.0218883 0.0595352
9 0.365417 0.259955 0.0206848 0.0387767
20 0.676077 0.308711 0.018268 0.0533655
8 0.23569 0.323657 0.0134159 0.0425123
22 0.947111 0.384161 0.0222504 0.064939
18 0.379068 0.470145 0.0270755 0.0603765
2 0.830504 0.30183 0.0216507 0.0577457
21 0.829937 0.302076 0.0220066 0.0584264
9 0.389566 0.331534 0.0298046 0.0611525
4 0.0790137 0.322477 0.0185958 0.0556708
5 0.319092 0.245477 0.0222825 0.0474099
3 0.743301 0.689858 0.027188 0.0794738
2 0.875751 0.474523 0.02626 0.0664185
6 0.225163 0.388037 0.0228354 0.0545547
16 0.192371 0.479664 0.0266968 0.0603129
12 0.369644 0.197861 0.0115302 0.0325056
23 0.475519 0.338278 0.0186394 0.0524526
15 0.53046 0.441595 0.0218883 0.0595352
9 0.365417 0.259955 0.0206848 0.0387767
20 0.676077 0.308711 0.018268 0.0533655
8 0.23569 0.323657 0.0134159 0.0425123
22 0.947111 0.384161 0.0222504 0.064939
18 0.379068 0.470145 0.0270755 0.0603765
2 0.830504 0.30183 0.0216507 0.0577457
21 0.829937 0.302076 0.0220066 0.0584264
9 0.389566 0.331534 0.0298046 0.0611525
4 0.0790137 0.322477 0.0185958 0.0556708
5 0.319092 0.245477 0.0222825 0.0474099
3 0.743301 0.689858 0.027188 0.0794738
2 0.875751 0.474523 0.02626 0.0664185
6 0.225163 0.388037 0.0228354 0.0545547
16 0.192371 0.479664 0.0266968 0.0603129
12 0.369644 0.197861 0.0115302 0.0325056
23 0.475519 0.338278 0.0186394 0.0524526
15 0.53046 0.441595 0.0218883 0.0595352
9 0.365417 0.259955 0.0206848 0.0387767
20 0.676077 0.308711 0.018268 0.0533655
8 0.23569 0.323657 0.0134159 0.0425123
22 0.947111 0.384161 0.0222504 0.064939
18 0.379068 0.470145 0.0270755 0.0603765
2 0.830504 0.30183 0.0216507 0.0577457
21 0.829937 0.302076 0.0220066 0.0584264
9 0.389566 0.331534 0.0298046 0.0611525
