5 0.228111 0.2117 0.0313072 0.0698927
3 0.698924 0.780171 0.0310963 0.0908669
13 0.520222 0.160024 0.0251404 0.0539595
7 0.418576 0.251692 0.0307318 0.0615685
1 0.30228 0.118784 0.0213033 0.0579155
15 0.585502 0.476584 0.0198166 0.0676324
12 0.435874 0.15802 0.0201393 0.049729
2 0.879477 0.457822 0.0309788 0.0811409
11 0.485248 0.21335 0.0186368 0.0443172
23 0.397065 0.390857 0.0226835 0.0578078
9 0.163306 0.494352 0.0316662 0.0783804
16 0.151029 0.735133 0.031288 0.0830007
6 0.164181 0.494971 0.0310809 0.075828
18 0.151159 0.734218 0.0320903 0.0819606
22 0.898723 0.330343 0.0305889 0.0742109
18 0.163762 0.494994 0.0309529 0.0747255
13 0.470086 0.166556 0.0197338 0.0496907
7 0.185642 0.357576 0.0352312 0.0601718
9 0.509823 0.278259 0.0218076 0.0648007
9 0.166365 0.408709 0.0258567 0.0550683
5 0.228111 0.2117 0.0313072 0.0698927
3 0.698924 0.780171 0.0310963 0.0908669
13 0.520222 0.160024 0.0251404 0.0539595
7 0.418576 0.251692 0.0307318 0.0615685
1 0.30228 0.118784 0.0213033 0.0579155
15 0.585502 0.476584 0.0198166 0.0676324
12 0.435874 0.15802 0.0201393 0.049729
2 0.879477 0.457822 0.0309788 0.0811409
11 0.485248 0.21335 0.0186368 0.0443172
23 0.397065 0.390857 0.0226835 0.0578078
9 0.163306 0.494352 0.0316662 0.0783804
16 0.151029 0.735133 0.031288 0.0830007
6 0.164181 0.494971 0.0310809 0.075828
18 0.151159 0.734218 0.0320903 0.0819606
22 0.898723 0.330343 0.0305889 0.0742109
18 0.163762 0.494994 0.0309529 0.0747255
13 0.470086 0.166556 0.0197338 0.0496907
7 0.185642 0.357576 0.0352312 0.0601718
9 0.509823 0.278259 0.0218076 0.0648007
9 0.166365 0.408709 0.0258567 0.0550683
5 0.228111 0.2117 0.0313072 0.0698927
3 0.698924 0.780171 0.0310963 0.0908669
13 0.520222 0.160024 0.0251404 0.0539595
7 0.418576 0.251692 0.0307318 0.0615685
1 0.30228 0.118784 0.0213033 0.0579155
15 0.585502 0.476584 0.0198166 0.0676324
12 0.435874 0.15802 0.0201393 0.049729
2 0.879477 0.457822 0.0309788 0.0811409
11 0.485248 0.21335 0.0186368 0.0443172
23 0.397065 0.390857 0.0226835 0.0578078
9 0.163306 0.494352 0.0316662 0.0783804
16 0.151029 0.735133 0.031288 0.0830007
6 0.164181 0.494971 0.0310809 0.075828
18 0.151159 0.734218 0.0320903 0.0819606
22 0.898723 0.330343 0.0305889 0.0742109
18 0.163762 0.494994 0.0309529 0.0747255
13 0.470086 0.166556 0.0197338 0.0496907
7 0.185642 0.357576 0.0352312 0.0601718
9 0.509823 0.278259 0.0218076 0.0648007
9 0.166365 0.408709 0.0258567 0.0550683
5 0.228111 0.2117 0.0313072 0.0698927
3 0.698924 0.780171 0.0310963 0.0908669
13 0.520222 0.160024 0.0251404 0.0539595
7 0.418576 0.251692 0.0307318 0.0615685
1 0.30228 0.118784 0.0213033 0.0579155
15 0.585502 0.476584 0.0198166 0.0676324
12 0.435874 0.15802 0.0201393 0.049729
2 0.879477 0.457822 0.0309788 0.0811409
11 0.485248 0.21335 0.0186368 0.0443172
23 0.397065 0.390857 0.0226835 0.0578078
9 0.163306 0.494352 0.0316662 0.0783804
16 0.151029 0.735133 0.031288 0.0830007
6 0.164181 0.494971 0.0310809 0.075828
18 0.151159 0.734218 0.0320903 0.0819606
22 0.898723 0.330343 0.0305889 0.0742109
18 0.163762 0.494994 0.0309529 0.0747255
13 0.470086 0.166556 0.0197338 0.0496907
7 0.185642 0.357576 0.0352312 0.0601718
9 0.509823 0.278259 0.0218076 0.0648007
9 0.166365 0.408709 0.0258567 0.0550683
