23 0.4614 0.314258 0.0183096 0.0534592
3 0.725951 0.664698 0.025432 0.0794991
5 0.286835 0.238657 0.0257936 0.0419896
12 0.308254 0.195372 0.0129917 0.0373262
16 0.158087 0.422275 0.0226813 0.0527615
2 0.84658 0.465701 0.0267058 0.0682392
15 0.465906 0.420133 0.0197226 0.0569134
9 0.345702 0.320036 0.0247808 0.0625679
20 0.681082 0.303053 0.0201125 0.0575492
4 0.0997363 0.312633 0.0194689 0.0530529
13 0.434641 0.210924 0.0156382 0.0477121
6 0.187929 0.369976 0.0220584 0.0521194
10 0.457217 0.219154 0.017931 0.0531864
22 0.946024 0.3835 0.0208897 0.067772
21 0.8198 0.297057 0.020842 0.0592175
14 0.65915 0.381955 0.022676 0.0568854
2 0.819798 0.297266 0.0203159 0.0569238
6 0.242749 0.304752 0.0211214 0.0428081
18 0.327404 0.450777 0.026585 0.0609373
23 0.4614 0.314258 0.0183096 0.0534592
3 0.725951 0.664698 0.025432 0.0794991
5 0.286835 0.238657 0.0257936 0.0419896
12 0.308254 0.195372 0.0129917 0.0373262
16 0.158087 0.422275 0.0226813 0.0527615
2 0.84658 0.465701 0.0267058 0.0682392
15 0.465906 0.420133 0.0197226 0.0569134
9 0.345702 0.320036 0.0247808 0.0625679
20 0.681082 0.303053 0.0201125 0.0575492
4 0.0997363 0.312633 0.0194689 0.0530529
13 0.434641 0.210924 0.0156382 0.0477121
6 0.187929 0.369976 0.0220584 0.0521194
10 0.457217 0.219154 0.017931 0.0531864
22 0.946024 0.3835 0.0208897 0.067772
21 0.8198 0.297057 0.020842 0.0592175
14 0.65915 0.381955 0.022676 0.0568854
2 0.819798 0.297266 0.0203159 0.0569238
6 0.242749 0.304752 0.0211214 0.0428081
18 0.327404 0.450777 0.026585 0.0609373
23 0.4614 0.314258 0.0183096 0.0534592
3 0.725951 0.664698 0.025432 0.0794991
5 0.286835 0.238657 0.0257936 0.0419896
12 0.308254 0.195372 0.0129917 0.0373262
16 0.158087 0.422275 0.0226813 0.0527615
2 0.84658 0.465701 0.0267058 0.0682392
15 0.465906 0.420133 0.0197226 0.0569134
9 0.345702 0.320036 0.0247808 0.0625679
20 0.681082 0.303053 0.0201125 0.0575492
4 0.0997363 0.312633 0.0194689 0.0530529
13 0.434641 0.210924 0.0156382 0.0477121
6 0.187929 0.369976 0.0220584 0.0521194
10 0.457217 0.219154 0.017931 0.0531864
22 0.946024 0.3835 0.0208897 0.067772
21 0.8198 0.297057 0.020842 0.0592175
14 0.65915 0.381955 0.022676 0.0568854
2 0.819798 0.297266 0.0203159 0.0569238
6 0.242749 0.304752 0.0211214 0.0428081
18 0.327404 0.450777 0.026585 0.0609373
23 0.4614 0.314258 0.0183096 0.0534592
3 0.725951 0.664698 0.025432 0.0794991
5 0.286835 0.238657 0.0257936 0.0419896
12 0.308254 0.195372 0.0129917 0.0373262
16 0.158087 0.422275 0.0226813 0.0527615
2 0.84658 0.465701 0.0267058 0.0682392
15 0.465906 0.420133 0.0197226 0.0569134
9 0.345702 0.320036 0.0247808 0.0625679
20 0.681082 0.303053 0.0201125 0.0575492
4 0.0997363 0.312633 0.0194689 0.0530529
13 0.434641 0.210924 0.0156382 0.0477121
6 0.187929 0.369976 0.0220584 0.0521194
10 0.457217 0.219154 0.017931 0.0531864
22 0.946024 0.3835 0.0208897 0.067772
21 0.8198 0.297057 0.020842 0.0592175
14 0.65915 0.381955 0.022676 0.0568854
2 0.819798 0.297266 0.0203159 0.0569238
6 0.242749 0.304752 0.0211214 0.0428081
18 0.327404 0.450777 0.026585 0.0609373
