23 0.463681 0.301673 0.0160354 0.0489924
1 0.334259 0.235568 0.0181925 0.0461248
4 0.137176 0.315532 0.0261977 0.0408731
16 0.127915 0.387813 0.0209147 0.0476542
3 0.729019 0.651669 0.0267485 0.083867
20 0.701914 0.307372 0.01758 0.0577108
6 0.170923 0.366757 0.01625 0.0516434
12 0.280382 0.198739 0.0111192 0.0364028
2 0.83731 0.462395 0.0262115 0.0666516
9 0.321056 0.318722 0.0214122 0.0553888
8 0.24896 0.291575 0.0168242 0.0531688
21 0.833198 0.297901 0.0211277 0.0553981
7 0.306429 0.238978 0.0152241 0.0433464
14 0.662816 0.383509 0.0205585 0.0562583
20 0.508065 0.262425 0.0156689 0.0507638
7 0.285788 0.236762 0.0169447 0.0439035
15 0.428068 0.406706 0.0223213 0.0561393
18 0.306965 0.434974 0.0217673 0.0702279
13 0.412872 0.213427 0.0143379 0.0473799
23 0.463681 0.301673 0.0160354 0.0489924
1 0.334259 0.235568 0.0181925 0.0461248
4 0.137176 0.315532 0.0261977 0.0408731
16 0.127915 0.387813 0.0209147 0.0476542
3 0.729019 0.651669 0.0267485 0.083867
20 0.701914 0.307372 0.01758 0.0577108
6 0.170923 0.366757 0.01625 0.0516434
12 0.280382 0.198739 0.0111192 0.0364028
2 0.83731 0.462395 0.0262115 0.0666516
9 0.321056 0.318722 0.0214122 0.0553888
8 0.24896 0.291575 0.0168242 0.0531688
21 0.833198 0.297901 0.0211277 0.0553981
7 0.306429 0.238978 0.0152241 0.0433464
14 0.662816 0.383509 0.0205585 0.0562583
20 0.508065 0.262425 0.0156689 0.0507638
7 0.285788 0.236762 0.0169447 0.0439035
15 0.428068 0.406706 0.0223213 0.0561393
18 0.306965 0.434974 0.0217673 0.0702279
13 0.412872 0.213427 0.0143379 0.0473799
23 0.463681 0.301673 0.0160354 0.0489924
1 0.334259 0.235568 0.0181925 0.0461248
4 0.137176 0.315532 0.0261977 0.0408731
16 0.127915 0.387813 0.0209147 0.0476542
3 0.729019 0.651669 0.0267485 0.083867
20 0.701914 0.307372 0.01758 0.0577108
6 0.170923 0.366757 0.01625 0.0516434
12 0.280382 0.198739 0.0111192 0.0364028
2 0.83731 0.462395 0.0262115 0.0666516
9 0.321056 0.318722 0.0214122 0.0553888
8 0.24896 0.291575 0.0168242 0.0531688
21 0.833198 0.297901 0.0211277 0.0553981
7 0.306429 0.238978 0.0152241 0.0433464
14 0.662816 0.383509 0.0205585 0.0562583
20 0.508065 0.262425 0.0156689 0.0507638
7 0.285788 0.236762 0.0169447 0.0439035
15 0.428068 0.406706 0.0223213 0.0561393
18 0.306965 0.434974 0.0217673 0.0702279
13 0.412872 0.213427 0.0143379 0.0473799
23 0.463681 0.301673 0.0160354 0.0489924
1 0.334259 0.235568 0.0181925 0.0461248
4 0.137176 0.315532 0.0261977 0.0408731
16 0.127915 0.387813 0.0209147 0.0476542
3 0.729019 0.651669 0.0267485 0.083867
20 0.701914 0.307372 0.01758 0.0577108
6 0.170923 0.366757 0.01625 0.0516434
12 0.280382 0.198739 0.0111192 0.0364028
2 0.83731 0.462395 0.0262115 0.0666516
9 0.321056 0.318722 0.0214122 0.0553888
8 0.24896 0.291575 0.0168242 0.0531688
21 0.833198 0.297901 0.0211277 0.0553981
7 0.306429 0.238978 0.0152241 0.0433464
14 0.662816 0.383509 0.0205585 0.0562583
20 0.508065 0.262425 0.0156689 0.0507638
7 0.285788 0.236762 0.0169447 0.0439035
15 0.428068 0.406706 0.0223213 0.0561393
18 0.306965 0.434974 0.0217673 0.0702279
13 0.412872 0.213427 0.0143379 0.0473799
