3 0.700572 0.768762 0.0289528 0.0866191
1 0.31453 0.128104 0.0200718 0.0431488
15 0.581559 0.473716 0.0218723 0.0664386
2 0.875749 0.462095 0.0321606 0.0768245
13 0.513912 0.170224 0.0197329 0.048791
5 0.238276 0.218185 0.0247501 0.0633499
11 0.488359 0.224363 0.020711 0.0443598
9 0.173818 0.478735 0.0302815 0.0700959
3 0.15185 0.702871 0.0282932 0.0859521
20 0.527487 0.284263 0.0199657 0.0614946
12 0.426829 0.169257 0.022401 0.0485045
13 0.470944 0.17818 0.0224695 0.0474483
18 0.151634 0.70307 0.0292823 0.0862489
18 0.433747 0.548278 0.031868 0.0712194
14 0.603105 0.362257 0.0251628 0.0642197
23 0.400852 0.38801 0.0215418 0.0603588
7 0.408129 0.259197 0.0275517 0.0602622
22 0.892196 0.338371 0.028616 0.0773682
9 0.408265 0.259072 0.0275774 0.0606324
21 0.782265 0.249288 0.0241962 0.0581808
8 0.185852 0.350565 0.0274527 0.0520212
10 0.471257 0.178699 0.0243481 0.0500264
3 0.700572 0.768762 0.0289528 0.0866191
1 0.31453 0.128104 0.0200718 0.0431488
15 0.581559 0.473716 0.0218723 0.0664386
2 0.875749 0.462095 0.0321606 0.0768245
13 0.513912 0.170224 0.0197329 0.048791
5 0.238276 0.218185 0.0247501 0.0633499
11 0.488359 0.224363 0.020711 0.0443598
9 0.173818 0.478735 0.0302815 0.0700959
3 0.15185 0.702871 0.0282932 0.0859521
20 0.527487 0.284263 0.0199657 0.0614946
12 0.426829 0.169257 0.022401 0.0485045
13 0.470944 0.17818 0.0224695 0.0474483
18 0.151634 0.70307 0.0292823 0.0862489
18 0.433747 0.548278 0.031868 0.0712194
14 0.603105 0.362257 0.0251628 0.0642197
23 0.400852 0.38801 0.0215418 0.0603588
7 0.408129 0.259197 0.0275517 0.0602622
22 0.892196 0.338371 0.028616 0.0773682
9 0.408265 0.259072 0.0275774 0.0606324
21 0.782265 0.249288 0.0241962 0.0581808
8 0.185852 0.350565 0.0274527 0.0520212
10 0.471257 0.178699 0.0243481 0.0500264
3 0.700572 0.768762 0.0289528 0.0866191
1 0.31453 0.128104 0.0200718 0.0431488
15 0.581559 0.473716 0.0218723 0.0664386
2 0.875749 0.462095 0.0321606 0.0768245
13 0.513912 0.170224 0.0197329 0.048791
5 0.238276 0.218185 0.0247501 0.0633499
11 0.488359 0.224363 0.020711 0.0443598
9 0.173818 0.478735 0.0302815 0.0700959
3 0.15185 0.702871 0.0282932 0.0859521
20 0.527487 0.284263 0.0199657 0.0614946
12 0.426829 0.169257 0.022401 0.0485045
13 0.470944 0.17818 0.0224695 0.0474483
18 0.151634 0.70307 0.0292823 0.0862489
18 0.433747 0.548278 0.031868 0.0712194
14 0.603105 0.362257 0.0251628 0.0642197
23 0.400852 0.38801 0.0215418 0.0603588
7 0.408129 0.259197 0.0275517 0.0602622
22 0.892196 0.338371 0.028616 0.0773682
9 0.408265 0.259072 0.0275774 0.0606324
21 0.782265 0.249288 0.0241962 0.0581808
8 0.185852 0.350565 0.0274527 0.0520212
10 0.471257 0.178699 0.0243481 0.0500264
3 0.700572 0.768762 0.0289528 0.0866191
1 0.31453 0.128104 0.0200718 0.0431488
15 0.581559 0.473716 0.0218723 0.0664386
2 0.875749 0.462095 0.0321606 0.0768245
13 0.513912 0.170224 0.0197329 0.048791
5 0.238276 0.218185 0.0247501 0.0633499
11 0.488359 0.224363 0.020711 0.0443598
9 0.173818 0.478735 0.0302815 0.0700959
3 0.15185 0.702871 0.0282932 0.0859521
20 0.527487 0.284263 0.0199657 0.0614946
12 0.426829 0.169257 0.022401 0.0485045
13 0.470944 0.17818 0.0224695 0.0474483
18 0.151634 0.70307 0.0292823 0.0862489
18 0.433747 0.548278 0.031868 0.0712194
14 0.603105 0.362257 0.0251628 0.0642197
23 0.400852 0.38801 0.0215418 0.0603588
7 0.408129 0.259197 0.0275517 0.0602622
22 0.892196 0.338371 0.028616 0.0773682
9 0.408265 0.259072 0.0275774 0.0606324
21 0.782265 0.249288 0.0241962 0.0581808
8 0.185852 0.350565 0.0274527 0.0520212
10 0.471257 0.178699 0.0243481 0.0500264
