5 0.301218 0.243219 0.0249862 0.0573898
0 0.346822 0.203013 0.00990372 0.0186018
6 0.223189 0.436647 0.0264835 0.0511575
3 0.724429 0.727791 0.0267623 0.0800812
23 0.442649 0.376583 0.0179845 0.055673
11 0.506425 0.259252 0.0199495 0.0464843
12 0.413097 0.206249 0.0194458 0.045099
2 0.876964 0.475142 0.0251289 0.0657591
1 0.362073 0.18465 0.0162145 0.0436495
10 0.485352 0.213029 0.0163968 0.047127
16 0.184933 0.590414 0.0282748 0.0757392
22 0.906811 0.369535 0.022435 0.0742373
9 0.402221 0.348767 0.0247334 0.0590751
13 0.510799 0.203971 0.0146201 0.043096
20 0.606761 0.304107 0.0207285 0.0610034
8 0.206462 0.368242 0.0167308 0.0564041
8 0.226249 0.382912 0.016793 0.0466195
15 0.582025 0.46843 0.0241074 0.0561023
7 0.392152 0.269556 0.0227778 0.0510576
18 0.416803 0.512233 0.0258776 0.0639718
9 0.226321 0.383902 0.0170307 0.044597
13 0.485766 0.213074 0.0154329 0.0490775
9 0.392399 0.27008 0.0237321 0.0519997
20 0.803255 0.287242 0.0215787 0.0555014
5 0.301218 0.243219 0.0249862 0.0573898
0 0.346822 0.203013 0.00990372 0.0186018
6 0.223189 0.436647 0.0264835 0.0511575
3 0.724429 0.727791 0.0267623 0.0800812
23 0.442649 0.376583 0.0179845 0.055673
11 0.506425 0.259252 0.0199495 0.0464843
12 0.413097 0.206249 0.0194458 0.045099
2 0.876964 0.475142 0.0251289 0.0657591
1 0.362073 0.18465 0.0162145 0.0436495
10 0.485352 0.213029 0.0163968 0.047127
16 0.184933 0.590414 0.0282748 0.0757392
22 0.906811 0.369535 0.022435 0.0742373
9 0.402221 0.348767 0.0247334 0.0590751
13 0.510799 0.203971 0.0146201 0.043096
20 0.606761 0.304107 0.0207285 0.0610034
8 0.206462 0.368242 0.0167308 0.0564041
8 0.226249 0.382912 0.016793 0.0466195
15 0.582025 0.46843 0.0241074 0.0561023
7 0.392152 0.269556 0.0227778 0.0510576
18 0.416803 0.512233 0.0258776 0.0639718
9 0.226321 0.383902 0.0170307 0.044597
13 0.485766 0.213074 0.0154329 0.0490775
9 0.392399 0.27008 0.0237321 0.0519997
20 0.803255 0.287242 0.0215787 0.0555014
5 0.301218 0.243219 0.0249862 0.0573898
0 0.346822 0.203013 0.00990372 0.0186018
6 0.223189 0.436647 0.0264835 0.0511575
3 0.724429 0.727791 0.0267623 0.0800812
23 0.442649 0.376583 0.0179845 0.055673
11 0.506425 0.259252 0.0199495 0.0464843
12 0.413097 0.206249 0.0194458 0.045099
2 0.876964 0.475142 0.0251289 0.0657591
1 0.362073 0.18465 0.0162145 0.0436495
10 0.485352 0.213029 0.0163968 0.047127
16 0.184933 0.590414 0.0282748 0.0757392
22 0.906811 0.369535 0.022435 0.0742373
9 0.402221 0.348767 0.0247334 0.0590751
13 0.510799 0.203971 0.0146201 0.043096
20 0.606761 0.304107 0.0207285 0.0610034
8 0.206462 0.368242 0.0167308 0.0564041
8 0.226249 0.382912 0.016793 0.0466195
15 0.582025 0.46843 0.0241074 0.0561023
7 0.392152 0.269556 0.0227778 0.0510576
18 0.416803 0.512233 0.0258776 0.0639718
9 0.226321 0.383902 0.0170307 0.044597
13 0.485766 0.213074 0.0154329 0.0490775
9 0.392399 0.27008 0.0237321 0.0519997
20 0.803255 0.287242 0.0215787 0.0555014
5 0.301218 0.243219 0.0249862 0.0573898
0 0.346822 0.203013 0.00990372 0.0186018
6 0.223189 0.436647 0.0264835 0.0511575
3 0.724429 0.727791 0.0267623 0.0800812
23 0.442649 0.376583 0.0179845 0.055673
11 0.506425 0.259252 0.0199495 0.0464843
12 0.413097 0.206249 0.0194458 0.045099
2 0.876964 0.475142 0.0251289 0.0657591
1 0.362073 0.18465 0.0162145 0.0436495
10 0.485352 0.213029 0.0163968 0.047127
16 0.184933 0.590414 0.0282748 0.0757392
22 0.906811 0.369535 0.022435 0.0742373
9 0.402221 0.348767 0.0247334 0.0590751
13 0.510799 0.203971 0.0146201 0.043096
20 0.606761 0.304107 0.0207285 0.0610034
8 0.206462 0.368242 0.0167308 0.0564041
8 0.226249 0.382912 0.016793 0.0466195
15 0.582025 0.46843 0.0241074 0.0561023
7 0.392152 0.269556 0.0227778 0.0510576
18 0.416803 0.512233 0.0258776 0.0639718
9 0.226321 0.383902 0.0170307 0.044597
13 0.485766 0.213074 0.0154329 0.0490775
9 0.392399 0.27008 0.0237321 0.0519997
20 0.803255 0.287242 0.0215787 0.0555014
