23 0.459919 0.305003 0.0154266 0.0506811
3 0.726158 0.656554 0.0253532 0.0767408
12 0.289749 0.193133 0.0161007 0.0355747
16 0.138171 0.400498 0.0176807 0.0512395
4 0.122815 0.311005 0.0201952 0.0494512
2 0.838575 0.463163 0.0253401 0.0750109
20 0.691615 0.306302 0.0193279 0.0559139
6 0.178179 0.36984 0.0247811 0.049589
8 0.242603 0.294992 0.0159403 0.0536091
15 0.441298 0.411772 0.0210681 0.0577545
1 0.329338 0.228109 0.0230677 0.0519127
5 0.283614 0.239648 0.0231634 0.0394118
13 0.41853 0.213959 0.0146286 0.0482065
10 0.463046 0.221416 0.0145853 0.0485436
7 0.306961 0.237972 0.0151288 0.0417667
2 0.825304 0.297896 0.0220257 0.0535171
22 0.953822 0.387697 0.0212916 0.0713921
17 0.255816 0.281956 0.0111278 0.0443251
18 0.312054 0.443357 0.0222815 0.0625807
9 0.32756 0.316004 0.0235794 0.0622307
14 0.659118 0.382283 0.0224991 0.0595644
23 0.459919 0.305003 0.0154266 0.0506811
3 0.726158 0.656554 0.0253532 0.0767408
12 0.289749 0.193133 0.0161007 0.0355747
16 0.138171 0.400498 0.0176807 0.0512395
4 0.122815 0.311005 0.0201952 0.0494512
2 0.838575 0.463163 0.0253401 0.0750109
20 0.691615 0.306302 0.0193279 0.0559139
6 0.178179 0.36984 0.0247811 0.049589
8 0.242603 0.294992 0.0159403 0.0536091
15 0.441298 0.411772 0.0210681 0.0577545
1 0.329338 0.228109 0.0230677 0.0519127
5 0.283614 0.239648 0.0231634 0.0394118
13 0.41853 0.213959 0.0146286 0.0482065
10 0.463046 0.221416 0.0145853 0.0485436
7 0.306961 0.237972 0.0151288 0.0417667
2 0.825304 0.297896 0.0220257 0.0535171
22 0.953822 0.387697 0.0212916 0.0713921
17 0.255816 0.281956 0.0111278 0.0443251
18 0.312054 0.443357 0.0222815 0.0625807
9 0.32756 0.316004 0.0235794 0.0622307
14 0.659118 0.382283 0.0224991 0.0595644
23 0.459919 0.305003 0.0154266 0.0506811
3 0.726158 0.656554 0.0253532 0.0767408
12 0.289749 0.193133 0.0161007 0.0355747
16 0.138171 0.400498 0.0176807 0.0512395
4 0.122815 0.311005 0.0201952 0.0494512
2 0.838575 0.463163 0.0253401 0.0750109
20 0.691615 0.306302 0.0193279 0.0559139
6 0.178179 0.36984 0.0247811 0.049589
8 0.242603 0.294992 0.0159403 0.0536091
15 0.441298 0.411772 0.0210681 0.0577545
1 0.329338 0.228109 0.0230677 0.0519127
5 0.283614 0.239648 0.0231634 0.0394118
13 0.41853 0.213959 0.0146286 0.0482065
10 0.463046 0.221416 0.0145853 0.0485436
7 0.306961 0.237972 0.0151288 0.0417667
2 0.825304 0.297896 0.0220257 0.0535171
22 0.953822 0.387697 0.0212916 0.0713921
17 0.255816 0.281956 0.0111278 0.0443251
18 0.312054 0.443357 0.0222815 0.0625807
9 0.32756 0.316004 0.0235794 0.0622307
14 0.659118 0.382283 0.0224991 0.0595644
23 0.459919 0.305003 0.0154266 0.0506811
3 0.726158 0.656554 0.0253532 0.0767408
12 0.289749 0.193133 0.0161007 0.0355747
16 0.138171 0.400498 0.0176807 0.0512395
4 0.122815 0.311005 0.0201952 0.0494512
2 0.838575 0.463163 0.0253401 0.0750109
20 0.691615 0.306302 0.0193279 0.0559139
6 0.178179 0.36984 0.0247811 0.049589
8 0.242603 0.294992 0.0159403 0.0536091
15 0.441298 0.411772 0.0210681 0.0577545
1 0.329338 0.228109 0.0230677 0.0519127
5 0.283614 0.239648 0.0231634 0.0394118
13 0.41853 0.213959 0.0146286 0.0482065
10 0.463046 0.221416 0.0145853 0.0485436
7 0.306961 0.237972 0.0151288 0.0417667
2 0.825304 0.297896 0.0220257 0.0535171
22 0.953822 0.387697 0.0212916 0.0713921
17 0.255816 0.281956 0.0111278 0.0443251
18 0.312054 0.443357 0.0222815 0.0625807
9 0.32756 0.316004 0.0235794 0.0622307
14 0.659118 0.382283 0.0224991 0.0595644
