5 0.284754 0.23849 0.0231424 0.0526308
6 0.211923 0.445066 0.0275444 0.0502883
3 0.715668 0.732597 0.0258097 0.0810432
9 0.395864 0.350826 0.0253121 0.0635018
16 0.174146 0.611324 0.0258832 0.0731545
12 0.411515 0.200758 0.0172987 0.0485113
1 0.349766 0.174151 0.0163881 0.0408326
11 0.499263 0.253566 0.0176153 0.0428813
21 0.793149 0.280588 0.0212688 0.0579687
2 0.872132 0.472096 0.0279209 0.0682339
20 0.586499 0.298969 0.0196622 0.0629514
8 0.197933 0.364069 0.017355 0.05441
22 0.896132 0.3622 0.0251789 0.0679063
14 0.632011 0.377368 0.0209803 0.0580625
23 0.429683 0.377987 0.0179535 0.0540194
18 0.4169 0.518484 0.0275942 0.0663385
20 0.79317 0.280792 0.0207653 0.0570541
15 0.581134 0.46707 0.024737 0.0611057
7 0.391471 0.268964 0.0228338 0.0498879
5 0.284754 0.23849 0.0231424 0.0526308
6 0.211923 0.445066 0.0275444 0.0502883
3 0.715668 0.732597 0.0258097 0.0810432
9 0.395864 0.350826 0.0253121 0.0635018
16 0.174146 0.611324 0.0258832 0.0731545
12 0.411515 0.200758 0.0172987 0.0485113
1 0.349766 0.174151 0.0163881 0.0408326
11 0.499263 0.253566 0.0176153 0.0428813
21 0.793149 0.280588 0.0212688 0.0579687
2 0.872132 0.472096 0.0279209 0.0682339
20 0.586499 0.298969 0.0196622 0.0629514
8 0.197933 0.364069 0.017355 0.05441
22 0.896132 0.3622 0.0251789 0.0679063
14 0.632011 0.377368 0.0209803 0.0580625
23 0.429683 0.377987 0.0179535 0.0540194
18 0.4169 0.518484 0.0275942 0.0663385
20 0.79317 0.280792 0.0207653 0.0570541
15 0.581134 0.46707 0.024737 0.0611057
7 0.391471 0.268964 0.0228338 0.0498879
5 0.284754 0.23849 0.0231424 0.0526308
6 0.211923 0.445066 0.0275444 0.0502883
3 0.715668 0.732597 0.0258097 0.0810432
9 0.395864 0.350826 0.0253121 0.0635018
16 0.174146 0.611324 0.0258832 0.0731545
12 0.411515 0.200758 0.0172987 0.0485113
1 0.349766 0.174151 0.0163881 0.0408326
11 0.499263 0.253566 0.0176153 0.0428813
21 0.793149 0.280588 0.0212688 0.0579687
2 0.872132 0.472096 0.0279209 0.0682339
20 0.586499 0.298969 0.0196622 0.0629514
8 0.197933 0.364069 0.017355 0.05441
22 0.896132 0.3622 0.0251789 0.0679063
14 0.632011 0.377368 0.0209803 0.0580625
23 0.429683 0.377987 0.0179535 0.0540194
18 0.4169 0.518484 0.0275942 0.0663385
20 0.79317 0.280792 0.0207653 0.0570541
15 0.581134 0.46707 0.024737 0.0611057
7 0.391471 0.268964 0.0228338 0.0498879
5 0.284754 0.23849 0.0231424 0.0526308
6 0.211923 0.445066 0.0275444 0.0502883
3 0.715668 0.732597 0.0258097 0.0810432
9 0.395864 0.350826 0.0253121 0.0635018
16 0.174146 0.611324 0.0258832 0.0731545
12 0.411515 0.200758 0.0172987 0.0485113
1 0.349766 0.174151 0.0163881 0.0408326
11 0.499263 0.253566 0.0176153 0.0428813
21 0.793149 0.280588 0.0212688 0.0579687
2 0.872132 0.472096 0.0279209 0.0682339
20 0.586499 0.298969 0.0196622 0.0629514
8 0.197933 0.364069 0.017355 0.05441
22 0.896132 0.3622 0.0251789 0.0679063
14 0.632011 0.377368 0.0209803 0.0580625
23 0.429683 0.377987 0.0179535 0.0540194
18 0.4169 0.518484 0.0275942 0.0663385
20 0.79317 0.280792 0.0207653 0.0570541
15 0.581134 0.46707 0.024737 0.0611057
7 0.391471 0.268964 0.0228338 0.0498879
