23 0.411333 0.383022 0.0199583 0.0595591
5 0.259615 0.226999 0.0303654 0.059696
3 0.705293 0.751905 0.0300701 0.080344
6 0.190115 0.46379 0.029857 0.0661979
21 0.782894 0.262821 0.0209848 0.0569796
13 0.508504 0.186263 0.0211771 0.0499091
11 0.491038 0.23919 0.0186547 0.0426713
9 0.385321 0.345593 0.0295573 0.0588847
1 0.331597 0.151695 0.0176252 0.0448378
12 0.417256 0.187385 0.0223878 0.0480542
2 0.869522 0.468974 0.0273808 0.0678253
13 0.472426 0.193482 0.0201798 0.0465285
16 0.159982 0.658974 0.0270563 0.0776842
15 0.580656 0.470304 0.0231604 0.0661682
20 0.55195 0.293833 0.0203805 0.0627136
7 0.397118 0.265771 0.0269156 0.0521104
22 0.887505 0.351591 0.0244877 0.0687325
0 0.317875 0.170208 0.00937843 0.0191716
9 0.189862 0.462911 0.0297491 0.0680013
10 0.508935 0.185676 0.0215695 0.0491236
14 0.612806 0.371073 0.0272324 0.0619002
3 0.423208 0.534633 0.0277647 0.0713435
20 0.783196 0.26292 0.0198326 0.0569747
23 0.411333 0.383022 0.0199583 0.0595591
5 0.259615 0.226999 0.0303654 0.059696
3 0.705293 0.751905 0.0300701 0.080344
6 0.190115 0.46379 0.029857 0.0661979
21 0.782894 0.262821 0.0209848 0.0569796
13 0.508504 0.186263 0.0211771 0.0499091
11 0.491038 0.23919 0.0186547 0.0426713
9 0.385321 0.345593 0.0295573 0.0588847
1 0.331597 0.151695 0.0176252 0.0448378
12 0.417256 0.187385 0.0223878 0.0480542
2 0.869522 0.468974 0.0273808 0.0678253
13 0.472426 0.193482 0.0201798 0.0465285
16 0.159982 0.658974 0.0270563 0.0776842
15 0.580656 0.470304 0.0231604 0.0661682
20 0.55195 0.293833 0.0203805 0.0627136
7 0.397118 0.265771 0.0269156 0.0521104
22 0.887505 0.351591 0.0244877 0.0687325
0 0.317875 0.170208 0.00937843 0.0191716
9 0.189862 0.462911 0.0297491 0.0680013
10 0.508935 0.185676 0.0215695 0.0491236
14 0.612806 0.371073 0.0272324 0.0619002
3 0.423208 0.534633 0.0277647 0.0713435
20 0.783196 0.26292 0.0198326 0.0569747
23 0.411333 0.383022 0.0199583 0.0595591
5 0.259615 0.226999 0.0303654 0.059696
3 0.705293 0.751905 0.0300701 0.080344
6 0.190115 0.46379 0.029857 0.0661979
21 0.782894 0.262821 0.0209848 0.0569796
13 0.508504 0.186263 0.0211771 0.0499091
11 0.491038 0.23919 0.0186547 0.0426713
9 0.385321 0.345593 0.0295573 0.0588847
1 0.331597 0.151695 0.0176252 0.0448378
12 0.417256 0.187385 0.0223878 0.0480542
2 0.869522 0.468974 0.0273808 0.0678253
13 0.472426 0.193482 0.0201798 0.0465285
16 0.159982 0.658974 0.0270563 0.0776842
15 0.580656 0.470304 0.0231604 0.0661682
20 0.55195 0.293833 0.0203805 0.0627136
7 0.397118 0.265771 0.0269156 0.0521104
22 0.887505 0.351591 0.0244877 0.0687325
0 0.317875 0.170208 0.00937843 0.0191716
9 0.189862 0.462911 0.0297491 0.0680013
10 0.508935 0.185676 0.0215695 0.0491236
14 0.612806 0.371073 0.0272324 0.0619002
3 0.423208 0.534633 0.0277647 0.0713435
20 0.783196 0.26292 0.0198326 0.0569747
23 0.411333 0.383022 0.0199583 0.0595591
5 0.259615 0.226999 0.0303654 0.059696
3 0.705293 0.751905 0.0300701 0.080344
6 0.190115 0.46379 0.029857 0.0661979
21 0.782894 0.262821 0.0209848 0.0569796
13 0.508504 0.186263 0.0211771 0.0499091
11 0.491038 0.23919 0.0186547 0.0426713
9 0.385321 0.345593 0.0295573 0.0588847
1 0.331597 0.151695 0.0176252 0.0448378
12 0.417256 0.187385 0.0223878 0.0480542
2 0.869522 0.468974 0.0273808 0.0678253
13 0.472426 0.193482 0.0201798 0.0465285
16 0.159982 0.658974 0.0270563 0.0776842
15 0.580656 0.470304 0.0231604 0.0661682
20 0.55195 0.293833 0.0203805 0.0627136
7 0.397118 0.265771 0.0269156 0.0521104
22 0.887505 0.351591 0.0244877 0.0687325
0 0.317875 0.170208 0.00937843 0.0191716
9 0.189862 0.462911 0.0297491 0.0680013
10 0.508935 0.185676 0.0215695 0.0491236
14 0.612806 0.371073 0.0272324 0.0619002
3 0.423208 0.534633 0.0277647 0.0713435
20 0.783196 0.26292 0.0198326 0.0569747
