0 0.34512 0.198833 0.00915718 0.018998
6 0.221668 0.43875 0.024577 0.0533396
5 0.299437 0.24111 0.0251423 0.0571053
3 0.723782 0.729513 0.025617 0.0790215
23 0.441313 0.375629 0.017779 0.0542631
1 0.359352 0.185135 0.0166101 0.0461206
11 0.506454 0.25672 0.0209829 0.0442701
2 0.876169 0.474753 0.0236359 0.0669041
9 0.400901 0.348604 0.0261951 0.0602344
12 0.411964 0.205359 0.018069 0.0497041
13 0.511082 0.202549 0.0178629 0.0434992
16 0.182046 0.591816 0.0283342 0.0709563
8 0.205885 0.366589 0.0161592 0.0545534
10 0.484422 0.211805 0.0195835 0.0470956
20 0.603507 0.304735 0.0200745 0.0605743
15 0.5821 0.470829 0.0257248 0.0580919
8 0.223561 0.3839 0.0171743 0.0489056
22 0.905823 0.368691 0.022303 0.0738091
18 0.415644 0.512557 0.024786 0.0633457
3 0.441357 0.375564 0.0184999 0.0559193
7 0.391091 0.268585 0.0222586 0.0488503
13 0.484994 0.212076 0.0174616 0.0483118
20 0.802169 0.285798 0.0205574 0.0561208
14 0.644208 0.382454 0.0196461 0.0561696
0 0.34512 0.198833 0.00915718 0.018998
6 0.221668 0.43875 0.024577 0.0533396
5 0.299437 0.24111 0.0251423 0.0571053
3 0.723782 0.729513 0.025617 0.0790215
23 0.441313 0.375629 0.017779 0.0542631
1 0.359352 0.185135 0.0166101 0.0461206
11 0.506454 0.25672 0.0209829 0.0442701
2 0.876169 0.474753 0.0236359 0.0669041
9 0.400901 0.348604 0.0261951 0.0602344
12 0.411964 0.205359 0.018069 0.0497041
13 0.511082 0.202549 0.0178629 0.0434992
16 0.182046 0.591816 0.0283342 0.0709563
8 0.205885 0.366589 0.0161592 0.0545534
10 0.484422 0.211805 0.0195835 0.0470956
20 0.603507 0.304735 0.0200745 0.0605743
15 0.5821 0.470829 0.0257248 0.0580919
8 0.223561 0.3839 0.0171743 0.0489056
22 0.905823 0.368691 0.022303 0.0738091
18 0.415644 0.512557 0.024786 0.0633457
3 0.441357 0.375564 0.0184999 0.0559193
7 0.391091 0.268585 0.0222586 0.0488503
13 0.484994 0.212076 0.0174616 0.0483118
20 0.802169 0.285798 0.0205574 0.0561208
14 0.644208 0.382454 0.0196461 0.0561696
0 0.34512 0.198833 0.00915718 0.018998
6 0.221668 0.43875 0.024577 0.0533396
5 0.299437 0.24111 0.0251423 0.0571053
3 0.723782 0.729513 0.025617 0.0790215
23 0.441313 0.375629 0.017779 0.0542631
1 0.359352 0.185135 0.0166101 0.0461206
11 0.506454 0.25672 0.0209829 0.0442701
2 0.876169 0.474753 0.0236359 0.0669041
9 0.400901 0.348604 0.0261951 0.0602344
12 0.411964 0.205359 0.018069 0.0497041
13 0.511082 0.202549 0.0178629 0.0434992
16 0.182046 0.591816 0.0283342 0.0709563
8 0.205885 0.366589 0.0161592 0.0545534
10 0.484422 0.211805 0.0195835 0.0470956
20 0.603507 0.304735 0.0200745 0.0605743
15 0.5821 0.470829 0.0257248 0.0580919
8 0.223561 0.3839 0.0171743 0.0489056
22 0.905823 0.368691 0.022303 0.0738091
18 0.415644 0.512557 0.024786 0.0633457
3 0.441357 0.375564 0.0184999 0.0559193
7 0.391091 0.268585 0.0222586 0.0488503
13 0.484994 0.212076 0.0174616 0.0483118
20 0.802169 0.285798 0.0205574 0.0561208
14 0.644208 0.382454 0.0196461 0.0561696
0 0.34512 0.198833 0.00915718 0.018998
6 0.221668 0.43875 0.024577 0.0533396
5 0.299437 0.24111 0.0251423 0.0571053
3 0.723782 0.729513 0.025617 0.0790215
23 0.441313 0.375629 0.017779 0.0542631
1 0.359352 0.185135 0.0166101 0.0461206
11 0.506454 0.25672 0.0209829 0.0442701
2 0.876169 0.474753 0.0236359 0.0669041
9 0.400901 0.348604 0.0261951 0.0602344
12 0.411964 0.205359 0.018069 0.0497041
13 0.511082 0.202549 0.0178629 0.0434992
16 0.182046 0.591816 0.0283342 0.0709563
8 0.205885 0.366589 0.0161592 0.0545534
10 0.484422 0.211805 0.0195835 0.0470956
20 0.603507 0.304735 0.0200745 0.0605743
15 0.5821 0.470829 0.0257248 0.0580919
8 0.223561 0.3839 0.0171743 0.0489056
22 0.905823 0.368691 0.022303 0.0738091
18 0.415644 0.512557 0.024786 0.0633457
3 0.441357 0.375564 0.0184999 0.0559193
7 0.391091 0.268585 0.0222586 0.0488503
13 0.484994 0.212076 0.0174616 0.0483118
20 0.802169 0.285798 0.0205574 0.0561208
14 0.644208 0.382454 0.0196461 0.0561696
