23 0.457914 0.37168 0.018572 0.0583435
5 0.318956 0.251269 0.0281334 0.052999
3 0.729982 0.711052 0.0279758 0.0794742
11 0.51055 0.269643 0.0203121 0.0462528
12 0.350591 0.146389 0.0161017 0.0328671
16 0.197852 0.546198 0.026516 0.0703671
21 0.808529 0.299203 0.0216261 0.0536759
12 0.403595 0.21219 0.0186621 0.0414378
20 0.635352 0.31209 0.0191574 0.056339
6 0.233111 0.41971 0.0205548 0.0550344
12 0.369286 0.204874 0.019407 0.0456848
8 0.218317 0.363914 0.0174044 0.0538603
7 0.385551 0.272656 0.0205463 0.0492415
14 0.659045 0.387073 0.022374 0.0535704
9 0.405215 0.346532 0.0253204 0.0581416
9 0.233111 0.420181 0.0203154 0.0553075
13 0.505686 0.217127 0.0138466 0.043921
15 0.406333 0.494634 0.0251993 0.0574735
4 0.0139 0.334902 0.0191212 0.061038
18 0.406589 0.494141 0.0270835 0.0596948
15 0.568451 0.460691 0.020831 0.0594998
22 0.914529 0.379305 0.0224495 0.0668669
17 0.249452 0.35431 0.0203461 0.0443784
16 0.0136808 0.33511 0.0189435 0.0605072
2 0.870322 0.481611 0.0220055 0.0630437
23 0.457914 0.37168 0.018572 0.0583435
5 0.318956 0.251269 0.0281334 0.052999
3 0.729982 0.711052 0.0279758 0.0794742
11 0.51055 0.269643 0.0203121 0.0462528
12 0.350591 0.146389 0.0161017 0.0328671
16 0.197852 0.546198 0.026516 0.0703671
21 0.808529 0.299203 0.0216261 0.0536759
12 0.403595 0.21219 0.0186621 0.0414378
20 0.635352 0.31209 0.0191574 0.056339
6 0.233111 0.41971 0.0205548 0.0550344
12 0.369286 0.204874 0.019407 0.0456848
8 0.218317 0.363914 0.0174044 0.0538603
7 0.385551 0.272656 0.0205463 0.0492415
14 0.659045 0.387073 0.022374 0.0535704
9 0.405215 0.346532 0.0253204 0.0581416
9 0.233111 0.420181 0.0203154 0.0553075
13 0.505686 0.217127 0.0138466 0.043921
15 0.406333 0.494634 0.0251993 0.0574735
4 0.0139 0.334902 0.0191212 0.061038
18 0.406589 0.494141 0.0270835 0.0596948
15 0.568451 0.460691 0.020831 0.0594998
22 0.914529 0.379305 0.0224495 0.0668669
17 0.249452 0.35431 0.0203461 0.0443784
16 0.0136808 0.33511 0.0189435 0.0605072
2 0.870322 0.481611 0.0220055 0.0630437
23 0.457914 0.37168 0.018572 0.0583435
5 0.318956 0.251269 0.0281334 0.052999
3 0.729982 0.711052 0.0279758 0.0794742
11 0.51055 0.269643 0.0203121 0.0462528
12 0.350591 0.146389 0.0161017 0.0328671
16 0.197852 0.546198 0.026516 0.0703671
21 0.808529 0.299203 0.0216261 0.0536759
12 0.403595 0.21219 0.0186621 0.0414378
20 0.635352 0.31209 0.0191574 0.056339
6 0.233111 0.41971 0.0205548 0.0550344
12 0.369286 0.204874 0.019407 0.0456848
8 0.218317 0.363914 0.0174044 0.0538603
7 0.385551 0.272656 0.0205463 0.0492415
14 0.659045 0.387073 0.022374 0.0535704
9 0.405215 0.346532 0.0253204 0.0581416
9 0.233111 0.420181 0.0203154 0.0553075
13 0.505686 0.217127 0.0138466 0.043921
15 0.406333 0.494634 0.0251993 0.0574735
4 0.0139 0.334902 0.0191212 0.061038
18 0.406589 0.494141 0.0270835 0.0596948
15 0.568451 0.460691 0.020831 0.0594998
22 0.914529 0.379305 0.0224495 0.0668669
17 0.249452 0.35431 0.0203461 0.0443784
16 0.0136808 0.33511 0.0189435 0.0605072
2 0.870322 0.481611 0.0220055 0.0630437
23 0.457914 0.37168 0.018572 0.0583435
5 0.318956 0.251269 0.0281334 0.052999
3 0.729982 0.711052 0.0279758 0.0794742
11 0.51055 0.269643 0.0203121 0.0462528
12 0.350591 0.146389 0.0161017 0.0328671
16 0.197852 0.546198 0.026516 0.0703671
21 0.808529 0.299203 0.0216261 0.0536759
12 0.403595 0.21219 0.0186621 0.0414378
20 0.635352 0.31209 0.0191574 0.056339
6 0.233111 0.41971 0.0205548 0.0550344
12 0.369286 0.204874 0.019407 0.0456848
8 0.218317 0.363914 0.0174044 0.0538603
7 0.385551 0.272656 0.0205463 0.0492415
14 0.659045 0.387073 0.022374 0.0535704
9 0.405215 0.346532 0.0253204 0.0581416
9 0.233111 0.420181 0.0203154 0.0553075
13 0.505686 0.217127 0.0138466 0.043921
15 0.406333 0.494634 0.0251993 0.0574735
4 0.0139 0.334902 0.0191212 0.061038
18 0.406589 0.494141 0.0270835 0.0596948
15 0.568451 0.460691 0.020831 0.0594998
22 0.914529 0.379305 0.0224495 0.0668669
17 0.249452 0.35431 0.0203461 0.0443784
16 0.0136808 0.33511 0.0189435 0.0605072
2 0.870322 0.481611 0.0220055 0.0630437
