23 0.459439 0.307414 0.0173386 0.0488783
16 0.148122 0.410945 0.0210666 0.0508052
3 0.724585 0.660459 0.0234991 0.0784207
12 0.298029 0.193627 0.0159381 0.0382116
4 0.108879 0.309863 0.0187917 0.0529113
2 0.841075 0.463678 0.0295963 0.0810222
6 0.182711 0.367089 0.0207894 0.0521971
20 0.684539 0.305753 0.0203991 0.0572297
10 0.456296 0.222871 0.0163493 0.0471815
1 0.324721 0.223493 0.0146214 0.0438716
13 0.424633 0.212514 0.0171971 0.0466146
2 0.820566 0.297172 0.0208633 0.0542701
5 0.284154 0.241387 0.0258982 0.0395649
21 0.820487 0.296558 0.0218674 0.0570653
22 0.948462 0.385646 0.0224968 0.067236
14 0.657131 0.380633 0.0196699 0.0558112
23 0.459439 0.307414 0.0173386 0.0488783
16 0.148122 0.410945 0.0210666 0.0508052
3 0.724585 0.660459 0.0234991 0.0784207
12 0.298029 0.193627 0.0159381 0.0382116
4 0.108879 0.309863 0.0187917 0.0529113
2 0.841075 0.463678 0.0295963 0.0810222
6 0.182711 0.367089 0.0207894 0.0521971
20 0.684539 0.305753 0.0203991 0.0572297
10 0.456296 0.222871 0.0163493 0.0471815
1 0.324721 0.223493 0.0146214 0.0438716
13 0.424633 0.212514 0.0171971 0.0466146
2 0.820566 0.297172 0.0208633 0.0542701
5 0.284154 0.241387 0.0258982 0.0395649
21 0.820487 0.296558 0.0218674 0.0570653
22 0.948462 0.385646 0.0224968 0.067236
14 0.657131 0.380633 0.0196699 0.0558112
23 0.459439 0.307414 0.0173386 0.0488783
16 0.148122 0.410945 0.0210666 0.0508052
3 0.724585 0.660459 0.0234991 0.0784207
12 0.298029 0.193627 0.0159381 0.0382116
4 0.108879 0.309863 0.0187917 0.0529113
2 0.841075 0.463678 0.0295963 0.0810222
6 0.182711 0.367089 0.0207894 0.0521971
20 0.684539 0.305753 0.0203991 0.0572297
10 0.456296 0.222871 0.0163493 0.0471815
1 0.324721 0.223493 0.0146214 0.0438716
13 0.424633 0.212514 0.0171971 0.0466146
2 0.820566 0.297172 0.0208633 0.0542701
5 0.284154 0.241387 0.0258982 0.0395649
21 0.820487 0.296558 0.0218674 0.0570653
22 0.948462 0.385646 0.0224968 0.067236
14 0.657131 0.380633 0.0196699 0.0558112
23 0.459439 0.307414 0.0173386 0.0488783
16 0.148122 0.410945 0.0210666 0.0508052
3 0.724585 0.660459 0.0234991 0.0784207
12 0.298029 0.193627 0.0159381 0.0382116
4 0.108879 0.309863 0.0187917 0.0529113
2 0.841075 0.463678 0.0295963 0.0810222
6 0.182711 0.367089 0.0207894 0.0521971
20 0.684539 0.305753 0.0203991 0.0572297
10 0.456296 0.222871 0.0163493 0.0471815
1 0.324721 0.223493 0.0146214 0.0438716
13 0.424633 0.212514 0.0171971 0.0466146
2 0.820566 0.297172 0.0208633 0.0542701
5 0.284154 0.241387 0.0258982 0.0395649
21 0.820487 0.296558 0.0218674 0.0570653
22 0.948462 0.385646 0.0224968 0.067236
14 0.657131 0.380633 0.0196699 0.0558112
