5 0.226315 0.2108 0.0345338 0.0682132
3 0.69439 0.780857 0.0306026 0.0942081
1 0.300548 0.119343 0.0216326 0.0653687
13 0.521535 0.156767 0.0257957 0.0501564
2 0.879095 0.456326 0.0293316 0.0804613
7 0.420926 0.25064 0.0315407 0.0596503
15 0.587692 0.47515 0.0253229 0.069934
12 0.438777 0.155077 0.0254883 0.0481772
22 0.898313 0.3286 0.0267511 0.0760937
9 0.161487 0.497346 0.0318962 0.0740427
11 0.485837 0.210684 0.0194282 0.0490915
12 0.300208 0.116584 0.0212004 0.0635915
9 0.163569 0.410717 0.0252507 0.0587311
21 0.784391 0.235977 0.0257741 0.062763
18 0.155128 0.74073 0.0359722 0.0860267
23 0.395564 0.390993 0.0235794 0.0572566
7 0.185254 0.356951 0.0294479 0.0601376
18 0.161647 0.497375 0.031906 0.0727122
5 0.521351 0.157307 0.02735 0.0528
6 0.162181 0.498139 0.0317527 0.07251
9 0.507165 0.277535 0.0217856 0.0611589
16 0.155628 0.740751 0.0357658 0.0817508
5 0.226315 0.2108 0.0345338 0.0682132
3 0.69439 0.780857 0.0306026 0.0942081
1 0.300548 0.119343 0.0216326 0.0653687
13 0.521535 0.156767 0.0257957 0.0501564
2 0.879095 0.456326 0.0293316 0.0804613
7 0.420926 0.25064 0.0315407 0.0596503
15 0.587692 0.47515 0.0253229 0.069934
12 0.438777 0.155077 0.0254883 0.0481772
22 0.898313 0.3286 0.0267511 0.0760937
9 0.161487 0.497346 0.0318962 0.0740427
11 0.485837 0.210684 0.0194282 0.0490915
12 0.300208 0.116584 0.0212004 0.0635915
9 0.163569 0.410717 0.0252507 0.0587311
21 0.784391 0.235977 0.0257741 0.062763
18 0.155128 0.74073 0.0359722 0.0860267
23 0.395564 0.390993 0.0235794 0.0572566
7 0.185254 0.356951 0.0294479 0.0601376
18 0.161647 0.497375 0.031906 0.0727122
5 0.521351 0.157307 0.02735 0.0528
6 0.162181 0.498139 0.0317527 0.07251
9 0.507165 0.277535 0.0217856 0.0611589
16 0.155628 0.740751 0.0357658 0.0817508
5 0.226315 0.2108 0.0345338 0.0682132
3 0.69439 0.780857 0.0306026 0.0942081
1 0.300548 0.119343 0.0216326 0.0653687
13 0.521535 0.156767 0.0257957 0.0501564
2 0.879095 0.456326 0.0293316 0.0804613
7 0.420926 0.25064 0.0315407 0.0596503
15 0.587692 0.47515 0.0253229 0.069934
12 0.438777 0.155077 0.0254883 0.0481772
22 0.898313 0.3286 0.0267511 0.0760937
9 0.161487 0.497346 0.0318962 0.0740427
11 0.485837 0.210684 0.0194282 0.0490915
12 0.300208 0.116584 0.0212004 0.0635915
9 0.163569 0.410717 0.0252507 0.0587311
21 0.784391 0.235977 0.0257741 0.062763
18 0.155128 0.74073 0.0359722 0.0860267
23 0.395564 0.390993 0.0235794 0.0572566
7 0.185254 0.356951 0.0294479 0.0601376
18 0.161647 0.497375 0.031906 0.0727122
5 0.521351 0.157307 0.02735 0.0528
6 0.162181 0.498139 0.0317527 0.07251
9 0.507165 0.277535 0.0217856 0.0611589
16 0.155628 0.740751 0.0357658 0.0817508
5 0.226315 0.2108 0.0345338 0.0682132
3 0.69439 0.780857 0.0306026 0.0942081
1 0.300548 0.119343 0.0216326 0.0653687
13 0.521535 0.156767 0.0257957 0.0501564
2 0.879095 0.456326 0.0293316 0.0804613
7 0.420926 0.25064 0.0315407 0.0596503
15 0.587692 0.47515 0.0253229 0.069934
12 0.438777 0.155077 0.0254883 0.0481772
22 0.898313 0.3286 0.0267511 0.0760937
9 0.161487 0.497346 0.0318962 0.0740427
11 0.485837 0.210684 0.0194282 0.0490915
12 0.300208 0.116584 0.0212004 0.0635915
9 0.163569 0.410717 0.0252507 0.0587311
21 0.784391 0.235977 0.0257741 0.062763
18 0.155128 0.74073 0.0359722 0.0860267
23 0.395564 0.390993 0.0235794 0.0572566
7 0.185254 0.356951 0.0294479 0.0601376
18 0.161647 0.497375 0.031906 0.0727122
5 0.521351 0.157307 0.02735 0.0528
6 0.162181 0.498139 0.0317527 0.07251
9 0.507165 0.277535 0.0217856 0.0611589
16 0.155628 0.740751 0.0357658 0.0817508
