23 0.487649 0.296308 0.016066 0.0491891
9 0.321298 0.336876 0.0187166 0.0577508
4 0.151488 0.327765 0.0187174 0.0524018
21 0.861511 0.308294 0.0192978 0.0546314
20 0.744176 0.313257 0.0168246 0.0584715
16 0.201347 0.351099 0.0196283 0.0569633
12 0.355536 0.232705 0.0157393 0.0476872
9 0.350615 0.297081 0.0169209 0.0508
20 0.861559 0.308456 0.0189806 0.0548117
3 0.740706 0.623504 0.0288122 0.0735836
2 0.800543 0.445467 0.0270685 0.0541967
15 0.683739 0.389959 0.0224206 0.0576166
10 0.543891 0.218879 0.0127296 0.0465235
18 0.310965 0.433161 0.0279744 0.0598495
13 0.543981 0.21831 0.0131512 0.0472496
16 0.117653 0.372654 0.0166831 0.0363042
11 0.552541 0.262695 0.0144545 0.0491462
23 0.487649 0.296308 0.016066 0.0491891
9 0.321298 0.336876 0.0187166 0.0577508
4 0.151488 0.327765 0.0187174 0.0524018
21 0.861511 0.308294 0.0192978 0.0546314
20 0.744176 0.313257 0.0168246 0.0584715
16 0.201347 0.351099 0.0196283 0.0569633
12 0.355536 0.232705 0.0157393 0.0476872
9 0.350615 0.297081 0.0169209 0.0508
20 0.861559 0.308456 0.0189806 0.0548117
3 0.740706 0.623504 0.0288122 0.0735836
2 0.800543 0.445467 0.0270685 0.0541967
15 0.683739 0.389959 0.0224206 0.0576166
10 0.543891 0.218879 0.0127296 0.0465235
18 0.310965 0.433161 0.0279744 0.0598495
13 0.543981 0.21831 0.0131512 0.0472496
16 0.117653 0.372654 0.0166831 0.0363042
11 0.552541 0.262695 0.0144545 0.0491462
23 0.487649 0.296308 0.016066 0.0491891
9 0.321298 0.336876 0.0187166 0.0577508
4 0.151488 0.327765 0.0187174 0.0524018
21 0.861511 0.308294 0.0192978 0.0546314
20 0.744176 0.313257 0.0168246 0.0584715
16 0.201347 0.351099 0.0196283 0.0569633
12 0.355536 0.232705 0.0157393 0.0476872
9 0.350615 0.297081 0.0169209 0.0508
20 0.861559 0.308456 0.0189806 0.0548117
3 0.740706 0.623504 0.0288122 0.0735836
2 0.800543 0.445467 0.0270685 0.0541967
15 0.683739 0.389959 0.0224206 0.0576166
10 0.543891 0.218879 0.0127296 0.0465235
18 0.310965 0.433161 0.0279744 0.0598495
13 0.543981 0.21831 0.0131512 0.0472496
16 0.117653 0.372654 0.0166831 0.0363042
11 0.552541 0.262695 0.0144545 0.0491462
23 0.487649 0.296308 0.016066 0.0491891
9 0.321298 0.336876 0.0187166 0.0577508
4 0.151488 0.327765 0.0187174 0.0524018
21 0.861511 0.308294 0.0192978 0.0546314
20 0.744176 0.313257 0.0168246 0.0584715
16 0.201347 0.351099 0.0196283 0.0569633
12 0.355536 0.232705 0.0157393 0.0476872
9 0.350615 0.297081 0.0169209 0.0508
20 0.861559 0.308456 0.0189806 0.0548117
3 0.740706 0.623504 0.0288122 0.0735836
2 0.800543 0.445467 0.0270685 0.0541967
15 0.683739 0.389959 0.0224206 0.0576166
10 0.543891 0.218879 0.0127296 0.0465235
18 0.310965 0.433161 0.0279744 0.0598495
13 0.543981 0.21831 0.0131512 0.0472496
16 0.117653 0.372654 0.0166831 0.0363042
11 0.552541 0.262695 0.0144545 0.0491462
