9 0.318649 0.332823 0.0173814 0.0523756
23 0.485886 0.2949 0.0165386 0.0474374
4 0.145773 0.326703 0.0185292 0.0508088
20 0.738536 0.312434 0.0173163 0.057767
6 0.195189 0.352892 0.0195698 0.057715
2 0.82001 0.451593 0.0290268 0.0625902
12 0.351389 0.238727 0.0187677 0.0520827
3 0.744632 0.63082 0.0292972 0.0827801
21 0.865362 0.303768 0.0219091 0.0585129
14 0.683854 0.391081 0.0214266 0.0587847
16 0.195136 0.353257 0.0198181 0.0581157
9 0.340201 0.294982 0.016077 0.0535628
18 0.312646 0.432127 0.0239349 0.0592009
7 0.310138 0.241552 0.0154807 0.0551455
11 0.548373 0.264712 0.0154498 0.0471175
1 0.246495 0.208948 0.0167545 0.0486207
15 0.417051 0.390995 0.0228828 0.0580529
1 0.351573 0.238437 0.0190869 0.0521823
9 0.318649 0.332823 0.0173814 0.0523756
23 0.485886 0.2949 0.0165386 0.0474374
4 0.145773 0.326703 0.0185292 0.0508088
20 0.738536 0.312434 0.0173163 0.057767
6 0.195189 0.352892 0.0195698 0.057715
2 0.82001 0.451593 0.0290268 0.0625902
12 0.351389 0.238727 0.0187677 0.0520827
3 0.744632 0.63082 0.0292972 0.0827801
21 0.865362 0.303768 0.0219091 0.0585129
14 0.683854 0.391081 0.0214266 0.0587847
16 0.195136 0.353257 0.0198181 0.0581157
9 0.340201 0.294982 0.016077 0.0535628
18 0.312646 0.432127 0.0239349 0.0592009
7 0.310138 0.241552 0.0154807 0.0551455
11 0.548373 0.264712 0.0154498 0.0471175
1 0.246495 0.208948 0.0167545 0.0486207
15 0.417051 0.390995 0.0228828 0.0580529
1 0.351573 0.238437 0.0190869 0.0521823
9 0.318649 0.332823 0.0173814 0.0523756
23 0.485886 0.2949 0.0165386 0.0474374
4 0.145773 0.326703 0.0185292 0.0508088
20 0.738536 0.312434 0.0173163 0.057767
6 0.195189 0.352892 0.0195698 0.057715
2 0.82001 0.451593 0.0290268 0.0625902
12 0.351389 0.238727 0.0187677 0.0520827
3 0.744632 0.63082 0.0292972 0.0827801
21 0.865362 0.303768 0.0219091 0.0585129
14 0.683854 0.391081 0.0214266 0.0587847
16 0.195136 0.353257 0.0198181 0.0581157
9 0.340201 0.294982 0.016077 0.0535628
18 0.312646 0.432127 0.0239349 0.0592009
7 0.310138 0.241552 0.0154807 0.0551455
11 0.548373 0.264712 0.0154498 0.0471175
1 0.246495 0.208948 0.0167545 0.0486207
15 0.417051 0.390995 0.0228828 0.0580529
1 0.351573 0.238437 0.0190869 0.0521823
9 0.318649 0.332823 0.0173814 0.0523756
23 0.485886 0.2949 0.0165386 0.0474374
4 0.145773 0.326703 0.0185292 0.0508088
20 0.738536 0.312434 0.0173163 0.057767
6 0.195189 0.352892 0.0195698 0.057715
2 0.82001 0.451593 0.0290268 0.0625902
12 0.351389 0.238727 0.0187677 0.0520827
3 0.744632 0.63082 0.0292972 0.0827801
21 0.865362 0.303768 0.0219091 0.0585129
14 0.683854 0.391081 0.0214266 0.0587847
16 0.195136 0.353257 0.0198181 0.0581157
9 0.340201 0.294982 0.016077 0.0535628
18 0.312646 0.432127 0.0239349 0.0592009
7 0.310138 0.241552 0.0154807 0.0551455
11 0.548373 0.264712 0.0154498 0.0471175
1 0.246495 0.208948 0.0167545 0.0486207
15 0.417051 0.390995 0.0228828 0.0580529
1 0.351573 0.238437 0.0190869 0.0521823
