23 0.408686 0.385824 0.0184506 0.0578957
13 0.509642 0.183024 0.020404 0.0428544
5 0.25597 0.227036 0.027239 0.061538
3 0.702626 0.753092 0.0310104 0.0849375
6 0.189271 0.465195 0.0309775 0.0657769
9 0.383533 0.347589 0.0284098 0.0623862
1 0.33034 0.148988 0.0201283 0.0414525
21 0.781778 0.262179 0.0210306 0.0556035
16 0.158916 0.661957 0.0324304 0.0789659
11 0.491393 0.235674 0.0237848 0.0444133
12 0.42043 0.185435 0.0222729 0.0492491
13 0.471836 0.191716 0.0176449 0.0477559
15 0.581649 0.470312 0.0245006 0.0659693
2 0.870359 0.467016 0.0295439 0.0711862
7 0.398051 0.264392 0.0291715 0.0559071
0 0.315163 0.170641 0.00976887 0.017323
22 0.887021 0.350113 0.0271296 0.0703893
9 0.196576 0.393065 0.0236964 0.0475272
2 0.424158 0.537664 0.0273072 0.0687327
10 0.510189 0.182797 0.0204594 0.0420952
23 0.408686 0.385824 0.0184506 0.0578957
13 0.509642 0.183024 0.020404 0.0428544
5 0.25597 0.227036 0.027239 0.061538
3 0.702626 0.753092 0.0310104 0.0849375
6 0.189271 0.465195 0.0309775 0.0657769
9 0.383533 0.347589 0.0284098 0.0623862
1 0.33034 0.148988 0.0201283 0.0414525
21 0.781778 0.262179 0.0210306 0.0556035
16 0.158916 0.661957 0.0324304 0.0789659
11 0.491393 0.235674 0.0237848 0.0444133
12 0.42043 0.185435 0.0222729 0.0492491
13 0.471836 0.191716 0.0176449 0.0477559
15 0.581649 0.470312 0.0245006 0.0659693
2 0.870359 0.467016 0.0295439 0.0711862
7 0.398051 0.264392 0.0291715 0.0559071
0 0.315163 0.170641 0.00976887 0.017323
22 0.887021 0.350113 0.0271296 0.0703893
9 0.196576 0.393065 0.0236964 0.0475272
2 0.424158 0.537664 0.0273072 0.0687327
10 0.510189 0.182797 0.0204594 0.0420952
23 0.408686 0.385824 0.0184506 0.0578957
13 0.509642 0.183024 0.020404 0.0428544
5 0.25597 0.227036 0.027239 0.061538
3 0.702626 0.753092 0.0310104 0.0849375
6 0.189271 0.465195 0.0309775 0.0657769
9 0.383533 0.347589 0.0284098 0.0623862
1 0.33034 0.148988 0.0201283 0.0414525
21 0.781778 0.262179 0.0210306 0.0556035
16 0.158916 0.661957 0.0324304 0.0789659
11 0.491393 0.235674 0.0237848 0.0444133
12 0.42043 0.185435 0.0222729 0.0492491
13 0.471836 0.191716 0.0176449 0.0477559
15 0.581649 0.470312 0.0245006 0.0659693
2 0.870359 0.467016 0.0295439 0.0711862
7 0.398051 0.264392 0.0291715 0.0559071
0 0.315163 0.170641 0.00976887 0.017323
22 0.887021 0.350113 0.0271296 0.0703893
9 0.196576 0.393065 0.0236964 0.0475272
2 0.424158 0.537664 0.0273072 0.0687327
10 0.510189 0.182797 0.0204594 0.0420952
23 0.408686 0.385824 0.0184506 0.0578957
13 0.509642 0.183024 0.020404 0.0428544
5 0.25597 0.227036 0.027239 0.061538
3 0.702626 0.753092 0.0310104 0.0849375
6 0.189271 0.465195 0.0309775 0.0657769
9 0.383533 0.347589 0.0284098 0.0623862
1 0.33034 0.148988 0.0201283 0.0414525
21 0.781778 0.262179 0.0210306 0.0556035
16 0.158916 0.661957 0.0324304 0.0789659
11 0.491393 0.235674 0.0237848 0.0444133
12 0.42043 0.185435 0.0222729 0.0492491
13 0.471836 0.191716 0.0176449 0.0477559
15 0.581649 0.470312 0.0245006 0.0659693
2 0.870359 0.467016 0.0295439 0.0711862
7 0.398051 0.264392 0.0291715 0.0559071
0 0.315163 0.170641 0.00976887 0.017323
22 0.887021 0.350113 0.0271296 0.0703893
9 0.196576 0.393065 0.0236964 0.0475272
2 0.424158 0.537664 0.0273072 0.0687327
10 0.510189 0.182797 0.0204594 0.0420952
