5 0.264714 0.230733 0.0272094 0.0577979
23 0.416062 0.382584 0.0190241 0.0561939
1 0.336213 0.159777 0.0182719 0.042716
12 0.414023 0.191925 0.0252178 0.046768
3 0.707734 0.746867 0.0283387 0.0842275
6 0.19681 0.455092 0.02627 0.0605362
11 0.493237 0.243399 0.0188822 0.0441202
21 0.783669 0.26822 0.0230219 0.0548541
9 0.387391 0.348826 0.0244982 0.0603789
13 0.507146 0.190505 0.0232279 0.0448938
15 0.580687 0.468697 0.0245537 0.0621813
2 0.869428 0.469876 0.0292358 0.06949
20 0.561654 0.295654 0.0194545 0.0624081
8 0.187377 0.362193 0.0206172 0.0525202
20 0.784165 0.269657 0.0223422 0.0578207
14 0.618161 0.372455 0.0216888 0.0624844
14 0.561604 0.294869 0.0194607 0.0611121
7 0.393782 0.267797 0.0248606 0.0511369
22 0.162593 0.639844 0.0274543 0.0748551
22 0.888297 0.354984 0.024883 0.0698525
13 0.472716 0.198952 0.0195383 0.0483539
16 0.162482 0.640718 0.0275088 0.0713774
10 0.507082 0.191529 0.0226896 0.044973
9 0.393949 0.268585 0.0255853 0.0544011
5 0.264714 0.230733 0.0272094 0.0577979
23 0.416062 0.382584 0.0190241 0.0561939
1 0.336213 0.159777 0.0182719 0.042716
12 0.414023 0.191925 0.0252178 0.046768
3 0.707734 0.746867 0.0283387 0.0842275
6 0.19681 0.455092 0.02627 0.0605362
11 0.493237 0.243399 0.0188822 0.0441202
21 0.783669 0.26822 0.0230219 0.0548541
9 0.387391 0.348826 0.0244982 0.0603789
13 0.507146 0.190505 0.0232279 0.0448938
15 0.580687 0.468697 0.0245537 0.0621813
2 0.869428 0.469876 0.0292358 0.06949
20 0.561654 0.295654 0.0194545 0.0624081
8 0.187377 0.362193 0.0206172 0.0525202
20 0.784165 0.269657 0.0223422 0.0578207
14 0.618161 0.372455 0.0216888 0.0624844
14 0.561604 0.294869 0.0194607 0.0611121
7 0.393782 0.267797 0.0248606 0.0511369
22 0.162593 0.639844 0.0274543 0.0748551
22 0.888297 0.354984 0.024883 0.0698525
13 0.472716 0.198952 0.0195383 0.0483539
16 0.162482 0.640718 0.0275088 0.0713774
10 0.507082 0.191529 0.0226896 0.044973
9 0.393949 0.268585 0.0255853 0.0544011
5 0.264714 0.230733 0.0272094 0.0577979
23 0.416062 0.382584 0.0190241 0.0561939
1 0.336213 0.159777 0.0182719 0.042716
12 0.414023 0.191925 0.0252178 0.046768
3 0.707734 0.746867 0.0283387 0.0842275
6 0.19681 0.455092 0.02627 0.0605362
11 0.493237 0.243399 0.0188822 0.0441202
21 0.783669 0.26822 0.0230219 0.0548541
9 0.387391 0.348826 0.0244982 0.0603789
13 0.507146 0.190505 0.0232279 0.0448938
15 0.580687 0.468697 0.0245537 0.0621813
2 0.869428 0.469876 0.0292358 0.06949
20 0.561654 0.295654 0.0194545 0.0624081
8 0.187377 0.362193 0.0206172 0.0525202
20 0.784165 0.269657 0.0223422 0.0578207
14 0.618161 0.372455 0.0216888 0.0624844
14 0.561604 0.294869 0.0194607 0.0611121
7 0.393782 0.267797 0.0248606 0.0511369
22 0.162593 0.639844 0.0274543 0.0748551
22 0.888297 0.354984 0.024883 0.0698525
13 0.472716 0.198952 0.0195383 0.0483539
16 0.162482 0.640718 0.0275088 0.0713774
10 0.507082 0.191529 0.0226896 0.044973
9 0.393949 0.268585 0.0255853 0.0544011
5 0.264714 0.230733 0.0272094 0.0577979
23 0.416062 0.382584 0.0190241 0.0561939
1 0.336213 0.159777 0.0182719 0.042716
12 0.414023 0.191925 0.0252178 0.046768
3 0.707734 0.746867 0.0283387 0.0842275
6 0.19681 0.455092 0.02627 0.0605362
11 0.493237 0.243399 0.0188822 0.0441202
21 0.783669 0.26822 0.0230219 0.0548541
9 0.387391 0.348826 0.0244982 0.0603789
13 0.507146 0.190505 0.0232279 0.0448938
15 0.580687 0.468697 0.0245537 0.0621813
2 0.869428 0.469876 0.0292358 0.06949
20 0.561654 0.295654 0.0194545 0.0624081
8 0.187377 0.362193 0.0206172 0.0525202
20 0.784165 0.269657 0.0223422 0.0578207
14 0.618161 0.372455 0.0216888 0.0624844
14 0.561604 0.294869 0.0194607 0.0611121
7 0.393782 0.267797 0.0248606 0.0511369
22 0.162593 0.639844 0.0274543 0.0748551
22 0.888297 0.354984 0.024883 0.0698525
13 0.472716 0.198952 0.0195383 0.0483539
16 0.162482 0.640718 0.0275088 0.0713774
10 0.507082 0.191529 0.0226896 0.044973
9 0.393949 0.268585 0.0255853 0.0544011
