5 0.234576 0.215674 0.0259287 0.0608351
11 0.486543 0.221214 0.0175573 0.0438175
13 0.516518 0.167289 0.0263401 0.0526716
2 0.876534 0.46195 0.030423 0.0742328
3 0.699696 0.771797 0.0296139 0.0860324
1 0.311741 0.12584 0.0225508 0.0512185
15 0.582552 0.473975 0.0227072 0.066606
18 0.150542 0.707797 0.0295151 0.0838021
9 0.170821 0.481673 0.0262045 0.0704922
22 0.893806 0.336585 0.0260677 0.0767492
12 0.430563 0.167943 0.0225266 0.0527616
8 0.186699 0.351115 0.0307426 0.0545001
20 0.523742 0.283317 0.0224238 0.0638389
21 0.783947 0.243986 0.0239499 0.0582234
18 0.435708 0.552714 0.0312881 0.0758516
13 0.470741 0.17502 0.0222164 0.0491229
14 0.602856 0.360514 0.0233119 0.0631117
7 0.41036 0.25688 0.0269942 0.0577409
3 0.150888 0.708499 0.029052 0.0839461
3 0.435483 0.552125 0.0310963 0.0764842
5 0.234576 0.215674 0.0259287 0.0608351
11 0.486543 0.221214 0.0175573 0.0438175
13 0.516518 0.167289 0.0263401 0.0526716
2 0.876534 0.46195 0.030423 0.0742328
3 0.699696 0.771797 0.0296139 0.0860324
1 0.311741 0.12584 0.0225508 0.0512185
15 0.582552 0.473975 0.0227072 0.066606
18 0.150542 0.707797 0.0295151 0.0838021
9 0.170821 0.481673 0.0262045 0.0704922
22 0.893806 0.336585 0.0260677 0.0767492
12 0.430563 0.167943 0.0225266 0.0527616
8 0.186699 0.351115 0.0307426 0.0545001
20 0.523742 0.283317 0.0224238 0.0638389
21 0.783947 0.243986 0.0239499 0.0582234
18 0.435708 0.552714 0.0312881 0.0758516
13 0.470741 0.17502 0.0222164 0.0491229
14 0.602856 0.360514 0.0233119 0.0631117
7 0.41036 0.25688 0.0269942 0.0577409
3 0.150888 0.708499 0.029052 0.0839461
3 0.435483 0.552125 0.0310963 0.0764842
5 0.234576 0.215674 0.0259287 0.0608351
11 0.486543 0.221214 0.0175573 0.0438175
13 0.516518 0.167289 0.0263401 0.0526716
2 0.876534 0.46195 0.030423 0.0742328
3 0.699696 0.771797 0.0296139 0.0860324
1 0.311741 0.12584 0.0225508 0.0512185
15 0.582552 0.473975 0.0227072 0.066606
18 0.150542 0.707797 0.0295151 0.0838021
9 0.170821 0.481673 0.0262045 0.0704922
22 0.893806 0.336585 0.0260677 0.0767492
12 0.430563 0.167943 0.0225266 0.0527616
8 0.186699 0.351115 0.0307426 0.0545001
20 0.523742 0.283317 0.0224238 0.0638389
21 0.783947 0.243986 0.0239499 0.0582234
18 0.435708 0.552714 0.0312881 0.0758516
13 0.470741 0.17502 0.0222164 0.0491229
14 0.602856 0.360514 0.0233119 0.0631117
7 0.41036 0.25688 0.0269942 0.0577409
3 0.150888 0.708499 0.029052 0.0839461
3 0.435483 0.552125 0.0310963 0.0764842
5 0.234576 0.215674 0.0259287 0.0608351
11 0.486543 0.221214 0.0175573 0.0438175
13 0.516518 0.167289 0.0263401 0.0526716
2 0.876534 0.46195 0.030423 0.0742328
3 0.699696 0.771797 0.0296139 0.0860324
1 0.311741 0.12584 0.0225508 0.0512185
15 0.582552 0.473975 0.0227072 0.066606
18 0.150542 0.707797 0.0295151 0.0838021
9 0.170821 0.481673 0.0262045 0.0704922
22 0.893806 0.336585 0.0260677 0.0767492
12 0.430563 0.167943 0.0225266 0.0527616
8 0.186699 0.351115 0.0307426 0.0545001
20 0.523742 0.283317 0.0224238 0.0638389
21 0.783947 0.243986 0.0239499 0.0582234
18 0.435708 0.552714 0.0312881 0.0758516
13 0.470741 0.17502 0.0222164 0.0491229
14 0.602856 0.360514 0.0233119 0.0631117
7 0.41036 0.25688 0.0269942 0.0577409
3 0.150888 0.708499 0.029052 0.0839461
3 0.435483 0.552125 0.0310963 0.0764842
