23 0.484696 0.29534 0.0170609 0.0503319
6 0.185072 0.356023 0.0201474 0.0588966
16 0.132258 0.378496 0.0270866 0.0233917
3 0.749483 0.636407 0.0286324 0.0831217
20 0.732129 0.310171 0.0184324 0.0603286
12 0.27171 0.217019 0.0193479 0.0441445
2 0.849475 0.466102 0.0293791 0.0689557
4 0.140183 0.340248 0.0167654 0.0253053
21 0.86597 0.301714 0.0217379 0.0583038
12 0.349623 0.239484 0.0183927 0.0521266
9 0.321782 0.330993 0.0189224 0.0506202
14 0.68286 0.388253 0.0207343 0.0595386
15 0.418449 0.395459 0.0192145 0.0557851
1 0.349843 0.239375 0.0183824 0.0523194
13 0.520571 0.217055 0.0152765 0.0510201
2 0.317506 0.434834 0.02405 0.0591516
1 0.271533 0.216809 0.0194908 0.0447626
8 0.415019 0.215783 0.013553 0.0469483
23 0.484696 0.29534 0.0170609 0.0503319
6 0.185072 0.356023 0.0201474 0.0588966
16 0.132258 0.378496 0.0270866 0.0233917
3 0.749483 0.636407 0.0286324 0.0831217
20 0.732129 0.310171 0.0184324 0.0603286
12 0.27171 0.217019 0.0193479 0.0441445
2 0.849475 0.466102 0.0293791 0.0689557
4 0.140183 0.340248 0.0167654 0.0253053
21 0.86597 0.301714 0.0217379 0.0583038
12 0.349623 0.239484 0.0183927 0.0521266
9 0.321782 0.330993 0.0189224 0.0506202
14 0.68286 0.388253 0.0207343 0.0595386
15 0.418449 0.395459 0.0192145 0.0557851
1 0.349843 0.239375 0.0183824 0.0523194
13 0.520571 0.217055 0.0152765 0.0510201
2 0.317506 0.434834 0.02405 0.0591516
1 0.271533 0.216809 0.0194908 0.0447626
8 0.415019 0.215783 0.013553 0.0469483
23 0.484696 0.29534 0.0170609 0.0503319
6 0.185072 0.356023 0.0201474 0.0588966
16 0.132258 0.378496 0.0270866 0.0233917
3 0.749483 0.636407 0.0286324 0.0831217
20 0.732129 0.310171 0.0184324 0.0603286
12 0.27171 0.217019 0.0193479 0.0441445
2 0.849475 0.466102 0.0293791 0.0689557
4 0.140183 0.340248 0.0167654 0.0253053
21 0.86597 0.301714 0.0217379 0.0583038
12 0.349623 0.239484 0.0183927 0.0521266
9 0.321782 0.330993 0.0189224 0.0506202
14 0.68286 0.388253 0.0207343 0.0595386
15 0.418449 0.395459 0.0192145 0.0557851
1 0.349843 0.239375 0.0183824 0.0523194
13 0.520571 0.217055 0.0152765 0.0510201
2 0.317506 0.434834 0.02405 0.0591516
1 0.271533 0.216809 0.0194908 0.0447626
8 0.415019 0.215783 0.013553 0.0469483
23 0.484696 0.29534 0.0170609 0.0503319
6 0.185072 0.356023 0.0201474 0.0588966
16 0.132258 0.378496 0.0270866 0.0233917
3 0.749483 0.636407 0.0286324 0.0831217
20 0.732129 0.310171 0.0184324 0.0603286
12 0.27171 0.217019 0.0193479 0.0441445
2 0.849475 0.466102 0.0293791 0.0689557
4 0.140183 0.340248 0.0167654 0.0253053
21 0.86597 0.301714 0.0217379 0.0583038
12 0.349623 0.239484 0.0183927 0.0521266
9 0.321782 0.330993 0.0189224 0.0506202
14 0.68286 0.388253 0.0207343 0.0595386
15 0.418449 0.395459 0.0192145 0.0557851
1 0.349843 0.239375 0.0183824 0.0523194
13 0.520571 0.217055 0.0152765 0.0510201
2 0.317506 0.434834 0.02405 0.0591516
1 0.271533 0.216809 0.0194908 0.0447626
8 0.415019 0.215783 0.013553 0.0469483
