23 0.462623 0.30185 0.016683 0.0478713
1 0.332851 0.23271 0.0176664 0.0472042
12 0.282554 0.193658 0.0151231 0.0366214
3 0.727835 0.65458 0.0258021 0.0841287
16 0.129323 0.388971 0.0189995 0.0482364
4 0.13319 0.315151 0.0218312 0.0408723
2 0.838451 0.462722 0.025309 0.0678056
6 0.171875 0.367719 0.0172815 0.0560533
20 0.698556 0.307515 0.0194344 0.0577949
15 0.431126 0.406367 0.0216209 0.0557158
7 0.305874 0.238276 0.0153813 0.0447371
9 0.323068 0.318649 0.0238121 0.0566344
8 0.247008 0.290711 0.0156951 0.0538491
2 0.831403 0.297446 0.0200559 0.0552903
13 0.470287 0.219354 0.0148916 0.0528965
13 0.413519 0.213054 0.0146751 0.047147
18 0.307624 0.438355 0.0209789 0.065845
5 0.305719 0.237769 0.0153679 0.0456351
20 0.505861 0.26333 0.0168987 0.0510095
23 0.462623 0.30185 0.016683 0.0478713
1 0.332851 0.23271 0.0176664 0.0472042
12 0.282554 0.193658 0.0151231 0.0366214
3 0.727835 0.65458 0.0258021 0.0841287
16 0.129323 0.388971 0.0189995 0.0482364
4 0.13319 0.315151 0.0218312 0.0408723
2 0.838451 0.462722 0.025309 0.0678056
6 0.171875 0.367719 0.0172815 0.0560533
20 0.698556 0.307515 0.0194344 0.0577949
15 0.431126 0.406367 0.0216209 0.0557158
7 0.305874 0.238276 0.0153813 0.0447371
9 0.323068 0.318649 0.0238121 0.0566344
8 0.247008 0.290711 0.0156951 0.0538491
2 0.831403 0.297446 0.0200559 0.0552903
13 0.470287 0.219354 0.0148916 0.0528965
13 0.413519 0.213054 0.0146751 0.047147
18 0.307624 0.438355 0.0209789 0.065845
5 0.305719 0.237769 0.0153679 0.0456351
20 0.505861 0.26333 0.0168987 0.0510095
23 0.462623 0.30185 0.016683 0.0478713
1 0.332851 0.23271 0.0176664 0.0472042
12 0.282554 0.193658 0.0151231 0.0366214
3 0.727835 0.65458 0.0258021 0.0841287
16 0.129323 0.388971 0.0189995 0.0482364
4 0.13319 0.315151 0.0218312 0.0408723
2 0.838451 0.462722 0.025309 0.0678056
6 0.171875 0.367719 0.0172815 0.0560533
20 0.698556 0.307515 0.0194344 0.0577949
15 0.431126 0.406367 0.0216209 0.0557158
7 0.305874 0.238276 0.0153813 0.0447371
9 0.323068 0.318649 0.0238121 0.0566344
8 0.247008 0.290711 0.0156951 0.0538491
2 0.831403 0.297446 0.0200559 0.0552903
13 0.470287 0.219354 0.0148916 0.0528965
13 0.413519 0.213054 0.0146751 0.047147
18 0.307624 0.438355 0.0209789 0.065845
5 0.305719 0.237769 0.0153679 0.0456351
20 0.505861 0.26333 0.0168987 0.0510095
23 0.462623 0.30185 0.016683 0.0478713
1 0.332851 0.23271 0.0176664 0.0472042
12 0.282554 0.193658 0.0151231 0.0366214
3 0.727835 0.65458 0.0258021 0.0841287
16 0.129323 0.388971 0.0189995 0.0482364
4 0.13319 0.315151 0.0218312 0.0408723
2 0.838451 0.462722 0.025309 0.0678056
6 0.171875 0.367719 0.0172815 0.0560533
20 0.698556 0.307515 0.0194344 0.0577949
15 0.431126 0.406367 0.0216209 0.0557158
7 0.305874 0.238276 0.0153813 0.0447371
9 0.323068 0.318649 0.0238121 0.0566344
8 0.247008 0.290711 0.0156951 0.0538491
2 0.831403 0.297446 0.0200559 0.0552903
13 0.470287 0.219354 0.0148916 0.0528965
13 0.413519 0.213054 0.0146751 0.047147
18 0.307624 0.438355 0.0209789 0.065845
5 0.305719 0.237769 0.0153679 0.0456351
20 0.505861 0.26333 0.0168987 0.0510095
