23 0.465463 0.300423 0.0169384 0.0465488
16 0.127432 0.38524 0.0219612 0.0438581
3 0.731116 0.649951 0.0239582 0.0796873
1 0.335358 0.23743 0.0175931 0.046161
4 0.138587 0.317418 0.02435 0.0392042
9 0.320798 0.318219 0.0195708 0.0538968
6 0.170805 0.36496 0.0158239 0.050926
12 0.279307 0.200021 0.0120567 0.0394129
2 0.83697 0.464416 0.0291626 0.0686147
20 0.704792 0.305386 0.0185904 0.0595301
13 0.478541 0.217373 0.0142476 0.0525365
14 0.664665 0.384731 0.0205619 0.060212
8 0.251374 0.294637 0.0182287 0.0515199
18 0.30624 0.437518 0.0221603 0.0660828
21 0.83612 0.297763 0.0211205 0.055628
2 0.836276 0.298867 0.0214958 0.0553433
9 0.277386 0.288804 0.014297 0.0452968
13 0.413257 0.212673 0.0143297 0.0469008
20 0.510931 0.263051 0.0168602 0.0516446
7 0.287831 0.236862 0.0164489 0.0432573
23 0.465463 0.300423 0.0169384 0.0465488
16 0.127432 0.38524 0.0219612 0.0438581
3 0.731116 0.649951 0.0239582 0.0796873
1 0.335358 0.23743 0.0175931 0.046161
4 0.138587 0.317418 0.02435 0.0392042
9 0.320798 0.318219 0.0195708 0.0538968
6 0.170805 0.36496 0.0158239 0.050926
12 0.279307 0.200021 0.0120567 0.0394129
2 0.83697 0.464416 0.0291626 0.0686147
20 0.704792 0.305386 0.0185904 0.0595301
13 0.478541 0.217373 0.0142476 0.0525365
14 0.664665 0.384731 0.0205619 0.060212
8 0.251374 0.294637 0.0182287 0.0515199
18 0.30624 0.437518 0.0221603 0.0660828
21 0.83612 0.297763 0.0211205 0.055628
2 0.836276 0.298867 0.0214958 0.0553433
9 0.277386 0.288804 0.014297 0.0452968
13 0.413257 0.212673 0.0143297 0.0469008
20 0.510931 0.263051 0.0168602 0.0516446
7 0.287831 0.236862 0.0164489 0.0432573
23 0.465463 0.300423 0.0169384 0.0465488
16 0.127432 0.38524 0.0219612 0.0438581
3 0.731116 0.649951 0.0239582 0.0796873
1 0.335358 0.23743 0.0175931 0.046161
4 0.138587 0.317418 0.02435 0.0392042
9 0.320798 0.318219 0.0195708 0.0538968
6 0.170805 0.36496 0.0158239 0.050926
12 0.279307 0.200021 0.0120567 0.0394129
2 0.83697 0.464416 0.0291626 0.0686147
20 0.704792 0.305386 0.0185904 0.0595301
13 0.478541 0.217373 0.0142476 0.0525365
14 0.664665 0.384731 0.0205619 0.060212
8 0.251374 0.294637 0.0182287 0.0515199
18 0.30624 0.437518 0.0221603 0.0660828
21 0.83612 0.297763 0.0211205 0.055628
2 0.836276 0.298867 0.0214958 0.0553433
9 0.277386 0.288804 0.014297 0.0452968
13 0.413257 0.212673 0.0143297 0.0469008
20 0.510931 0.263051 0.0168602 0.0516446
7 0.287831 0.236862 0.0164489 0.0432573
23 0.465463 0.300423 0.0169384 0.0465488
16 0.127432 0.38524 0.0219612 0.0438581
3 0.731116 0.649951 0.0239582 0.0796873
1 0.335358 0.23743 0.0175931 0.046161
4 0.138587 0.317418 0.02435 0.0392042
9 0.320798 0.318219 0.0195708 0.0538968
6 0.170805 0.36496 0.0158239 0.050926
12 0.279307 0.200021 0.0120567 0.0394129
2 0.83697 0.464416 0.0291626 0.0686147
20 0.704792 0.305386 0.0185904 0.0595301
13 0.478541 0.217373 0.0142476 0.0525365
14 0.664665 0.384731 0.0205619 0.060212
8 0.251374 0.294637 0.0182287 0.0515199
18 0.30624 0.437518 0.0221603 0.0660828
21 0.83612 0.297763 0.0211205 0.055628
2 0.836276 0.298867 0.0214958 0.0553433
9 0.277386 0.288804 0.014297 0.0452968
13 0.413257 0.212673 0.0143297 0.0469008
20 0.510931 0.263051 0.0168602 0.0516446
7 0.287831 0.236862 0.0164489 0.0432573
