5 0.227395 0.210893 0.0345779 0.0663708
1 0.297619 0.107604 0.0203056 0.0516054
3 0.691183 0.781493 0.0254808 0.0899967
13 0.522558 0.157523 0.0204504 0.0539764
15 0.587983 0.473267 0.024404 0.0699063
11 0.485704 0.208863 0.0205258 0.0455935
3 0.157947 0.748409 0.0282464 0.0805264
21 0.781745 0.231465 0.0222345 0.0587247
2 0.877641 0.455542 0.0295269 0.0791839
22 0.897769 0.329391 0.0245104 0.0740002
23 0.397043 0.396169 0.0220617 0.0644453
9 0.159552 0.416212 0.0219262 0.0591366
14 0.594921 0.351124 0.022234 0.0666229
12 0.297718 0.107568 0.0217168 0.0514531
18 0.449784 0.558838 0.0309866 0.0761784
18 0.162436 0.500769 0.0324761 0.0750876
6 0.162425 0.502123 0.0317424 0.0754852
5 0.227395 0.210893 0.0345779 0.0663708
1 0.297619 0.107604 0.0203056 0.0516054
3 0.691183 0.781493 0.0254808 0.0899967
13 0.522558 0.157523 0.0204504 0.0539764
15 0.587983 0.473267 0.024404 0.0699063
11 0.485704 0.208863 0.0205258 0.0455935
3 0.157947 0.748409 0.0282464 0.0805264
21 0.781745 0.231465 0.0222345 0.0587247
2 0.877641 0.455542 0.0295269 0.0791839
22 0.897769 0.329391 0.0245104 0.0740002
23 0.397043 0.396169 0.0220617 0.0644453
9 0.159552 0.416212 0.0219262 0.0591366
14 0.594921 0.351124 0.022234 0.0666229
12 0.297718 0.107568 0.0217168 0.0514531
18 0.449784 0.558838 0.0309866 0.0761784
18 0.162436 0.500769 0.0324761 0.0750876
6 0.162425 0.502123 0.0317424 0.0754852
5 0.227395 0.210893 0.0345779 0.0663708
1 0.297619 0.107604 0.0203056 0.0516054
3 0.691183 0.781493 0.0254808 0.0899967
13 0.522558 0.157523 0.0204504 0.0539764
15 0.587983 0.473267 0.024404 0.0699063
11 0.485704 0.208863 0.0205258 0.0455935
3 0.157947 0.748409 0.0282464 0.0805264
21 0.781745 0.231465 0.0222345 0.0587247
2 0.877641 0.455542 0.0295269 0.0791839
22 0.897769 0.329391 0.0245104 0.0740002
23 0.397043 0.396169 0.0220617 0.0644453
9 0.159552 0.416212 0.0219262 0.0591366
14 0.594921 0.351124 0.022234 0.0666229
12 0.297718 0.107568 0.0217168 0.0514531
18 0.449784 0.558838 0.0309866 0.0761784
18 0.162436 0.500769 0.0324761 0.0750876
6 0.162425 0.502123 0.0317424 0.0754852
5 0.227395 0.210893 0.0345779 0.0663708
1 0.297619 0.107604 0.0203056 0.0516054
3 0.691183 0.781493 0.0254808 0.0899967
13 0.522558 0.157523 0.0204504 0.0539764
15 0.587983 0.473267 0.024404 0.0699063
11 0.485704 0.208863 0.0205258 0.0455935
3 0.157947 0.748409 0.0282464 0.0805264
21 0.781745 0.231465 0.0222345 0.0587247
2 0.877641 0.455542 0.0295269 0.0791839
22 0.897769 0.329391 0.0245104 0.0740002
23 0.397043 0.396169 0.0220617 0.0644453
9 0.159552 0.416212 0.0219262 0.0591366
14 0.594921 0.351124 0.022234 0.0666229
12 0.297718 0.107568 0.0217168 0.0514531
18 0.449784 0.558838 0.0309866 0.0761784
18 0.162436 0.500769 0.0324761 0.0750876
6 0.162425 0.502123 0.0317424 0.0754852
