23 0.483416 0.296056 0.0172283 0.0501348
4 0.141537 0.338069 0.0189811 0.0228676
6 0.183936 0.35571 0.0179241 0.0578765
16 0.130505 0.378881 0.027437 0.0247815
12 0.273352 0.217329 0.0158307 0.0438163
20 0.730438 0.310577 0.018929 0.0604478
3 0.749509 0.638625 0.0298625 0.0812869
9 0.322831 0.32963 0.0167893 0.0483587
2 0.850377 0.468125 0.0277761 0.0629172
12 0.349164 0.240413 0.0181415 0.0525133
21 0.865034 0.303053 0.0222187 0.0541037
1 0.349314 0.24015 0.0180565 0.0525067
14 0.682315 0.387433 0.0205996 0.0604056
8 0.414751 0.215622 0.0148033 0.0488838
15 0.418618 0.396206 0.0195805 0.0565374
13 0.517993 0.217089 0.0136718 0.0508818
13 0.415011 0.215533 0.0154821 0.0501087
18 0.316323 0.434751 0.024165 0.0601076
10 0.51784 0.217649 0.014836 0.053386
2 0.864682 0.303358 0.0217361 0.0546507
23 0.483416 0.296056 0.0172283 0.0501348
4 0.141537 0.338069 0.0189811 0.0228676
6 0.183936 0.35571 0.0179241 0.0578765
16 0.130505 0.378881 0.027437 0.0247815
12 0.273352 0.217329 0.0158307 0.0438163
20 0.730438 0.310577 0.018929 0.0604478
3 0.749509 0.638625 0.0298625 0.0812869
9 0.322831 0.32963 0.0167893 0.0483587
2 0.850377 0.468125 0.0277761 0.0629172
12 0.349164 0.240413 0.0181415 0.0525133
21 0.865034 0.303053 0.0222187 0.0541037
1 0.349314 0.24015 0.0180565 0.0525067
14 0.682315 0.387433 0.0205996 0.0604056
8 0.414751 0.215622 0.0148033 0.0488838
15 0.418618 0.396206 0.0195805 0.0565374
13 0.517993 0.217089 0.0136718 0.0508818
13 0.415011 0.215533 0.0154821 0.0501087
18 0.316323 0.434751 0.024165 0.0601076
10 0.51784 0.217649 0.014836 0.053386
2 0.864682 0.303358 0.0217361 0.0546507
23 0.483416 0.296056 0.0172283 0.0501348
4 0.141537 0.338069 0.0189811 0.0228676
6 0.183936 0.35571 0.0179241 0.0578765
16 0.130505 0.378881 0.027437 0.0247815
12 0.273352 0.217329 0.0158307 0.0438163
20 0.730438 0.310577 0.018929 0.0604478
3 0.749509 0.638625 0.0298625 0.0812869
9 0.322831 0.32963 0.0167893 0.0483587
2 0.850377 0.468125 0.0277761 0.0629172
12 0.349164 0.240413 0.0181415 0.0525133
21 0.865034 0.303053 0.0222187 0.0541037
1 0.349314 0.24015 0.0180565 0.0525067
14 0.682315 0.387433 0.0205996 0.0604056
8 0.414751 0.215622 0.0148033 0.0488838
15 0.418618 0.396206 0.0195805 0.0565374
13 0.517993 0.217089 0.0136718 0.0508818
13 0.415011 0.215533 0.0154821 0.0501087
18 0.316323 0.434751 0.024165 0.0601076
10 0.51784 0.217649 0.014836 0.053386
2 0.864682 0.303358 0.0217361 0.0546507
23 0.483416 0.296056 0.0172283 0.0501348
4 0.141537 0.338069 0.0189811 0.0228676
6 0.183936 0.35571 0.0179241 0.0578765
16 0.130505 0.378881 0.027437 0.0247815
12 0.273352 0.217329 0.0158307 0.0438163
20 0.730438 0.310577 0.018929 0.0604478
3 0.749509 0.638625 0.0298625 0.0812869
9 0.322831 0.32963 0.0167893 0.0483587
2 0.850377 0.468125 0.0277761 0.0629172
12 0.349164 0.240413 0.0181415 0.0525133
21 0.865034 0.303053 0.0222187 0.0541037
1 0.349314 0.24015 0.0180565 0.0525067
14 0.682315 0.387433 0.0205996 0.0604056
8 0.414751 0.215622 0.0148033 0.0488838
15 0.418618 0.396206 0.0195805 0.0565374
13 0.517993 0.217089 0.0136718 0.0508818
13 0.415011 0.215533 0.0154821 0.0501087
18 0.316323 0.434751 0.024165 0.0601076
10 0.51784 0.217649 0.014836 0.053386
2 0.864682 0.303358 0.0217361 0.0546507
