5 0.232045 0.210855 0.0304229 0.0656702
1 0.307735 0.120842 0.0219927 0.0513968
3 0.700252 0.779076 0.0327676 0.0839834
9 0.166857 0.487376 0.0336031 0.0721237
12 0.433309 0.162741 0.0265535 0.0467908
15 0.584484 0.474909 0.023666 0.0736569
2 0.876768 0.460418 0.0293289 0.0744924
7 0.415739 0.25211 0.027715 0.06136
13 0.518993 0.162837 0.025493 0.0537155
13 0.471316 0.16963 0.0232344 0.0513131
11 0.48775 0.21406 0.0216557 0.0446941
20 0.514658 0.279271 0.0210621 0.0655633
23 0.396399 0.389782 0.0186824 0.059854
18 0.151297 0.726007 0.0342263 0.0882896
16 0.151272 0.725239 0.0341367 0.0881582
18 0.439614 0.55433 0.0305166 0.0719744
10 0.471315 0.169912 0.0232016 0.0509094
9 0.515208 0.279859 0.0200787 0.0664971
22 0.897372 0.332358 0.0269074 0.0758849
2 0.439373 0.555057 0.0313599 0.0714091
5 0.232045 0.210855 0.0304229 0.0656702
1 0.307735 0.120842 0.0219927 0.0513968
3 0.700252 0.779076 0.0327676 0.0839834
9 0.166857 0.487376 0.0336031 0.0721237
12 0.433309 0.162741 0.0265535 0.0467908
15 0.584484 0.474909 0.023666 0.0736569
2 0.876768 0.460418 0.0293289 0.0744924
7 0.415739 0.25211 0.027715 0.06136
13 0.518993 0.162837 0.025493 0.0537155
13 0.471316 0.16963 0.0232344 0.0513131
11 0.48775 0.21406 0.0216557 0.0446941
20 0.514658 0.279271 0.0210621 0.0655633
23 0.396399 0.389782 0.0186824 0.059854
18 0.151297 0.726007 0.0342263 0.0882896
16 0.151272 0.725239 0.0341367 0.0881582
18 0.439614 0.55433 0.0305166 0.0719744
10 0.471315 0.169912 0.0232016 0.0509094
9 0.515208 0.279859 0.0200787 0.0664971
22 0.897372 0.332358 0.0269074 0.0758849
2 0.439373 0.555057 0.0313599 0.0714091
5 0.232045 0.210855 0.0304229 0.0656702
1 0.307735 0.120842 0.0219927 0.0513968
3 0.700252 0.779076 0.0327676 0.0839834
9 0.166857 0.487376 0.0336031 0.0721237
12 0.433309 0.162741 0.0265535 0.0467908
15 0.584484 0.474909 0.023666 0.0736569
2 0.876768 0.460418 0.0293289 0.0744924
7 0.415739 0.25211 0.027715 0.06136
13 0.518993 0.162837 0.025493 0.0537155
13 0.471316 0.16963 0.0232344 0.0513131
11 0.48775 0.21406 0.0216557 0.0446941
20 0.514658 0.279271 0.0210621 0.0655633
23 0.396399 0.389782 0.0186824 0.059854
18 0.151297 0.726007 0.0342263 0.0882896
16 0.151272 0.725239 0.0341367 0.0881582
18 0.439614 0.55433 0.0305166 0.0719744
10 0.471315 0.169912 0.0232016 0.0509094
9 0.515208 0.279859 0.0200787 0.0664971
22 0.897372 0.332358 0.0269074 0.0758849
2 0.439373 0.555057 0.0313599 0.0714091
5 0.232045 0.210855 0.0304229 0.0656702
1 0.307735 0.120842 0.0219927 0.0513968
3 0.700252 0.779076 0.0327676 0.0839834
9 0.166857 0.487376 0.0336031 0.0721237
12 0.433309 0.162741 0.0265535 0.0467908
15 0.584484 0.474909 0.023666 0.0736569
2 0.876768 0.460418 0.0293289 0.0744924
7 0.415739 0.25211 0.027715 0.06136
13 0.518993 0.162837 0.025493 0.0537155
13 0.471316 0.16963 0.0232344 0.0513131
11 0.48775 0.21406 0.0216557 0.0446941
20 0.514658 0.279271 0.0210621 0.0655633
23 0.396399 0.389782 0.0186824 0.059854
18 0.151297 0.726007 0.0342263 0.0882896
16 0.151272 0.725239 0.0341367 0.0881582
18 0.439614 0.55433 0.0305166 0.0719744
10 0.471315 0.169912 0.0232016 0.0509094
9 0.515208 0.279859 0.0200787 0.0664971
22 0.897372 0.332358 0.0269074 0.0758849
2 0.439373 0.555057 0.0313599 0.0714091
