23 0.482124 0.295273 0.0174024 0.0508375
4 0.14022 0.33819 0.0236037 0.0242277
6 0.182838 0.355093 0.0177388 0.0587689
3 0.748903 0.639833 0.028168 0.0797607
16 0.12877 0.378196 0.0251272 0.0246078
12 0.273476 0.216954 0.0148342 0.0429671
9 0.322932 0.329446 0.016255 0.0501861
2 0.850769 0.467644 0.0275101 0.0619707
20 0.729117 0.310622 0.0190479 0.0614184
21 0.863389 0.302483 0.0221821 0.0539942
15 0.418461 0.397317 0.0194924 0.0593757
12 0.348463 0.241155 0.0173804 0.052503
8 0.414244 0.215534 0.01619 0.0509429
15 0.681769 0.388607 0.0198118 0.0613885
10 0.515928 0.216597 0.0143503 0.0533309
13 0.515837 0.216104 0.0139641 0.0513985
13 0.41443 0.215497 0.0166252 0.0516899
18 0.315583 0.43451 0.0243572 0.0594942
23 0.482124 0.295273 0.0174024 0.0508375
4 0.14022 0.33819 0.0236037 0.0242277
6 0.182838 0.355093 0.0177388 0.0587689
3 0.748903 0.639833 0.028168 0.0797607
16 0.12877 0.378196 0.0251272 0.0246078
12 0.273476 0.216954 0.0148342 0.0429671
9 0.322932 0.329446 0.016255 0.0501861
2 0.850769 0.467644 0.0275101 0.0619707
20 0.729117 0.310622 0.0190479 0.0614184
21 0.863389 0.302483 0.0221821 0.0539942
15 0.418461 0.397317 0.0194924 0.0593757
12 0.348463 0.241155 0.0173804 0.052503
8 0.414244 0.215534 0.01619 0.0509429
15 0.681769 0.388607 0.0198118 0.0613885
10 0.515928 0.216597 0.0143503 0.0533309
13 0.515837 0.216104 0.0139641 0.0513985
13 0.41443 0.215497 0.0166252 0.0516899
18 0.315583 0.43451 0.0243572 0.0594942
23 0.482124 0.295273 0.0174024 0.0508375
4 0.14022 0.33819 0.0236037 0.0242277
6 0.182838 0.355093 0.0177388 0.0587689
3 0.748903 0.639833 0.028168 0.0797607
16 0.12877 0.378196 0.0251272 0.0246078
12 0.273476 0.216954 0.0148342 0.0429671
9 0.322932 0.329446 0.016255 0.0501861
2 0.850769 0.467644 0.0275101 0.0619707
20 0.729117 0.310622 0.0190479 0.0614184
21 0.863389 0.302483 0.0221821 0.0539942
15 0.418461 0.397317 0.0194924 0.0593757
12 0.348463 0.241155 0.0173804 0.052503
8 0.414244 0.215534 0.01619 0.0509429
15 0.681769 0.388607 0.0198118 0.0613885
10 0.515928 0.216597 0.0143503 0.0533309
13 0.515837 0.216104 0.0139641 0.0513985
13 0.41443 0.215497 0.0166252 0.0516899
18 0.315583 0.43451 0.0243572 0.0594942
23 0.482124 0.295273 0.0174024 0.0508375
4 0.14022 0.33819 0.0236037 0.0242277
6 0.182838 0.355093 0.0177388 0.0587689
3 0.748903 0.639833 0.028168 0.0797607
16 0.12877 0.378196 0.0251272 0.0246078
12 0.273476 0.216954 0.0148342 0.0429671
9 0.322932 0.329446 0.016255 0.0501861
2 0.850769 0.467644 0.0275101 0.0619707
20 0.729117 0.310622 0.0190479 0.0614184
21 0.863389 0.302483 0.0221821 0.0539942
15 0.418461 0.397317 0.0194924 0.0593757
12 0.348463 0.241155 0.0173804 0.052503
8 0.414244 0.215534 0.01619 0.0509429
15 0.681769 0.388607 0.0198118 0.0613885
10 0.515928 0.216597 0.0143503 0.0533309
13 0.515837 0.216104 0.0139641 0.0513985
13 0.41443 0.215497 0.0166252 0.0516899
18 0.315583 0.43451 0.0243572 0.0594942
