5 0.264108 0.230107 0.0273121 0.0578771
23 0.415516 0.382517 0.0208996 0.057874
1 0.335392 0.158553 0.0201892 0.0425057
6 0.195194 0.459876 0.0261831 0.0664637
12 0.415042 0.190823 0.0224201 0.0476733
9 0.386164 0.347799 0.0270974 0.0597716
11 0.492568 0.242358 0.0183947 0.0429384
21 0.783958 0.266038 0.0241138 0.0550501
13 0.508399 0.189175 0.0228308 0.0465263
15 0.580032 0.469984 0.0229939 0.0628767
3 0.705932 0.747831 0.0308889 0.0840419
8 0.186778 0.3636 0.0220658 0.0594829
0 0.322004 0.176285 0.00940752 0.0190093
2 0.870226 0.469429 0.0286972 0.0720258
13 0.472905 0.19725 0.0215935 0.0495177
7 0.393927 0.267456 0.0263182 0.0504515
20 0.559928 0.295719 0.0193487 0.0613732
14 0.617162 0.371868 0.021393 0.0621285
10 0.508603 0.189811 0.0226107 0.0467261
14 0.559827 0.294931 0.0197891 0.0604674
22 0.88816 0.353716 0.0236061 0.0713077
9 0.39438 0.268123 0.0280526 0.0539127
16 0.162505 0.643459 0.0287359 0.0725104
18 0.419198 0.529607 0.0283012 0.0652375
5 0.264108 0.230107 0.0273121 0.0578771
23 0.415516 0.382517 0.0208996 0.057874
1 0.335392 0.158553 0.0201892 0.0425057
6 0.195194 0.459876 0.0261831 0.0664637
12 0.415042 0.190823 0.0224201 0.0476733
9 0.386164 0.347799 0.0270974 0.0597716
11 0.492568 0.242358 0.0183947 0.0429384
21 0.783958 0.266038 0.0241138 0.0550501
13 0.508399 0.189175 0.0228308 0.0465263
15 0.580032 0.469984 0.0229939 0.0628767
3 0.705932 0.747831 0.0308889 0.0840419
8 0.186778 0.3636 0.0220658 0.0594829
0 0.322004 0.176285 0.00940752 0.0190093
2 0.870226 0.469429 0.0286972 0.0720258
13 0.472905 0.19725 0.0215935 0.0495177
7 0.393927 0.267456 0.0263182 0.0504515
20 0.559928 0.295719 0.0193487 0.0613732
14 0.617162 0.371868 0.021393 0.0621285
10 0.508603 0.189811 0.0226107 0.0467261
14 0.559827 0.294931 0.0197891 0.0604674
22 0.88816 0.353716 0.0236061 0.0713077
9 0.39438 0.268123 0.0280526 0.0539127
16 0.162505 0.643459 0.0287359 0.0725104
18 0.419198 0.529607 0.0283012 0.0652375
5 0.264108 0.230107 0.0273121 0.0578771
23 0.415516 0.382517 0.0208996 0.057874
1 0.335392 0.158553 0.0201892 0.0425057
6 0.195194 0.459876 0.0261831 0.0664637
12 0.415042 0.190823 0.0224201 0.0476733
9 0.386164 0.347799 0.0270974 0.0597716
11 0.492568 0.242358 0.0183947 0.0429384
21 0.783958 0.266038 0.0241138 0.0550501
13 0.508399 0.189175 0.0228308 0.0465263
15 0.580032 0.469984 0.0229939 0.0628767
3 0.705932 0.747831 0.0308889 0.0840419
8 0.186778 0.3636 0.0220658 0.0594829
0 0.322004 0.176285 0.00940752 0.0190093
2 0.870226 0.469429 0.0286972 0.0720258
13 0.472905 0.19725 0.0215935 0.0495177
7 0.393927 0.267456 0.0263182 0.0504515
20 0.559928 0.295719 0.0193487 0.0613732
14 0.617162 0.371868 0.021393 0.0621285
10 0.508603 0.189811 0.0226107 0.0467261
14 0.559827 0.294931 0.0197891 0.0604674
22 0.88816 0.353716 0.0236061 0.0713077
9 0.39438 0.268123 0.0280526 0.0539127
16 0.162505 0.643459 0.0287359 0.0725104
18 0.419198 0.529607 0.0283012 0.0652375
5 0.264108 0.230107 0.0273121 0.0578771
23 0.415516 0.382517 0.0208996 0.057874
1 0.335392 0.158553 0.0201892 0.0425057
6 0.195194 0.459876 0.0261831 0.0664637
12 0.415042 0.190823 0.0224201 0.0476733
9 0.386164 0.347799 0.0270974 0.0597716
11 0.492568 0.242358 0.0183947 0.0429384
21 0.783958 0.266038 0.0241138 0.0550501
13 0.508399 0.189175 0.0228308 0.0465263
15 0.580032 0.469984 0.0229939 0.0628767
3 0.705932 0.747831 0.0308889 0.0840419
8 0.186778 0.3636 0.0220658 0.0594829
0 0.322004 0.176285 0.00940752 0.0190093
2 0.870226 0.469429 0.0286972 0.0720258
13 0.472905 0.19725 0.0215935 0.0495177
7 0.393927 0.267456 0.0263182 0.0504515
20 0.559928 0.295719 0.0193487 0.0613732
14 0.617162 0.371868 0.021393 0.0621285
10 0.508603 0.189811 0.0226107 0.0467261
14 0.559827 0.294931 0.0197891 0.0604674
22 0.88816 0.353716 0.0236061 0.0713077
9 0.39438 0.268123 0.0280526 0.0539127
16 0.162505 0.643459 0.0287359 0.0725104
18 0.419198 0.529607 0.0283012 0.0652375
