6 0.206401 0.447957 0.027831 0.054068
1 0.346313 0.169549 0.0167784 0.0419733
12 0.411337 0.197753 0.0195589 0.0473802
3 0.71221 0.73726 0.0242346 0.0826236
9 0.393084 0.348383 0.0271619 0.0591636
21 0.79067 0.276786 0.021505 0.0564382
16 0.171976 0.614539 0.0287027 0.0725133
5 0.280775 0.237951 0.0277706 0.055688
11 0.497496 0.251666 0.0203173 0.0436154
2 0.871076 0.471278 0.0273992 0.0685287
15 0.581327 0.467582 0.0263381 0.0610436
23 0.426626 0.377972 0.0216748 0.0566448
18 0.415906 0.519818 0.0268799 0.0637285
20 0.7901 0.276935 0.0216897 0.0560791
8 0.193716 0.367165 0.0171756 0.0591485
13 0.507816 0.196576 0.020591 0.0466065
22 0.892929 0.361137 0.0247902 0.0703702
20 0.580079 0.298926 0.0200581 0.0616052
6 0.207757 0.441842 0.0242318 0.0478795
8 0.21063 0.393708 0.0211618 0.0542153
17 0.210772 0.3938 0.0223043 0.0526916
10 0.508039 0.195535 0.0205407 0.0451804
7 0.390413 0.267783 0.0227552 0.05112
17 0.193777 0.367786 0.0165313 0.0591892
13 0.477041 0.206993 0.0206517 0.0472194
6 0.206401 0.447957 0.027831 0.054068
1 0.346313 0.169549 0.0167784 0.0419733
12 0.411337 0.197753 0.0195589 0.0473802
3 0.71221 0.73726 0.0242346 0.0826236
9 0.393084 0.348383 0.0271619 0.0591636
21 0.79067 0.276786 0.021505 0.0564382
16 0.171976 0.614539 0.0287027 0.0725133
5 0.280775 0.237951 0.0277706 0.055688
11 0.497496 0.251666 0.0203173 0.0436154
2 0.871076 0.471278 0.0273992 0.0685287
15 0.581327 0.467582 0.0263381 0.0610436
23 0.426626 0.377972 0.0216748 0.0566448
18 0.415906 0.519818 0.0268799 0.0637285
20 0.7901 0.276935 0.0216897 0.0560791
8 0.193716 0.367165 0.0171756 0.0591485
13 0.507816 0.196576 0.020591 0.0466065
22 0.892929 0.361137 0.0247902 0.0703702
20 0.580079 0.298926 0.0200581 0.0616052
6 0.207757 0.441842 0.0242318 0.0478795
8 0.21063 0.393708 0.0211618 0.0542153
17 0.210772 0.3938 0.0223043 0.0526916
10 0.508039 0.195535 0.0205407 0.0451804
7 0.390413 0.267783 0.0227552 0.05112
17 0.193777 0.367786 0.0165313 0.0591892
13 0.477041 0.206993 0.0206517 0.0472194
6 0.206401 0.447957 0.027831 0.054068
1 0.346313 0.169549 0.0167784 0.0419733
12 0.411337 0.197753 0.0195589 0.0473802
3 0.71221 0.73726 0.0242346 0.0826236
9 0.393084 0.348383 0.0271619 0.0591636
21 0.79067 0.276786 0.021505 0.0564382
16 0.171976 0.614539 0.0287027 0.0725133
5 0.280775 0.237951 0.0277706 0.055688
11 0.497496 0.251666 0.0203173 0.0436154
2 0.871076 0.471278 0.0273992 0.0685287
15 0.581327 0.467582 0.0263381 0.0610436
23 0.426626 0.377972 0.0216748 0.0566448
18 0.415906 0.519818 0.0268799 0.0637285
20 0.7901 0.276935 0.0216897 0.0560791
8 0.193716 0.367165 0.0171756 0.0591485
13 0.507816 0.196576 0.020591 0.0466065
22 0.892929 0.361137 0.0247902 0.0703702
20 0.580079 0.298926 0.0200581 0.0616052
6 0.207757 0.441842 0.0242318 0.0478795
8 0.21063 0.393708 0.0211618 0.0542153
17 0.210772 0.3938 0.0223043 0.0526916
10 0.508039 0.195535 0.0205407 0.0451804
7 0.390413 0.267783 0.0227552 0.05112
17 0.193777 0.367786 0.0165313 0.0591892
13 0.477041 0.206993 0.0206517 0.0472194
6 0.206401 0.447957 0.027831 0.054068
1 0.346313 0.169549 0.0167784 0.0419733
12 0.411337 0.197753 0.0195589 0.0473802
3 0.71221 0.73726 0.0242346 0.0826236
9 0.393084 0.348383 0.0271619 0.0591636
21 0.79067 0.276786 0.021505 0.0564382
16 0.171976 0.614539 0.0287027 0.0725133
5 0.280775 0.237951 0.0277706 0.055688
11 0.497496 0.251666 0.0203173 0.0436154
2 0.871076 0.471278 0.0273992 0.0685287
15 0.581327 0.467582 0.0263381 0.0610436
23 0.426626 0.377972 0.0216748 0.0566448
18 0.415906 0.519818 0.0268799 0.0637285
20 0.7901 0.276935 0.0216897 0.0560791
8 0.193716 0.367165 0.0171756 0.0591485
13 0.507816 0.196576 0.020591 0.0466065
22 0.892929 0.361137 0.0247902 0.0703702
20 0.580079 0.298926 0.0200581 0.0616052
6 0.207757 0.441842 0.0242318 0.0478795
8 0.21063 0.393708 0.0211618 0.0542153
17 0.210772 0.3938 0.0223043 0.0526916
10 0.508039 0.195535 0.0205407 0.0451804
7 0.390413 0.267783 0.0227552 0.05112
17 0.193777 0.367786 0.0165313 0.0591892
13 0.477041 0.206993 0.0206517 0.0472194
