5 0.316133 0.250185 0.0292334 0.0563587
6 0.230503 0.422221 0.0206567 0.0507745
23 0.45633 0.374086 0.0218416 0.0564618
12 0.410668 0.213215 0.0183455 0.0432142
3 0.729987 0.719899 0.0236322 0.0789802
1 0.370195 0.19693 0.0187034 0.0459089
9 0.40723 0.347594 0.0274294 0.059854
20 0.627696 0.309264 0.0191263 0.0570468
9 0.392539 0.272167 0.022499 0.0481034
13 0.510541 0.212904 0.0158187 0.0427729
11 0.51146 0.26675 0.0177258 0.0448197
21 0.80873 0.295022 0.0235971 0.0566056
2 0.875556 0.478665 0.0255775 0.0709895
10 0.488861 0.220193 0.0161285 0.0459201
18 0.41284 0.501885 0.0293736 0.0643624
14 0.655932 0.385709 0.0194019 0.0577369
13 0.489514 0.219367 0.0156277 0.0473328
22 0.913393 0.376656 0.0216293 0.06647
16 0.197373 0.559566 0.0242444 0.0628437
20 0.913354 0.376649 0.0222851 0.0679799
17 0.245288 0.365581 0.0188264 0.0501919
5 0.316133 0.250185 0.0292334 0.0563587
6 0.230503 0.422221 0.0206567 0.0507745
23 0.45633 0.374086 0.0218416 0.0564618
12 0.410668 0.213215 0.0183455 0.0432142
3 0.729987 0.719899 0.0236322 0.0789802
1 0.370195 0.19693 0.0187034 0.0459089
9 0.40723 0.347594 0.0274294 0.059854
20 0.627696 0.309264 0.0191263 0.0570468
9 0.392539 0.272167 0.022499 0.0481034
13 0.510541 0.212904 0.0158187 0.0427729
11 0.51146 0.26675 0.0177258 0.0448197
21 0.80873 0.295022 0.0235971 0.0566056
2 0.875556 0.478665 0.0255775 0.0709895
10 0.488861 0.220193 0.0161285 0.0459201
18 0.41284 0.501885 0.0293736 0.0643624
14 0.655932 0.385709 0.0194019 0.0577369
13 0.489514 0.219367 0.0156277 0.0473328
22 0.913393 0.376656 0.0216293 0.06647
16 0.197373 0.559566 0.0242444 0.0628437
20 0.913354 0.376649 0.0222851 0.0679799
17 0.245288 0.365581 0.0188264 0.0501919
5 0.316133 0.250185 0.0292334 0.0563587
6 0.230503 0.422221 0.0206567 0.0507745
23 0.45633 0.374086 0.0218416 0.0564618
12 0.410668 0.213215 0.0183455 0.0432142
3 0.729987 0.719899 0.0236322 0.0789802
1 0.370195 0.19693 0.0187034 0.0459089
9 0.40723 0.347594 0.0274294 0.059854
20 0.627696 0.309264 0.0191263 0.0570468
9 0.392539 0.272167 0.022499 0.0481034
13 0.510541 0.212904 0.0158187 0.0427729
11 0.51146 0.26675 0.0177258 0.0448197
21 0.80873 0.295022 0.0235971 0.0566056
2 0.875556 0.478665 0.0255775 0.0709895
10 0.488861 0.220193 0.0161285 0.0459201
18 0.41284 0.501885 0.0293736 0.0643624
14 0.655932 0.385709 0.0194019 0.0577369
13 0.489514 0.219367 0.0156277 0.0473328
22 0.913393 0.376656 0.0216293 0.06647
16 0.197373 0.559566 0.0242444 0.0628437
20 0.913354 0.376649 0.0222851 0.0679799
17 0.245288 0.365581 0.0188264 0.0501919
5 0.316133 0.250185 0.0292334 0.0563587
6 0.230503 0.422221 0.0206567 0.0507745
23 0.45633 0.374086 0.0218416 0.0564618
12 0.410668 0.213215 0.0183455 0.0432142
3 0.729987 0.719899 0.0236322 0.0789802
1 0.370195 0.19693 0.0187034 0.0459089
9 0.40723 0.347594 0.0274294 0.059854
20 0.627696 0.309264 0.0191263 0.0570468
9 0.392539 0.272167 0.022499 0.0481034
13 0.510541 0.212904 0.0158187 0.0427729
11 0.51146 0.26675 0.0177258 0.0448197
21 0.80873 0.295022 0.0235971 0.0566056
2 0.875556 0.478665 0.0255775 0.0709895
10 0.488861 0.220193 0.0161285 0.0459201
18 0.41284 0.501885 0.0293736 0.0643624
14 0.655932 0.385709 0.0194019 0.0577369
13 0.489514 0.219367 0.0156277 0.0473328
22 0.913393 0.376656 0.0216293 0.06647
16 0.197373 0.559566 0.0242444 0.0628437
20 0.913354 0.376649 0.0222851 0.0679799
17 0.245288 0.365581 0.0188264 0.0501919
