3 0.737593 0.678854 0.025769 0.0816919
16 0.183779 0.451639 0.0241729 0.0575546
23 0.472586 0.328739 0.017264 0.0561808
4 0.0913595 0.316903 0.0183437 0.052601
5 0.307806 0.243686 0.024581 0.0458768
2 0.866195 0.47088 0.0285027 0.0664752
18 0.361266 0.460484 0.0268122 0.0648603
20 0.682108 0.305602 0.0198877 0.058247
15 0.504619 0.432473 0.0216102 0.0636351
6 0.21468 0.376741 0.0224182 0.0516727
9 0.373085 0.326078 0.0224476 0.0589632
12 0.346865 0.194741 0.013849 0.0332814
11 0.471584 0.229734 0.0161018 0.0400921
2 0.828994 0.302678 0.0201611 0.0601434
8 0.246917 0.310987 0.0171067 0.0427738
3 0.737593 0.678854 0.025769 0.0816919
16 0.183779 0.451639 0.0241729 0.0575546
23 0.472586 0.328739 0.017264 0.0561808
4 0.0913595 0.316903 0.0183437 0.052601
5 0.307806 0.243686 0.024581 0.0458768
2 0.866195 0.47088 0.0285027 0.0664752
18 0.361266 0.460484 0.0268122 0.0648603
20 0.682108 0.305602 0.0198877 0.058247
15 0.504619 0.432473 0.0216102 0.0636351
6 0.21468 0.376741 0.0224182 0.0516727
9 0.373085 0.326078 0.0224476 0.0589632
12 0.346865 0.194741 0.013849 0.0332814
11 0.471584 0.229734 0.0161018 0.0400921
2 0.828994 0.302678 0.0201611 0.0601434
8 0.246917 0.310987 0.0171067 0.0427738
3 0.737593 0.678854 0.025769 0.0816919
16 0.183779 0.451639 0.0241729 0.0575546
23 0.472586 0.328739 0.017264 0.0561808
4 0.0913595 0.316903 0.0183437 0.052601
5 0.307806 0.243686 0.024581 0.0458768
2 0.866195 0.47088 0.0285027 0.0664752
18 0.361266 0.460484 0.0268122 0.0648603
20 0.682108 0.305602 0.0198877 0.058247
15 0.504619 0.432473 0.0216102 0.0636351
6 0.21468 0.376741 0.0224182 0.0516727
9 0.373085 0.326078 0.0224476 0.0589632
12 0.346865 0.194741 0.013849 0.0332814
11 0.471584 0.229734 0.0161018 0.0400921
2 0.828994 0.302678 0.0201611 0.0601434
8 0.246917 0.310987 0.0171067 0.0427738
3 0.737593 0.678854 0.025769 0.0816919
16 0.183779 0.451639 0.0241729 0.0575546
23 0.472586 0.328739 0.017264 0.0561808
4 0.0913595 0.316903 0.0183437 0.052601
5 0.307806 0.243686 0.024581 0.0458768
2 0.866195 0.47088 0.0285027 0.0664752
18 0.361266 0.460484 0.0268122 0.0648603
20 0.682108 0.305602 0.0198877 0.058247
15 0.504619 0.432473 0.0216102 0.0636351
6 0.21468 0.376741 0.0224182 0.0516727
9 0.373085 0.326078 0.0224476 0.0589632
12 0.346865 0.194741 0.013849 0.0332814
11 0.471584 0.229734 0.0161018 0.0400921
2 0.828994 0.302678 0.0201611 0.0601434
8 0.246917 0.310987 0.0171067 0.0427738
