3 0.726387 0.725653 0.0268611 0.08194
16 0.188575 0.582053 0.0273733 0.066873
6 0.225252 0.435262 0.0253422 0.0522283
1 0.365507 0.188597 0.0193076 0.0467467
11 0.507645 0.2595 0.0170476 0.0443675
12 0.412922 0.20668 0.0224669 0.0414327
9 0.404803 0.347724 0.0278384 0.0582721
23 0.445831 0.375409 0.0185469 0.05564
5 0.30408 0.244969 0.0219153 0.0526296
2 0.877637 0.475429 0.0288609 0.0649185
10 0.487813 0.21337 0.019373 0.0486078
17 0.232281 0.380145 0.0191803 0.0525555
7 0.394354 0.269124 0.022815 0.0467886
20 0.612623 0.306484 0.0194086 0.0601953
13 0.511997 0.204854 0.0167529 0.0442423
22 0.908767 0.371458 0.0250399 0.0712292
13 0.48785 0.213487 0.0189577 0.0494195
15 0.582455 0.468303 0.0252551 0.0605604
21 0.804945 0.289764 0.0210021 0.0561703
9 0.39412 0.270405 0.0232712 0.0485089
18 0.418201 0.507315 0.029257 0.0652501
8 0.208148 0.369591 0.0198192 0.0623257
3 0.726387 0.725653 0.0268611 0.08194
16 0.188575 0.582053 0.0273733 0.066873
6 0.225252 0.435262 0.0253422 0.0522283
1 0.365507 0.188597 0.0193076 0.0467467
11 0.507645 0.2595 0.0170476 0.0443675
12 0.412922 0.20668 0.0224669 0.0414327
9 0.404803 0.347724 0.0278384 0.0582721
23 0.445831 0.375409 0.0185469 0.05564
5 0.30408 0.244969 0.0219153 0.0526296
2 0.877637 0.475429 0.0288609 0.0649185
10 0.487813 0.21337 0.019373 0.0486078
17 0.232281 0.380145 0.0191803 0.0525555
7 0.394354 0.269124 0.022815 0.0467886
20 0.612623 0.306484 0.0194086 0.0601953
13 0.511997 0.204854 0.0167529 0.0442423
22 0.908767 0.371458 0.0250399 0.0712292
13 0.48785 0.213487 0.0189577 0.0494195
15 0.582455 0.468303 0.0252551 0.0605604
21 0.804945 0.289764 0.0210021 0.0561703
9 0.39412 0.270405 0.0232712 0.0485089
18 0.418201 0.507315 0.029257 0.0652501
8 0.208148 0.369591 0.0198192 0.0623257
3 0.726387 0.725653 0.0268611 0.08194
16 0.188575 0.582053 0.0273733 0.066873
6 0.225252 0.435262 0.0253422 0.0522283
1 0.365507 0.188597 0.0193076 0.0467467
11 0.507645 0.2595 0.0170476 0.0443675
12 0.412922 0.20668 0.0224669 0.0414327
9 0.404803 0.347724 0.0278384 0.0582721
23 0.445831 0.375409 0.0185469 0.05564
5 0.30408 0.244969 0.0219153 0.0526296
2 0.877637 0.475429 0.0288609 0.0649185
10 0.487813 0.21337 0.019373 0.0486078
17 0.232281 0.380145 0.0191803 0.0525555
7 0.394354 0.269124 0.022815 0.0467886
20 0.612623 0.306484 0.0194086 0.0601953
13 0.511997 0.204854 0.0167529 0.0442423
22 0.908767 0.371458 0.0250399 0.0712292
13 0.48785 0.213487 0.0189577 0.0494195
15 0.582455 0.468303 0.0252551 0.0605604
21 0.804945 0.289764 0.0210021 0.0561703
9 0.39412 0.270405 0.0232712 0.0485089
18 0.418201 0.507315 0.029257 0.0652501
8 0.208148 0.369591 0.0198192 0.0623257
3 0.726387 0.725653 0.0268611 0.08194
16 0.188575 0.582053 0.0273733 0.066873
6 0.225252 0.435262 0.0253422 0.0522283
1 0.365507 0.188597 0.0193076 0.0467467
11 0.507645 0.2595 0.0170476 0.0443675
12 0.412922 0.20668 0.0224669 0.0414327
9 0.404803 0.347724 0.0278384 0.0582721
23 0.445831 0.375409 0.0185469 0.05564
5 0.30408 0.244969 0.0219153 0.0526296
2 0.877637 0.475429 0.0288609 0.0649185
10 0.487813 0.21337 0.019373 0.0486078
17 0.232281 0.380145 0.0191803 0.0525555
7 0.394354 0.269124 0.022815 0.0467886
20 0.612623 0.306484 0.0194086 0.0601953
13 0.511997 0.204854 0.0167529 0.0442423
22 0.908767 0.371458 0.0250399 0.0712292
13 0.48785 0.213487 0.0189577 0.0494195
15 0.582455 0.468303 0.0252551 0.0605604
21 0.804945 0.289764 0.0210021 0.0561703
9 0.39412 0.270405 0.0232712 0.0485089
18 0.418201 0.507315 0.029257 0.0652501
8 0.208148 0.369591 0.0198192 0.0623257
