23 0.457661 0.372425 0.0189411 0.060743
5 0.317663 0.250278 0.0264362 0.0529234
3 0.730024 0.711943 0.0273853 0.0829473
6 0.232507 0.420528 0.0190315 0.0557646
12 0.406031 0.212143 0.0194585 0.0441386
21 0.809035 0.298862 0.0218124 0.0527591
9 0.406524 0.345545 0.0261285 0.057648
9 0.386319 0.272437 0.0195354 0.0491915
20 0.633997 0.311216 0.0195039 0.0560338
9 0.51112 0.269227 0.0183537 0.0473423
16 0.198245 0.550581 0.0264213 0.0679848
14 0.658954 0.38566 0.021477 0.0539137
18 0.407191 0.495802 0.0268898 0.0554737
8 0.217765 0.366638 0.0171269 0.0534893
13 0.506788 0.216411 0.0149334 0.0422057
10 0.506858 0.217388 0.0145713 0.0411023
7 0.386433 0.272126 0.0205895 0.0488749
12 0.349777 0.146014 0.0136933 0.0322811
12 0.369561 0.203692 0.0171507 0.0440303
22 0.914508 0.378554 0.0229485 0.0666534
15 0.569141 0.460378 0.0207769 0.0593352
10 0.485449 0.223884 0.0152162 0.0470189
2 0.870802 0.480104 0.0227047 0.0706929
13 0.485746 0.222687 0.0151262 0.0473794
23 0.457661 0.372425 0.0189411 0.060743
5 0.317663 0.250278 0.0264362 0.0529234
3 0.730024 0.711943 0.0273853 0.0829473
6 0.232507 0.420528 0.0190315 0.0557646
12 0.406031 0.212143 0.0194585 0.0441386
21 0.809035 0.298862 0.0218124 0.0527591
9 0.406524 0.345545 0.0261285 0.057648
9 0.386319 0.272437 0.0195354 0.0491915
20 0.633997 0.311216 0.0195039 0.0560338
9 0.51112 0.269227 0.0183537 0.0473423
16 0.198245 0.550581 0.0264213 0.0679848
14 0.658954 0.38566 0.021477 0.0539137
18 0.407191 0.495802 0.0268898 0.0554737
8 0.217765 0.366638 0.0171269 0.0534893
13 0.506788 0.216411 0.0149334 0.0422057
10 0.506858 0.217388 0.0145713 0.0411023
7 0.386433 0.272126 0.0205895 0.0488749
12 0.349777 0.146014 0.0136933 0.0322811
12 0.369561 0.203692 0.0171507 0.0440303
22 0.914508 0.378554 0.0229485 0.0666534
15 0.569141 0.460378 0.0207769 0.0593352
10 0.485449 0.223884 0.0152162 0.0470189
2 0.870802 0.480104 0.0227047 0.0706929
13 0.485746 0.222687 0.0151262 0.0473794
23 0.457661 0.372425 0.0189411 0.060743
5 0.317663 0.250278 0.0264362 0.0529234
3 0.730024 0.711943 0.0273853 0.0829473
6 0.232507 0.420528 0.0190315 0.0557646
12 0.406031 0.212143 0.0194585 0.0441386
21 0.809035 0.298862 0.0218124 0.0527591
9 0.406524 0.345545 0.0261285 0.057648
9 0.386319 0.272437 0.0195354 0.0491915
20 0.633997 0.311216 0.0195039 0.0560338
9 0.51112 0.269227 0.0183537 0.0473423
16 0.198245 0.550581 0.0264213 0.0679848
14 0.658954 0.38566 0.021477 0.0539137
18 0.407191 0.495802 0.0268898 0.0554737
8 0.217765 0.366638 0.0171269 0.0534893
13 0.506788 0.216411 0.0149334 0.0422057
10 0.506858 0.217388 0.0145713 0.0411023
7 0.386433 0.272126 0.0205895 0.0488749
12 0.349777 0.146014 0.0136933 0.0322811
12 0.369561 0.203692 0.0171507 0.0440303
22 0.914508 0.378554 0.0229485 0.0666534
15 0.569141 0.460378 0.0207769 0.0593352
10 0.485449 0.223884 0.0152162 0.0470189
2 0.870802 0.480104 0.0227047 0.0706929
13 0.485746 0.222687 0.0151262 0.0473794
23 0.457661 0.372425 0.0189411 0.060743
5 0.317663 0.250278 0.0264362 0.0529234
3 0.730024 0.711943 0.0273853 0.0829473
6 0.232507 0.420528 0.0190315 0.0557646
12 0.406031 0.212143 0.0194585 0.0441386
21 0.809035 0.298862 0.0218124 0.0527591
9 0.406524 0.345545 0.0261285 0.057648
9 0.386319 0.272437 0.0195354 0.0491915
20 0.633997 0.311216 0.0195039 0.0560338
9 0.51112 0.269227 0.0183537 0.0473423
16 0.198245 0.550581 0.0264213 0.0679848
14 0.658954 0.38566 0.021477 0.0539137
18 0.407191 0.495802 0.0268898 0.0554737
8 0.217765 0.366638 0.0171269 0.0534893
13 0.506788 0.216411 0.0149334 0.0422057
10 0.506858 0.217388 0.0145713 0.0411023
7 0.386433 0.272126 0.0205895 0.0488749
12 0.349777 0.146014 0.0136933 0.0322811
12 0.369561 0.203692 0.0171507 0.0440303
22 0.914508 0.378554 0.0229485 0.0666534
15 0.569141 0.460378 0.0207769 0.0593352
10 0.485449 0.223884 0.0152162 0.0470189
2 0.870802 0.480104 0.0227047 0.0706929
13 0.485746 0.222687 0.0151262 0.0473794
