23 0.484366 0.296395 0.017795 0.051589
4 0.138381 0.329102 0.0186569 0.0312078
9 0.316723 0.330888 0.0162919 0.0517037
16 0.131465 0.367838 0.0223661 0.0311038
6 0.189285 0.353054 0.0214993 0.0573617
20 0.734794 0.311514 0.018451 0.0590746
2 0.829571 0.45687 0.0267349 0.0578326
3 0.744653 0.631209 0.0312607 0.0791963
21 0.864627 0.301178 0.0231464 0.0601105
12 0.348025 0.24039 0.0167566 0.0507116
15 0.413907 0.393106 0.0197556 0.0544447
1 0.348394 0.240329 0.0171235 0.0508879
7 0.306575 0.240753 0.0150249 0.0562838
15 0.681648 0.390319 0.0207881 0.0599703
10 0.530187 0.218047 0.0124292 0.0459686
11 0.543308 0.263443 0.0148495 0.0473213
13 0.530368 0.217717 0.0127766 0.046536
2 0.312817 0.433192 0.0259572 0.0600096
8 0.273801 0.296693 0.0172434 0.0581085
23 0.484366 0.296395 0.017795 0.051589
4 0.138381 0.329102 0.0186569 0.0312078
9 0.316723 0.330888 0.0162919 0.0517037
16 0.131465 0.367838 0.0223661 0.0311038
6 0.189285 0.353054 0.0214993 0.0573617
20 0.734794 0.311514 0.018451 0.0590746
2 0.829571 0.45687 0.0267349 0.0578326
3 0.744653 0.631209 0.0312607 0.0791963
21 0.864627 0.301178 0.0231464 0.0601105
12 0.348025 0.24039 0.0167566 0.0507116
15 0.413907 0.393106 0.0197556 0.0544447
1 0.348394 0.240329 0.0171235 0.0508879
7 0.306575 0.240753 0.0150249 0.0562838
15 0.681648 0.390319 0.0207881 0.0599703
10 0.530187 0.218047 0.0124292 0.0459686
11 0.543308 0.263443 0.0148495 0.0473213
13 0.530368 0.217717 0.0127766 0.046536
2 0.312817 0.433192 0.0259572 0.0600096
8 0.273801 0.296693 0.0172434 0.0581085
23 0.484366 0.296395 0.017795 0.051589
4 0.138381 0.329102 0.0186569 0.0312078
9 0.316723 0.330888 0.0162919 0.0517037
16 0.131465 0.367838 0.0223661 0.0311038
6 0.189285 0.353054 0.0214993 0.0573617
20 0.734794 0.311514 0.018451 0.0590746
2 0.829571 0.45687 0.0267349 0.0578326
3 0.744653 0.631209 0.0312607 0.0791963
21 0.864627 0.301178 0.0231464 0.0601105
12 0.348025 0.24039 0.0167566 0.0507116
15 0.413907 0.393106 0.0197556 0.0544447
1 0.348394 0.240329 0.0171235 0.0508879
7 0.306575 0.240753 0.0150249 0.0562838
15 0.681648 0.390319 0.0207881 0.0599703
10 0.530187 0.218047 0.0124292 0.0459686
11 0.543308 0.263443 0.0148495 0.0473213
13 0.530368 0.217717 0.0127766 0.046536
2 0.312817 0.433192 0.0259572 0.0600096
8 0.273801 0.296693 0.0172434 0.0581085
23 0.484366 0.296395 0.017795 0.051589
4 0.138381 0.329102 0.0186569 0.0312078
9 0.316723 0.330888 0.0162919 0.0517037
16 0.131465 0.367838 0.0223661 0.0311038
6 0.189285 0.353054 0.0214993 0.0573617
20 0.734794 0.311514 0.018451 0.0590746
2 0.829571 0.45687 0.0267349 0.0578326
3 0.744653 0.631209 0.0312607 0.0791963
21 0.864627 0.301178 0.0231464 0.0601105
12 0.348025 0.24039 0.0167566 0.0507116
15 0.413907 0.393106 0.0197556 0.0544447
1 0.348394 0.240329 0.0171235 0.0508879
7 0.306575 0.240753 0.0150249 0.0562838
15 0.681648 0.390319 0.0207881 0.0599703
10 0.530187 0.218047 0.0124292 0.0459686
11 0.543308 0.263443 0.0148495 0.0473213
13 0.530368 0.217717 0.0127766 0.046536
2 0.312817 0.433192 0.0259572 0.0600096
8 0.273801 0.296693 0.0172434 0.0581085
