16 0.124935 0.383376 0.0279827 0.0334659
3 0.737682 0.648669 0.025093 0.0758016
23 0.47109 0.2989 0.0189787 0.0492759
6 0.172998 0.358104 0.0159367 0.0509737
20 0.711929 0.307189 0.0195394 0.0599799
2 0.840659 0.462278 0.0224139 0.0648212
9 0.319951 0.320295 0.0175209 0.0536982
12 0.277647 0.204035 0.0129044 0.0416161
18 0.308414 0.437111 0.0226604 0.0617248
4 0.143478 0.322421 0.0228334 0.0356747
1 0.340167 0.235276 0.020254 0.0515088
9 0.290277 0.291037 0.0143107 0.0439972
1 0.277592 0.204183 0.0130988 0.0422903
10 0.490413 0.216847 0.0141125 0.0545539
13 0.490219 0.21667 0.014081 0.0531483
21 0.845333 0.298951 0.0213615 0.0569407
8 0.256753 0.29149 0.015793 0.0564948
2 0.845377 0.299641 0.0202606 0.0546619
15 0.670281 0.384965 0.0195923 0.057457
2 0.30936 0.436476 0.0219878 0.0626312
7 0.311073 0.238102 0.0151519 0.0493827
16 0.124935 0.383376 0.0279827 0.0334659
3 0.737682 0.648669 0.025093 0.0758016
23 0.47109 0.2989 0.0189787 0.0492759
6 0.172998 0.358104 0.0159367 0.0509737
20 0.711929 0.307189 0.0195394 0.0599799
2 0.840659 0.462278 0.0224139 0.0648212
9 0.319951 0.320295 0.0175209 0.0536982
12 0.277647 0.204035 0.0129044 0.0416161
18 0.308414 0.437111 0.0226604 0.0617248
4 0.143478 0.322421 0.0228334 0.0356747
1 0.340167 0.235276 0.020254 0.0515088
9 0.290277 0.291037 0.0143107 0.0439972
1 0.277592 0.204183 0.0130988 0.0422903
10 0.490413 0.216847 0.0141125 0.0545539
13 0.490219 0.21667 0.014081 0.0531483
21 0.845333 0.298951 0.0213615 0.0569407
8 0.256753 0.29149 0.015793 0.0564948
2 0.845377 0.299641 0.0202606 0.0546619
15 0.670281 0.384965 0.0195923 0.057457
2 0.30936 0.436476 0.0219878 0.0626312
7 0.311073 0.238102 0.0151519 0.0493827
16 0.124935 0.383376 0.0279827 0.0334659
3 0.737682 0.648669 0.025093 0.0758016
23 0.47109 0.2989 0.0189787 0.0492759
6 0.172998 0.358104 0.0159367 0.0509737
20 0.711929 0.307189 0.0195394 0.0599799
2 0.840659 0.462278 0.0224139 0.0648212
9 0.319951 0.320295 0.0175209 0.0536982
12 0.277647 0.204035 0.0129044 0.0416161
18 0.308414 0.437111 0.0226604 0.0617248
4 0.143478 0.322421 0.0228334 0.0356747
1 0.340167 0.235276 0.020254 0.0515088
9 0.290277 0.291037 0.0143107 0.0439972
1 0.277592 0.204183 0.0130988 0.0422903
10 0.490413 0.216847 0.0141125 0.0545539
13 0.490219 0.21667 0.014081 0.0531483
21 0.845333 0.298951 0.0213615 0.0569407
8 0.256753 0.29149 0.015793 0.0564948
2 0.845377 0.299641 0.0202606 0.0546619
15 0.670281 0.384965 0.0195923 0.057457
2 0.30936 0.436476 0.0219878 0.0626312
7 0.311073 0.238102 0.0151519 0.0493827
16 0.124935 0.383376 0.0279827 0.0334659
3 0.737682 0.648669 0.025093 0.0758016
23 0.47109 0.2989 0.0189787 0.0492759
6 0.172998 0.358104 0.0159367 0.0509737
20 0.711929 0.307189 0.0195394 0.0599799
2 0.840659 0.462278 0.0224139 0.0648212
9 0.319951 0.320295 0.0175209 0.0536982
12 0.277647 0.204035 0.0129044 0.0416161
18 0.308414 0.437111 0.0226604 0.0617248
4 0.143478 0.322421 0.0228334 0.0356747
1 0.340167 0.235276 0.020254 0.0515088
9 0.290277 0.291037 0.0143107 0.0439972
1 0.277592 0.204183 0.0130988 0.0422903
10 0.490413 0.216847 0.0141125 0.0545539
13 0.490219 0.21667 0.014081 0.0531483
21 0.845333 0.298951 0.0213615 0.0569407
8 0.256753 0.29149 0.015793 0.0564948
2 0.845377 0.299641 0.0202606 0.0546619
15 0.670281 0.384965 0.0195923 0.057457
2 0.30936 0.436476 0.0219878 0.0626312
7 0.311073 0.238102 0.0151519 0.0493827
