23 0.462591 0.301952 0.0160057 0.0481127
1 0.333092 0.233563 0.0178751 0.0465455
3 0.728106 0.655064 0.026417 0.0812927
4 0.134167 0.315788 0.0223848 0.0382576
6 0.171024 0.367804 0.0168583 0.054572
16 0.128381 0.388004 0.0193604 0.0480313
12 0.282109 0.195085 0.0143465 0.0348733
2 0.838564 0.462922 0.0267127 0.0708608
20 0.69944 0.307293 0.0188923 0.0575568
9 0.32217 0.31877 0.0231411 0.0566842
8 0.247664 0.290517 0.0151095 0.0526536
15 0.429809 0.406458 0.0208052 0.0551432
7 0.306036 0.238053 0.015969 0.044662
2 0.831646 0.297718 0.0208916 0.0542711
18 0.307513 0.438867 0.0199715 0.0642368
21 0.830743 0.29736 0.0216824 0.0553109
13 0.413613 0.213655 0.0145938 0.0474926
5 0.305874 0.237419 0.0158838 0.0452913
7 0.284407 0.237425 0.0161305 0.0412385
13 0.472484 0.219055 0.0155344 0.0525352
23 0.462591 0.301952 0.0160057 0.0481127
1 0.333092 0.233563 0.0178751 0.0465455
3 0.728106 0.655064 0.026417 0.0812927
4 0.134167 0.315788 0.0223848 0.0382576
6 0.171024 0.367804 0.0168583 0.054572
16 0.128381 0.388004 0.0193604 0.0480313
12 0.282109 0.195085 0.0143465 0.0348733
2 0.838564 0.462922 0.0267127 0.0708608
20 0.69944 0.307293 0.0188923 0.0575568
9 0.32217 0.31877 0.0231411 0.0566842
8 0.247664 0.290517 0.0151095 0.0526536
15 0.429809 0.406458 0.0208052 0.0551432
7 0.306036 0.238053 0.015969 0.044662
2 0.831646 0.297718 0.0208916 0.0542711
18 0.307513 0.438867 0.0199715 0.0642368
21 0.830743 0.29736 0.0216824 0.0553109
13 0.413613 0.213655 0.0145938 0.0474926
5 0.305874 0.237419 0.0158838 0.0452913
7 0.284407 0.237425 0.0161305 0.0412385
13 0.472484 0.219055 0.0155344 0.0525352
23 0.462591 0.301952 0.0160057 0.0481127
1 0.333092 0.233563 0.0178751 0.0465455
3 0.728106 0.655064 0.026417 0.0812927
4 0.134167 0.315788 0.0223848 0.0382576
6 0.171024 0.367804 0.0168583 0.054572
16 0.128381 0.388004 0.0193604 0.0480313
12 0.282109 0.195085 0.0143465 0.0348733
2 0.838564 0.462922 0.0267127 0.0708608
20 0.69944 0.307293 0.0188923 0.0575568
9 0.32217 0.31877 0.0231411 0.0566842
8 0.247664 0.290517 0.0151095 0.0526536
15 0.429809 0.406458 0.0208052 0.0551432
7 0.306036 0.238053 0.015969 0.044662
2 0.831646 0.297718 0.0208916 0.0542711
18 0.307513 0.438867 0.0199715 0.0642368
21 0.830743 0.29736 0.0216824 0.0553109
13 0.413613 0.213655 0.0145938 0.0474926
5 0.305874 0.237419 0.0158838 0.0452913
7 0.284407 0.237425 0.0161305 0.0412385
13 0.472484 0.219055 0.0155344 0.0525352
23 0.462591 0.301952 0.0160057 0.0481127
1 0.333092 0.233563 0.0178751 0.0465455
3 0.728106 0.655064 0.026417 0.0812927
4 0.134167 0.315788 0.0223848 0.0382576
6 0.171024 0.367804 0.0168583 0.054572
16 0.128381 0.388004 0.0193604 0.0480313
12 0.282109 0.195085 0.0143465 0.0348733
2 0.838564 0.462922 0.0267127 0.0708608
20 0.69944 0.307293 0.0188923 0.0575568
9 0.32217 0.31877 0.0231411 0.0566842
8 0.247664 0.290517 0.0151095 0.0526536
15 0.429809 0.406458 0.0208052 0.0551432
7 0.306036 0.238053 0.015969 0.044662
2 0.831646 0.297718 0.0208916 0.0542711
18 0.307513 0.438867 0.0199715 0.0642368
21 0.830743 0.29736 0.0216824 0.0553109
13 0.413613 0.213655 0.0145938 0.0474926
5 0.305874 0.237419 0.0158838 0.0452913
7 0.284407 0.237425 0.0161305 0.0412385
13 0.472484 0.219055 0.0155344 0.0525352
