23 0.408942 0.396948 0.0212495 0.0588794
5 0.240031 0.219924 0.0296383 0.0674259
3 0.68591 0.78379 0.0259232 0.0925308
1 0.298598 0.10809 0.0191289 0.0531592
3 0.184511 0.773983 0.0304008 0.0860046
2 0.873816 0.454231 0.0281458 0.0768162
22 0.901085 0.32356 0.0270283 0.078046
13 0.53724 0.15955 0.0177553 0.0551279
6 0.17501 0.517262 0.0340747 0.075563
9 0.157598 0.440849 0.0216544 0.0697251
9 0.174819 0.517499 0.0338327 0.0762522
9 0.492831 0.276837 0.018462 0.0599667
23 0.408942 0.396948 0.0212495 0.0588794
5 0.240031 0.219924 0.0296383 0.0674259
3 0.68591 0.78379 0.0259232 0.0925308
1 0.298598 0.10809 0.0191289 0.0531592
3 0.184511 0.773983 0.0304008 0.0860046
2 0.873816 0.454231 0.0281458 0.0768162
22 0.901085 0.32356 0.0270283 0.078046
13 0.53724 0.15955 0.0177553 0.0551279
6 0.17501 0.517262 0.0340747 0.075563
9 0.157598 0.440849 0.0216544 0.0697251
9 0.174819 0.517499 0.0338327 0.0762522
9 0.492831 0.276837 0.018462 0.0599667
23 0.408942 0.396948 0.0212495 0.0588794
5 0.240031 0.219924 0.0296383 0.0674259
3 0.68591 0.78379 0.0259232 0.0925308
1 0.298598 0.10809 0.0191289 0.0531592
3 0.184511 0.773983 0.0304008 0.0860046
2 0.873816 0.454231 0.0281458 0.0768162
22 0.901085 0.32356 0.0270283 0.078046
13 0.53724 0.15955 0.0177553 0.0551279
6 0.17501 0.517262 0.0340747 0.075563
9 0.157598 0.440849 0.0216544 0.0697251
9 0.174819 0.517499 0.0338327 0.0762522
9 0.492831 0.276837 0.018462 0.0599667
23 0.408942 0.396948 0.0212495 0.0588794
5 0.240031 0.219924 0.0296383 0.0674259
3 0.68591 0.78379 0.0259232 0.0925308
1 0.298598 0.10809 0.0191289 0.0531592
3 0.184511 0.773983 0.0304008 0.0860046
2 0.873816 0.454231 0.0281458 0.0768162
22 0.901085 0.32356 0.0270283 0.078046
13 0.53724 0.15955 0.0177553 0.0551279
6 0.17501 0.517262 0.0340747 0.075563
9 0.157598 0.440849 0.0216544 0.0697251
9 0.174819 0.517499 0.0338327 0.0762522
9 0.492831 0.276837 0.018462 0.0599667
