4 0.138466 0.338666 0.0253107 0.0230389
23 0.480782 0.295874 0.0178358 0.0505824
6 0.182024 0.356594 0.0173657 0.0582346
9 0.322507 0.328875 0.0155981 0.0508148
16 0.127674 0.377922 0.0257193 0.0242065
3 0.747568 0.640498 0.0301582 0.0809106
2 0.85097 0.467447 0.0284079 0.062479
12 0.273736 0.215391 0.0186835 0.0457212
20 0.72775 0.310576 0.0198063 0.0613386
15 0.418547 0.396997 0.0191311 0.058164
8 0.414109 0.214809 0.0156005 0.0511917
21 0.861918 0.302371 0.0222332 0.0542934
12 0.347695 0.241417 0.0166308 0.0528535
10 0.514009 0.216733 0.0134632 0.0537113
18 0.314779 0.433736 0.0242387 0.0587891
15 0.680431 0.387411 0.020649 0.0591305
13 0.414174 0.21494 0.0159439 0.05149
20 0.535284 0.264231 0.0166588 0.051012
4 0.138466 0.338666 0.0253107 0.0230389
23 0.480782 0.295874 0.0178358 0.0505824
6 0.182024 0.356594 0.0173657 0.0582346
9 0.322507 0.328875 0.0155981 0.0508148
16 0.127674 0.377922 0.0257193 0.0242065
3 0.747568 0.640498 0.0301582 0.0809106
2 0.85097 0.467447 0.0284079 0.062479
12 0.273736 0.215391 0.0186835 0.0457212
20 0.72775 0.310576 0.0198063 0.0613386
15 0.418547 0.396997 0.0191311 0.058164
8 0.414109 0.214809 0.0156005 0.0511917
21 0.861918 0.302371 0.0222332 0.0542934
12 0.347695 0.241417 0.0166308 0.0528535
10 0.514009 0.216733 0.0134632 0.0537113
18 0.314779 0.433736 0.0242387 0.0587891
15 0.680431 0.387411 0.020649 0.0591305
13 0.414174 0.21494 0.0159439 0.05149
20 0.535284 0.264231 0.0166588 0.051012
4 0.138466 0.338666 0.0253107 0.0230389
23 0.480782 0.295874 0.0178358 0.0505824
6 0.182024 0.356594 0.0173657 0.0582346
9 0.322507 0.328875 0.0155981 0.0508148
16 0.127674 0.377922 0.0257193 0.0242065
3 0.747568 0.640498 0.0301582 0.0809106
2 0.85097 0.467447 0.0284079 0.062479
12 0.273736 0.215391 0.0186835 0.0457212
20 0.72775 0.310576 0.0198063 0.0613386
15 0.418547 0.396997 0.0191311 0.058164
8 0.414109 0.214809 0.0156005 0.0511917
21 0.861918 0.302371 0.0222332 0.0542934
12 0.347695 0.241417 0.0166308 0.0528535
10 0.514009 0.216733 0.0134632 0.0537113
18 0.314779 0.433736 0.0242387 0.0587891
15 0.680431 0.387411 0.020649 0.0591305
13 0.414174 0.21494 0.0159439 0.05149
20 0.535284 0.264231 0.0166588 0.051012
4 0.138466 0.338666 0.0253107 0.0230389
23 0.480782 0.295874 0.0178358 0.0505824
6 0.182024 0.356594 0.0173657 0.0582346
9 0.322507 0.328875 0.0155981 0.0508148
16 0.127674 0.377922 0.0257193 0.0242065
3 0.747568 0.640498 0.0301582 0.0809106
2 0.85097 0.467447 0.0284079 0.062479
12 0.273736 0.215391 0.0186835 0.0457212
20 0.72775 0.310576 0.0198063 0.0613386
15 0.418547 0.396997 0.0191311 0.058164
8 0.414109 0.214809 0.0156005 0.0511917
21 0.861918 0.302371 0.0222332 0.0542934
12 0.347695 0.241417 0.0166308 0.0528535
10 0.514009 0.216733 0.0134632 0.0537113
18 0.314779 0.433736 0.0242387 0.0587891
15 0.680431 0.387411 0.020649 0.0591305
13 0.414174 0.21494 0.0159439 0.05149
20 0.535284 0.264231 0.0166588 0.051012
