9 0.319552 0.333405 0.0191072 0.0551131
6 0.197314 0.353101 0.0194205 0.0573466
23 0.486466 0.294454 0.0156143 0.0469715
20 0.741019 0.313104 0.0177717 0.0593322
4 0.14794 0.325477 0.0186383 0.052056
2 0.812814 0.449567 0.024316 0.0622043
21 0.863964 0.301925 0.0215385 0.0586566
12 0.352802 0.236996 0.0180953 0.0498865
9 0.34435 0.296431 0.0159017 0.049713
2 0.97579 0.402944 0.0265465 0.0606718
15 0.419188 0.391414 0.0193626 0.0575883
14 0.683714 0.389495 0.0222963 0.0580998
2 0.312347 0.432373 0.0242851 0.0613518
3 0.744024 0.628392 0.0316249 0.0768571
18 0.312074 0.432974 0.024253 0.0599977
20 0.863985 0.302091 0.0214476 0.0584637
9 0.319552 0.333405 0.0191072 0.0551131
6 0.197314 0.353101 0.0194205 0.0573466
23 0.486466 0.294454 0.0156143 0.0469715
20 0.741019 0.313104 0.0177717 0.0593322
4 0.14794 0.325477 0.0186383 0.052056
2 0.812814 0.449567 0.024316 0.0622043
21 0.863964 0.301925 0.0215385 0.0586566
12 0.352802 0.236996 0.0180953 0.0498865
9 0.34435 0.296431 0.0159017 0.049713
2 0.97579 0.402944 0.0265465 0.0606718
15 0.419188 0.391414 0.0193626 0.0575883
14 0.683714 0.389495 0.0222963 0.0580998
2 0.312347 0.432373 0.0242851 0.0613518
3 0.744024 0.628392 0.0316249 0.0768571
18 0.312074 0.432974 0.024253 0.0599977
20 0.863985 0.302091 0.0214476 0.0584637
9 0.319552 0.333405 0.0191072 0.0551131
6 0.197314 0.353101 0.0194205 0.0573466
23 0.486466 0.294454 0.0156143 0.0469715
20 0.741019 0.313104 0.0177717 0.0593322
4 0.14794 0.325477 0.0186383 0.052056
2 0.812814 0.449567 0.024316 0.0622043
21 0.863964 0.301925 0.0215385 0.0586566
12 0.352802 0.236996 0.0180953 0.0498865
9 0.34435 0.296431 0.0159017 0.049713
2 0.97579 0.402944 0.0265465 0.0606718
15 0.419188 0.391414 0.0193626 0.0575883
14 0.683714 0.389495 0.0222963 0.0580998
2 0.312347 0.432373 0.0242851 0.0613518
3 0.744024 0.628392 0.0316249 0.0768571
18 0.312074 0.432974 0.024253 0.0599977
20 0.863985 0.302091 0.0214476 0.0584637
9 0.319552 0.333405 0.0191072 0.0551131
6 0.197314 0.353101 0.0194205 0.0573466
23 0.486466 0.294454 0.0156143 0.0469715
20 0.741019 0.313104 0.0177717 0.0593322
4 0.14794 0.325477 0.0186383 0.052056
2 0.812814 0.449567 0.024316 0.0622043
21 0.863964 0.301925 0.0215385 0.0586566
12 0.352802 0.236996 0.0180953 0.0498865
9 0.34435 0.296431 0.0159017 0.049713
2 0.97579 0.402944 0.0265465 0.0606718
15 0.419188 0.391414 0.0193626 0.0575883
14 0.683714 0.389495 0.0222963 0.0580998
2 0.312347 0.432373 0.0242851 0.0613518
3 0.744024 0.628392 0.0316249 0.0768571
18 0.312074 0.432974 0.024253 0.0599977
20 0.863985 0.302091 0.0214476 0.0584637
