23 0.465548 0.316484 0.0170263 0.0478636
3 0.729634 0.66606 0.0273342 0.0815928
5 0.293819 0.240463 0.0236172 0.0458642
4 0.0969854 0.313358 0.0173803 0.0512065
18 0.339166 0.451812 0.0238441 0.0578525
12 0.318874 0.193124 0.0142658 0.0384315
2 0.852555 0.466739 0.0275875 0.0654361
16 0.165375 0.430543 0.0212771 0.0503511
20 0.68224 0.304102 0.019282 0.0597639
10 0.460862 0.222371 0.0141821 0.0512375
13 0.442591 0.20995 0.0126966 0.0439294
8 0.24463 0.303421 0.0157552 0.0446325
15 0.478691 0.423881 0.0238361 0.0627352
6 0.244541 0.303677 0.017153 0.0446799
15 0.664378 0.379737 0.0244213 0.0575
6 0.195272 0.368762 0.0197338 0.0562456
22 0.948166 0.383088 0.022855 0.068298
2 0.823503 0.300407 0.0230915 0.0608853
8 0.460204 0.222881 0.0134694 0.0500996
23 0.465548 0.316484 0.0170263 0.0478636
3 0.729634 0.66606 0.0273342 0.0815928
5 0.293819 0.240463 0.0236172 0.0458642
4 0.0969854 0.313358 0.0173803 0.0512065
18 0.339166 0.451812 0.0238441 0.0578525
12 0.318874 0.193124 0.0142658 0.0384315
2 0.852555 0.466739 0.0275875 0.0654361
16 0.165375 0.430543 0.0212771 0.0503511
20 0.68224 0.304102 0.019282 0.0597639
10 0.460862 0.222371 0.0141821 0.0512375
13 0.442591 0.20995 0.0126966 0.0439294
8 0.24463 0.303421 0.0157552 0.0446325
15 0.478691 0.423881 0.0238361 0.0627352
6 0.244541 0.303677 0.017153 0.0446799
15 0.664378 0.379737 0.0244213 0.0575
6 0.195272 0.368762 0.0197338 0.0562456
22 0.948166 0.383088 0.022855 0.068298
2 0.823503 0.300407 0.0230915 0.0608853
8 0.460204 0.222881 0.0134694 0.0500996
23 0.465548 0.316484 0.0170263 0.0478636
3 0.729634 0.66606 0.0273342 0.0815928
5 0.293819 0.240463 0.0236172 0.0458642
4 0.0969854 0.313358 0.0173803 0.0512065
18 0.339166 0.451812 0.0238441 0.0578525
12 0.318874 0.193124 0.0142658 0.0384315
2 0.852555 0.466739 0.0275875 0.0654361
16 0.165375 0.430543 0.0212771 0.0503511
20 0.68224 0.304102 0.019282 0.0597639
10 0.460862 0.222371 0.0141821 0.0512375
13 0.442591 0.20995 0.0126966 0.0439294
8 0.24463 0.303421 0.0157552 0.0446325
15 0.478691 0.423881 0.0238361 0.0627352
6 0.244541 0.303677 0.017153 0.0446799
15 0.664378 0.379737 0.0244213 0.0575
6 0.195272 0.368762 0.0197338 0.0562456
22 0.948166 0.383088 0.022855 0.068298
2 0.823503 0.300407 0.0230915 0.0608853
8 0.460204 0.222881 0.0134694 0.0500996
23 0.465548 0.316484 0.0170263 0.0478636
3 0.729634 0.66606 0.0273342 0.0815928
5 0.293819 0.240463 0.0236172 0.0458642
4 0.0969854 0.313358 0.0173803 0.0512065
18 0.339166 0.451812 0.0238441 0.0578525
12 0.318874 0.193124 0.0142658 0.0384315
2 0.852555 0.466739 0.0275875 0.0654361
16 0.165375 0.430543 0.0212771 0.0503511
20 0.68224 0.304102 0.019282 0.0597639
10 0.460862 0.222371 0.0141821 0.0512375
13 0.442591 0.20995 0.0126966 0.0439294
8 0.24463 0.303421 0.0157552 0.0446325
15 0.478691 0.423881 0.0238361 0.0627352
6 0.244541 0.303677 0.017153 0.0446799
15 0.664378 0.379737 0.0244213 0.0575
6 0.195272 0.368762 0.0197338 0.0562456
22 0.948166 0.383088 0.022855 0.068298
2 0.823503 0.300407 0.0230915 0.0608853
8 0.460204 0.222881 0.0134694 0.0500996
