23 0.460943 0.303595 0.0176762 0.0517426
12 0.283934 0.195186 0.0146526 0.0339076
3 0.72685 0.656969 0.0249208 0.0839311
1 0.331815 0.232015 0.0182394 0.0475545
6 0.174229 0.368213 0.0198679 0.0501839
2 0.839389 0.463059 0.0274501 0.070939
16 0.131467 0.391725 0.0183252 0.0485797
7 0.305514 0.239432 0.0143211 0.0422566
4 0.130907 0.31366 0.0204144 0.044769
20 0.695536 0.307038 0.0188464 0.056838
8 0.246127 0.292414 0.0160045 0.0563356
20 0.50329 0.264845 0.017545 0.0545758
13 0.414363 0.213898 0.0156879 0.0476027
9 0.324668 0.318238 0.0257623 0.0559262
15 0.433423 0.40742 0.0221766 0.0586772
2 0.829547 0.299086 0.0198418 0.0538136
13 0.468018 0.220228 0.0157405 0.0476263
18 0.307957 0.439646 0.0209677 0.0680532
21 0.82892 0.299187 0.0215553 0.0557634
5 0.305352 0.238624 0.0143099 0.042751
14 0.661514 0.386335 0.0207304 0.066773
22 0.957664 0.390917 0.0242165 0.0707016
23 0.460943 0.303595 0.0176762 0.0517426
12 0.283934 0.195186 0.0146526 0.0339076
3 0.72685 0.656969 0.0249208 0.0839311
1 0.331815 0.232015 0.0182394 0.0475545
6 0.174229 0.368213 0.0198679 0.0501839
2 0.839389 0.463059 0.0274501 0.070939
16 0.131467 0.391725 0.0183252 0.0485797
7 0.305514 0.239432 0.0143211 0.0422566
4 0.130907 0.31366 0.0204144 0.044769
20 0.695536 0.307038 0.0188464 0.056838
8 0.246127 0.292414 0.0160045 0.0563356
20 0.50329 0.264845 0.017545 0.0545758
13 0.414363 0.213898 0.0156879 0.0476027
9 0.324668 0.318238 0.0257623 0.0559262
15 0.433423 0.40742 0.0221766 0.0586772
2 0.829547 0.299086 0.0198418 0.0538136
13 0.468018 0.220228 0.0157405 0.0476263
18 0.307957 0.439646 0.0209677 0.0680532
21 0.82892 0.299187 0.0215553 0.0557634
5 0.305352 0.238624 0.0143099 0.042751
14 0.661514 0.386335 0.0207304 0.066773
22 0.957664 0.390917 0.0242165 0.0707016
23 0.460943 0.303595 0.0176762 0.0517426
12 0.283934 0.195186 0.0146526 0.0339076
3 0.72685 0.656969 0.0249208 0.0839311
1 0.331815 0.232015 0.0182394 0.0475545
6 0.174229 0.368213 0.0198679 0.0501839
2 0.839389 0.463059 0.0274501 0.070939
16 0.131467 0.391725 0.0183252 0.0485797
7 0.305514 0.239432 0.0143211 0.0422566
4 0.130907 0.31366 0.0204144 0.044769
20 0.695536 0.307038 0.0188464 0.056838
8 0.246127 0.292414 0.0160045 0.0563356
20 0.50329 0.264845 0.017545 0.0545758
13 0.414363 0.213898 0.0156879 0.0476027
9 0.324668 0.318238 0.0257623 0.0559262
15 0.433423 0.40742 0.0221766 0.0586772
2 0.829547 0.299086 0.0198418 0.0538136
13 0.468018 0.220228 0.0157405 0.0476263
18 0.307957 0.439646 0.0209677 0.0680532
21 0.82892 0.299187 0.0215553 0.0557634
5 0.305352 0.238624 0.0143099 0.042751
14 0.661514 0.386335 0.0207304 0.066773
22 0.957664 0.390917 0.0242165 0.0707016
23 0.460943 0.303595 0.0176762 0.0517426
12 0.283934 0.195186 0.0146526 0.0339076
3 0.72685 0.656969 0.0249208 0.0839311
1 0.331815 0.232015 0.0182394 0.0475545
6 0.174229 0.368213 0.0198679 0.0501839
2 0.839389 0.463059 0.0274501 0.070939
16 0.131467 0.391725 0.0183252 0.0485797
7 0.305514 0.239432 0.0143211 0.0422566
4 0.130907 0.31366 0.0204144 0.044769
20 0.695536 0.307038 0.0188464 0.056838
8 0.246127 0.292414 0.0160045 0.0563356
20 0.50329 0.264845 0.017545 0.0545758
13 0.414363 0.213898 0.0156879 0.0476027
9 0.324668 0.318238 0.0257623 0.0559262
15 0.433423 0.40742 0.0221766 0.0586772
2 0.829547 0.299086 0.0198418 0.0538136
13 0.468018 0.220228 0.0157405 0.0476263
18 0.307957 0.439646 0.0209677 0.0680532
21 0.82892 0.299187 0.0215553 0.0557634
5 0.305352 0.238624 0.0143099 0.042751
14 0.661514 0.386335 0.0207304 0.066773
22 0.957664 0.390917 0.0242165 0.0707016
