23 0.460667 0.312342 0.017042 0.0483371
5 0.283978 0.23912 0.0266917 0.0415429
16 0.153504 0.418112 0.0223331 0.0520649
3 0.725679 0.6645 0.0251614 0.0766466
12 0.304701 0.19288 0.0141872 0.0374646
4 0.102806 0.310803 0.020004 0.0533259
6 0.186361 0.368747 0.0239031 0.0527549
20 0.681752 0.304684 0.0197222 0.0585162
2 0.844094 0.463892 0.0224178 0.0705663
6 0.241255 0.303539 0.0196438 0.0416671
15 0.460995 0.419917 0.0233644 0.0603165
13 0.431072 0.21047 0.0162676 0.0463607
10 0.456556 0.219924 0.0175252 0.0503807
22 0.946212 0.384903 0.020628 0.0688966
21 0.819319 0.296854 0.0199453 0.0588295
2 0.819663 0.29685 0.0196415 0.0562536
14 0.656812 0.381053 0.0218433 0.0542523
9 0.341593 0.32095 0.0217613 0.0582949
23 0.460667 0.312342 0.017042 0.0483371
5 0.283978 0.23912 0.0266917 0.0415429
16 0.153504 0.418112 0.0223331 0.0520649
3 0.725679 0.6645 0.0251614 0.0766466
12 0.304701 0.19288 0.0141872 0.0374646
4 0.102806 0.310803 0.020004 0.0533259
6 0.186361 0.368747 0.0239031 0.0527549
20 0.681752 0.304684 0.0197222 0.0585162
2 0.844094 0.463892 0.0224178 0.0705663
6 0.241255 0.303539 0.0196438 0.0416671
15 0.460995 0.419917 0.0233644 0.0603165
13 0.431072 0.21047 0.0162676 0.0463607
10 0.456556 0.219924 0.0175252 0.0503807
22 0.946212 0.384903 0.020628 0.0688966
21 0.819319 0.296854 0.0199453 0.0588295
2 0.819663 0.29685 0.0196415 0.0562536
14 0.656812 0.381053 0.0218433 0.0542523
9 0.341593 0.32095 0.0217613 0.0582949
23 0.460667 0.312342 0.017042 0.0483371
5 0.283978 0.23912 0.0266917 0.0415429
16 0.153504 0.418112 0.0223331 0.0520649
3 0.725679 0.6645 0.0251614 0.0766466
12 0.304701 0.19288 0.0141872 0.0374646
4 0.102806 0.310803 0.020004 0.0533259
6 0.186361 0.368747 0.0239031 0.0527549
20 0.681752 0.304684 0.0197222 0.0585162
2 0.844094 0.463892 0.0224178 0.0705663
6 0.241255 0.303539 0.0196438 0.0416671
15 0.460995 0.419917 0.0233644 0.0603165
13 0.431072 0.21047 0.0162676 0.0463607
10 0.456556 0.219924 0.0175252 0.0503807
22 0.946212 0.384903 0.020628 0.0688966
21 0.819319 0.296854 0.0199453 0.0588295
2 0.819663 0.29685 0.0196415 0.0562536
14 0.656812 0.381053 0.0218433 0.0542523
9 0.341593 0.32095 0.0217613 0.0582949
23 0.460667 0.312342 0.017042 0.0483371
5 0.283978 0.23912 0.0266917 0.0415429
16 0.153504 0.418112 0.0223331 0.0520649
3 0.725679 0.6645 0.0251614 0.0766466
12 0.304701 0.19288 0.0141872 0.0374646
4 0.102806 0.310803 0.020004 0.0533259
6 0.186361 0.368747 0.0239031 0.0527549
20 0.681752 0.304684 0.0197222 0.0585162
2 0.844094 0.463892 0.0224178 0.0705663
6 0.241255 0.303539 0.0196438 0.0416671
15 0.460995 0.419917 0.0233644 0.0603165
13 0.431072 0.21047 0.0162676 0.0463607
10 0.456556 0.219924 0.0175252 0.0503807
22 0.946212 0.384903 0.020628 0.0688966
21 0.819319 0.296854 0.0199453 0.0588295
2 0.819663 0.29685 0.0196415 0.0562536
14 0.656812 0.381053 0.0218433 0.0542523
9 0.341593 0.32095 0.0217613 0.0582949
