0 0.307113 0.154308 0.0078811 0.014354
1 0.31951 0.133925 0.0215541 0.0450903
3 0.701474 0.764564 0.0311449 0.0868309
6 0.178472 0.472989 0.0322736 0.0661587
11 0.489165 0.226462 0.021479 0.0445444
13 0.470956 0.182342 0.0230114 0.0477731
15 0.582108 0.472071 0.0257507 0.06524
12 0.4242 0.175224 0.0187775 0.0533811
13 0.51393 0.174025 0.0238335 0.0476427
2 0.873978 0.463842 0.0277841 0.0746004
20 0.532625 0.286074 0.0188374 0.0638469
21 0.782933 0.250937 0.0230231 0.057813
7 0.405273 0.259343 0.0290053 0.0599939
14 0.604744 0.365119 0.0231874 0.0622116
9 0.379586 0.34139 0.0240958 0.0597486
5 0.244228 0.219108 0.0281108 0.0641471
22 0.890706 0.341753 0.0252647 0.0758543
14 0.532409 0.286172 0.0194169 0.0628035
8 0.186081 0.354245 0.0247299 0.0521462
3 0.427946 0.548551 0.0262547 0.07449
9 0.178054 0.472307 0.0314847 0.0645613
18 0.154045 0.688909 0.0328289 0.0802419
16 0.155101 0.689659 0.0307557 0.0802219
23 0.402123 0.386156 0.0210751 0.0624012
0 0.307113 0.154308 0.0078811 0.014354
1 0.31951 0.133925 0.0215541 0.0450903
3 0.701474 0.764564 0.0311449 0.0868309
6 0.178472 0.472989 0.0322736 0.0661587
11 0.489165 0.226462 0.021479 0.0445444
13 0.470956 0.182342 0.0230114 0.0477731
15 0.582108 0.472071 0.0257507 0.06524
12 0.4242 0.175224 0.0187775 0.0533811
13 0.51393 0.174025 0.0238335 0.0476427
2 0.873978 0.463842 0.0277841 0.0746004
20 0.532625 0.286074 0.0188374 0.0638469
21 0.782933 0.250937 0.0230231 0.057813
7 0.405273 0.259343 0.0290053 0.0599939
14 0.604744 0.365119 0.0231874 0.0622116
9 0.379586 0.34139 0.0240958 0.0597486
5 0.244228 0.219108 0.0281108 0.0641471
22 0.890706 0.341753 0.0252647 0.0758543
14 0.532409 0.286172 0.0194169 0.0628035
8 0.186081 0.354245 0.0247299 0.0521462
3 0.427946 0.548551 0.0262547 0.07449
9 0.178054 0.472307 0.0314847 0.0645613
18 0.154045 0.688909 0.0328289 0.0802419
16 0.155101 0.689659 0.0307557 0.0802219
23 0.402123 0.386156 0.0210751 0.0624012
0 0.307113 0.154308 0.0078811 0.014354
1 0.31951 0.133925 0.0215541 0.0450903
3 0.701474 0.764564 0.0311449 0.0868309
6 0.178472 0.472989 0.0322736 0.0661587
11 0.489165 0.226462 0.021479 0.0445444
13 0.470956 0.182342 0.0230114 0.0477731
15 0.582108 0.472071 0.0257507 0.06524
12 0.4242 0.175224 0.0187775 0.0533811
13 0.51393 0.174025 0.0238335 0.0476427
2 0.873978 0.463842 0.0277841 0.0746004
20 0.532625 0.286074 0.0188374 0.0638469
21 0.782933 0.250937 0.0230231 0.057813
7 0.405273 0.259343 0.0290053 0.0599939
14 0.604744 0.365119 0.0231874 0.0622116
9 0.379586 0.34139 0.0240958 0.0597486
5 0.244228 0.219108 0.0281108 0.0641471
22 0.890706 0.341753 0.0252647 0.0758543
14 0.532409 0.286172 0.0194169 0.0628035
8 0.186081 0.354245 0.0247299 0.0521462
3 0.427946 0.548551 0.0262547 0.07449
9 0.178054 0.472307 0.0314847 0.0645613
18 0.154045 0.688909 0.0328289 0.0802419
16 0.155101 0.689659 0.0307557 0.0802219
23 0.402123 0.386156 0.0210751 0.0624012
0 0.307113 0.154308 0.0078811 0.014354
1 0.31951 0.133925 0.0215541 0.0450903
3 0.701474 0.764564 0.0311449 0.0868309
6 0.178472 0.472989 0.0322736 0.0661587
11 0.489165 0.226462 0.021479 0.0445444
13 0.470956 0.182342 0.0230114 0.0477731
15 0.582108 0.472071 0.0257507 0.06524
12 0.4242 0.175224 0.0187775 0.0533811
13 0.51393 0.174025 0.0238335 0.0476427
2 0.873978 0.463842 0.0277841 0.0746004
20 0.532625 0.286074 0.0188374 0.0638469
21 0.782933 0.250937 0.0230231 0.057813
7 0.405273 0.259343 0.0290053 0.0599939
14 0.604744 0.365119 0.0231874 0.0622116
9 0.379586 0.34139 0.0240958 0.0597486
5 0.244228 0.219108 0.0281108 0.0641471
22 0.890706 0.341753 0.0252647 0.0758543
14 0.532409 0.286172 0.0194169 0.0628035
8 0.186081 0.354245 0.0247299 0.0521462
3 0.427946 0.548551 0.0262547 0.07449
9 0.178054 0.472307 0.0314847 0.0645613
18 0.154045 0.688909 0.0328289 0.0802419
16 0.155101 0.689659 0.0307557 0.0802219
23 0.402123 0.386156 0.0210751 0.0624012
