23 0.468257 0.299568 0.0168726 0.0462892
16 0.126145 0.383217 0.0268037 0.0327523
3 0.733446 0.650717 0.0273596 0.0789298
4 0.140748 0.317779 0.0192574 0.0426263
9 0.320011 0.319695 0.0226803 0.0552873
6 0.171346 0.361463 0.0153078 0.0531363
12 0.277678 0.201675 0.0145156 0.0432889
20 0.708211 0.306246 0.0181343 0.0590636
12 0.338182 0.236008 0.0174746 0.0498179
1 0.337612 0.236249 0.0172956 0.0503126
3 0.838418 0.464753 0.0216398 0.0656837
2 0.837925 0.465358 0.0233406 0.0689928
15 0.668476 0.384784 0.0188923 0.0564645
21 0.841025 0.299234 0.021875 0.0562976
10 0.484283 0.217702 0.0157639 0.0557941
20 0.513938 0.263301 0.0164691 0.0518826
7 0.30948 0.239892 0.0155612 0.048981
8 0.254457 0.291975 0.0171998 0.050406
18 0.306704 0.439246 0.0240421 0.0606332
2 0.84085 0.299986 0.021833 0.0548626
13 0.484784 0.217043 0.0156141 0.0545878
14 0.838747 0.465696 0.0217028 0.0629333
23 0.468257 0.299568 0.0168726 0.0462892
16 0.126145 0.383217 0.0268037 0.0327523
3 0.733446 0.650717 0.0273596 0.0789298
4 0.140748 0.317779 0.0192574 0.0426263
9 0.320011 0.319695 0.0226803 0.0552873
6 0.171346 0.361463 0.0153078 0.0531363
12 0.277678 0.201675 0.0145156 0.0432889
20 0.708211 0.306246 0.0181343 0.0590636
12 0.338182 0.236008 0.0174746 0.0498179
1 0.337612 0.236249 0.0172956 0.0503126
3 0.838418 0.464753 0.0216398 0.0656837
2 0.837925 0.465358 0.0233406 0.0689928
15 0.668476 0.384784 0.0188923 0.0564645
21 0.841025 0.299234 0.021875 0.0562976
10 0.484283 0.217702 0.0157639 0.0557941
20 0.513938 0.263301 0.0164691 0.0518826
7 0.30948 0.239892 0.0155612 0.048981
8 0.254457 0.291975 0.0171998 0.050406
18 0.306704 0.439246 0.0240421 0.0606332
2 0.84085 0.299986 0.021833 0.0548626
13 0.484784 0.217043 0.0156141 0.0545878
14 0.838747 0.465696 0.0217028 0.0629333
23 0.468257 0.299568 0.0168726 0.0462892
16 0.126145 0.383217 0.0268037 0.0327523
3 0.733446 0.650717 0.0273596 0.0789298
4 0.140748 0.317779 0.0192574 0.0426263
9 0.320011 0.319695 0.0226803 0.0552873
6 0.171346 0.361463 0.0153078 0.0531363
12 0.277678 0.201675 0.0145156 0.0432889
20 0.708211 0.306246 0.0181343 0.0590636
12 0.338182 0.236008 0.0174746 0.0498179
1 0.337612 0.236249 0.0172956 0.0503126
3 0.838418 0.464753 0.0216398 0.0656837
2 0.837925 0.465358 0.0233406 0.0689928
15 0.668476 0.384784 0.0188923 0.0564645
21 0.841025 0.299234 0.021875 0.0562976
10 0.484283 0.217702 0.0157639 0.0557941
20 0.513938 0.263301 0.0164691 0.0518826
7 0.30948 0.239892 0.0155612 0.048981
8 0.254457 0.291975 0.0171998 0.050406
18 0.306704 0.439246 0.0240421 0.0606332
2 0.84085 0.299986 0.021833 0.0548626
13 0.484784 0.217043 0.0156141 0.0545878
14 0.838747 0.465696 0.0217028 0.0629333
23 0.468257 0.299568 0.0168726 0.0462892
16 0.126145 0.383217 0.0268037 0.0327523
3 0.733446 0.650717 0.0273596 0.0789298
4 0.140748 0.317779 0.0192574 0.0426263
9 0.320011 0.319695 0.0226803 0.0552873
6 0.171346 0.361463 0.0153078 0.0531363
12 0.277678 0.201675 0.0145156 0.0432889
20 0.708211 0.306246 0.0181343 0.0590636
12 0.338182 0.236008 0.0174746 0.0498179
1 0.337612 0.236249 0.0172956 0.0503126
3 0.838418 0.464753 0.0216398 0.0656837
2 0.837925 0.465358 0.0233406 0.0689928
15 0.668476 0.384784 0.0188923 0.0564645
21 0.841025 0.299234 0.021875 0.0562976
10 0.484283 0.217702 0.0157639 0.0557941
20 0.513938 0.263301 0.0164691 0.0518826
7 0.30948 0.239892 0.0155612 0.048981
8 0.254457 0.291975 0.0171998 0.050406
18 0.306704 0.439246 0.0240421 0.0606332
2 0.84085 0.299986 0.021833 0.0548626
13 0.484784 0.217043 0.0156141 0.0545878
14 0.838747 0.465696 0.0217028 0.0629333
