23 0.4104 0.384494 0.0207665 0.0585061
13 0.509426 0.185057 0.0212774 0.0477153
5 0.25786 0.226716 0.0279923 0.0598259
3 0.703556 0.753756 0.0324318 0.0816352
21 0.782227 0.263459 0.0204105 0.0570175
6 0.190279 0.463689 0.0316488 0.0673174
16 0.159745 0.659961 0.0290719 0.0777882
9 0.384147 0.346289 0.0296367 0.0600464
11 0.491261 0.237055 0.0214338 0.045085
1 0.331503 0.150047 0.0167814 0.0432955
2 0.87038 0.468552 0.0286293 0.0693746
12 0.418946 0.186027 0.0229557 0.0460705
13 0.471799 0.193219 0.0178732 0.0451
15 0.581786 0.47092 0.0250827 0.067331
0 0.31634 0.169981 0.00917244 0.018968
10 0.509765 0.184198 0.0211962 0.0460108
20 0.550052 0.293966 0.0208279 0.0622066
22 0.886915 0.351564 0.0254332 0.0680325
7 0.396018 0.265212 0.0260693 0.0538957
20 0.782537 0.263594 0.0194984 0.0571148
9 0.196893 0.392424 0.024122 0.0472505
14 0.612245 0.371601 0.029353 0.061801
2 0.423446 0.536978 0.0265898 0.0718643
23 0.4104 0.384494 0.0207665 0.0585061
13 0.509426 0.185057 0.0212774 0.0477153
5 0.25786 0.226716 0.0279923 0.0598259
3 0.703556 0.753756 0.0324318 0.0816352
21 0.782227 0.263459 0.0204105 0.0570175
6 0.190279 0.463689 0.0316488 0.0673174
16 0.159745 0.659961 0.0290719 0.0777882
9 0.384147 0.346289 0.0296367 0.0600464
11 0.491261 0.237055 0.0214338 0.045085
1 0.331503 0.150047 0.0167814 0.0432955
2 0.87038 0.468552 0.0286293 0.0693746
12 0.418946 0.186027 0.0229557 0.0460705
13 0.471799 0.193219 0.0178732 0.0451
15 0.581786 0.47092 0.0250827 0.067331
0 0.31634 0.169981 0.00917244 0.018968
10 0.509765 0.184198 0.0211962 0.0460108
20 0.550052 0.293966 0.0208279 0.0622066
22 0.886915 0.351564 0.0254332 0.0680325
7 0.396018 0.265212 0.0260693 0.0538957
20 0.782537 0.263594 0.0194984 0.0571148
9 0.196893 0.392424 0.024122 0.0472505
14 0.612245 0.371601 0.029353 0.061801
2 0.423446 0.536978 0.0265898 0.0718643
23 0.4104 0.384494 0.0207665 0.0585061
13 0.509426 0.185057 0.0212774 0.0477153
5 0.25786 0.226716 0.0279923 0.0598259
3 0.703556 0.753756 0.0324318 0.0816352
21 0.782227 0.263459 0.0204105 0.0570175
6 0.190279 0.463689 0.0316488 0.0673174
16 0.159745 0.659961 0.0290719 0.0777882
9 0.384147 0.346289 0.0296367 0.0600464
11 0.491261 0.237055 0.0214338 0.045085
1 0.331503 0.150047 0.0167814 0.0432955
2 0.87038 0.468552 0.0286293 0.0693746
12 0.418946 0.186027 0.0229557 0.0460705
13 0.471799 0.193219 0.0178732 0.0451
15 0.581786 0.47092 0.0250827 0.067331
0 0.31634 0.169981 0.00917244 0.018968
10 0.509765 0.184198 0.0211962 0.0460108
20 0.550052 0.293966 0.0208279 0.0622066
22 0.886915 0.351564 0.0254332 0.0680325
7 0.396018 0.265212 0.0260693 0.0538957
20 0.782537 0.263594 0.0194984 0.0571148
9 0.196893 0.392424 0.024122 0.0472505
14 0.612245 0.371601 0.029353 0.061801
2 0.423446 0.536978 0.0265898 0.0718643
23 0.4104 0.384494 0.0207665 0.0585061
13 0.509426 0.185057 0.0212774 0.0477153
5 0.25786 0.226716 0.0279923 0.0598259
3 0.703556 0.753756 0.0324318 0.0816352
21 0.782227 0.263459 0.0204105 0.0570175
6 0.190279 0.463689 0.0316488 0.0673174
16 0.159745 0.659961 0.0290719 0.0777882
9 0.384147 0.346289 0.0296367 0.0600464
11 0.491261 0.237055 0.0214338 0.045085
1 0.331503 0.150047 0.0167814 0.0432955
2 0.87038 0.468552 0.0286293 0.0693746
12 0.418946 0.186027 0.0229557 0.0460705
13 0.471799 0.193219 0.0178732 0.0451
15 0.581786 0.47092 0.0250827 0.067331
0 0.31634 0.169981 0.00917244 0.018968
10 0.509765 0.184198 0.0211962 0.0460108
20 0.550052 0.293966 0.0208279 0.0622066
22 0.886915 0.351564 0.0254332 0.0680325
7 0.396018 0.265212 0.0260693 0.0538957
20 0.782537 0.263594 0.0194984 0.0571148
9 0.196893 0.392424 0.024122 0.0472505
14 0.612245 0.371601 0.029353 0.061801
2 0.423446 0.536978 0.0265898 0.0718643
