23 0.487604 0.296801 0.0162764 0.0501386
4 0.153835 0.324332 0.0177857 0.0482098
6 0.202578 0.350881 0.0174316 0.057416
9 0.321357 0.336575 0.017483 0.0569947
21 0.860521 0.30916 0.0213036 0.0528859
16 0.114035 0.372807 0.018505 0.0351239
20 0.745414 0.313412 0.0178567 0.0583886
12 0.356314 0.232539 0.0160542 0.0488144
3 0.740341 0.624281 0.0296242 0.0714757
9 0.352445 0.295664 0.0165087 0.0519824
14 0.684334 0.390572 0.0214549 0.0577958
11 0.55428 0.263515 0.0152578 0.0470031
10 0.545242 0.218791 0.0126802 0.0458293
20 0.860824 0.309671 0.0202076 0.0532715
13 0.545358 0.21795 0.0130814 0.0467564
20 0.684819 0.391018 0.021483 0.0597224
2 0.792834 0.447511 0.0244505 0.0586466
23 0.487604 0.296801 0.0162764 0.0501386
4 0.153835 0.324332 0.0177857 0.0482098
6 0.202578 0.350881 0.0174316 0.057416
9 0.321357 0.336575 0.017483 0.0569947
21 0.860521 0.30916 0.0213036 0.0528859
16 0.114035 0.372807 0.018505 0.0351239
20 0.745414 0.313412 0.0178567 0.0583886
12 0.356314 0.232539 0.0160542 0.0488144
3 0.740341 0.624281 0.0296242 0.0714757
9 0.352445 0.295664 0.0165087 0.0519824
14 0.684334 0.390572 0.0214549 0.0577958
11 0.55428 0.263515 0.0152578 0.0470031
10 0.545242 0.218791 0.0126802 0.0458293
20 0.860824 0.309671 0.0202076 0.0532715
13 0.545358 0.21795 0.0130814 0.0467564
20 0.684819 0.391018 0.021483 0.0597224
2 0.792834 0.447511 0.0244505 0.0586466
23 0.487604 0.296801 0.0162764 0.0501386
4 0.153835 0.324332 0.0177857 0.0482098
6 0.202578 0.350881 0.0174316 0.057416
9 0.321357 0.336575 0.017483 0.0569947
21 0.860521 0.30916 0.0213036 0.0528859
16 0.114035 0.372807 0.018505 0.0351239
20 0.745414 0.313412 0.0178567 0.0583886
12 0.356314 0.232539 0.0160542 0.0488144
3 0.740341 0.624281 0.0296242 0.0714757
9 0.352445 0.295664 0.0165087 0.0519824
14 0.684334 0.390572 0.0214549 0.0577958
11 0.55428 0.263515 0.0152578 0.0470031
10 0.545242 0.218791 0.0126802 0.0458293
20 0.860824 0.309671 0.0202076 0.0532715
13 0.545358 0.21795 0.0130814 0.0467564
20 0.684819 0.391018 0.021483 0.0597224
2 0.792834 0.447511 0.0244505 0.0586466
23 0.487604 0.296801 0.0162764 0.0501386
4 0.153835 0.324332 0.0177857 0.0482098
6 0.202578 0.350881 0.0174316 0.057416
9 0.321357 0.336575 0.017483 0.0569947
21 0.860521 0.30916 0.0213036 0.0528859
16 0.114035 0.372807 0.018505 0.0351239
20 0.745414 0.313412 0.0178567 0.0583886
12 0.356314 0.232539 0.0160542 0.0488144
3 0.740341 0.624281 0.0296242 0.0714757
9 0.352445 0.295664 0.0165087 0.0519824
14 0.684334 0.390572 0.0214549 0.0577958
11 0.55428 0.263515 0.0152578 0.0470031
10 0.545242 0.218791 0.0126802 0.0458293
20 0.860824 0.309671 0.0202076 0.0532715
13 0.545358 0.21795 0.0130814 0.0467564
20 0.684819 0.391018 0.021483 0.0597224
2 0.792834 0.447511 0.0244505 0.0586466
