13 0.518215 0.165533 0.0272738 0.0497198
1 0.310071 0.123694 0.0233565 0.0506382
3 0.69967 0.775571 0.032652 0.0827964
2 0.877063 0.461728 0.0293797 0.0742657
9 0.169169 0.482045 0.0312808 0.0689883
5 0.233861 0.214666 0.0249493 0.062508
12 0.310235 0.123875 0.0241012 0.0516084
15 0.583407 0.474214 0.0245561 0.0692181
11 0.487477 0.21984 0.0202261 0.0470516
13 0.469285 0.173868 0.0205694 0.0498565
20 0.52118 0.282403 0.0223956 0.0637174
18 0.150759 0.710554 0.0321914 0.0852305
22 0.895199 0.335604 0.0233274 0.0744778
7 0.411833 0.256618 0.0291842 0.0589611
23 0.399064 0.387942 0.0230281 0.0621776
18 0.435825 0.553463 0.0312757 0.0752034
13 0.518215 0.165533 0.0272738 0.0497198
1 0.310071 0.123694 0.0233565 0.0506382
3 0.69967 0.775571 0.032652 0.0827964
2 0.877063 0.461728 0.0293797 0.0742657
9 0.169169 0.482045 0.0312808 0.0689883
5 0.233861 0.214666 0.0249493 0.062508
12 0.310235 0.123875 0.0241012 0.0516084
15 0.583407 0.474214 0.0245561 0.0692181
11 0.487477 0.21984 0.0202261 0.0470516
13 0.469285 0.173868 0.0205694 0.0498565
20 0.52118 0.282403 0.0223956 0.0637174
18 0.150759 0.710554 0.0321914 0.0852305
22 0.895199 0.335604 0.0233274 0.0744778
7 0.411833 0.256618 0.0291842 0.0589611
23 0.399064 0.387942 0.0230281 0.0621776
18 0.435825 0.553463 0.0312757 0.0752034
13 0.518215 0.165533 0.0272738 0.0497198
1 0.310071 0.123694 0.0233565 0.0506382
3 0.69967 0.775571 0.032652 0.0827964
2 0.877063 0.461728 0.0293797 0.0742657
9 0.169169 0.482045 0.0312808 0.0689883
5 0.233861 0.214666 0.0249493 0.062508
12 0.310235 0.123875 0.0241012 0.0516084
15 0.583407 0.474214 0.0245561 0.0692181
11 0.487477 0.21984 0.0202261 0.0470516
13 0.469285 0.173868 0.0205694 0.0498565
20 0.52118 0.282403 0.0223956 0.0637174
18 0.150759 0.710554 0.0321914 0.0852305
22 0.895199 0.335604 0.0233274 0.0744778
7 0.411833 0.256618 0.0291842 0.0589611
23 0.399064 0.387942 0.0230281 0.0621776
18 0.435825 0.553463 0.0312757 0.0752034
13 0.518215 0.165533 0.0272738 0.0497198
1 0.310071 0.123694 0.0233565 0.0506382
3 0.69967 0.775571 0.032652 0.0827964
2 0.877063 0.461728 0.0293797 0.0742657
9 0.169169 0.482045 0.0312808 0.0689883
5 0.233861 0.214666 0.0249493 0.062508
12 0.310235 0.123875 0.0241012 0.0516084
15 0.583407 0.474214 0.0245561 0.0692181
11 0.487477 0.21984 0.0202261 0.0470516
13 0.469285 0.173868 0.0205694 0.0498565
20 0.52118 0.282403 0.0223956 0.0637174
18 0.150759 0.710554 0.0321914 0.0852305
22 0.895199 0.335604 0.0233274 0.0744778
7 0.411833 0.256618 0.0291842 0.0589611
23 0.399064 0.387942 0.0230281 0.0621776
18 0.435825 0.553463 0.0312757 0.0752034
