5 0.302451 0.244123 0.0233524 0.0523305
3 0.725687 0.725958 0.024935 0.0800595
6 0.224065 0.434868 0.0262896 0.0507265
23 0.443634 0.377289 0.0177385 0.0570928
12 0.413523 0.20752 0.0222041 0.0437961
11 0.507337 0.259974 0.0177134 0.0439909
9 0.403388 0.348006 0.0254684 0.0590448
16 0.186632 0.586016 0.0266561 0.0721794
1 0.36438 0.186384 0.0185664 0.044538
2 0.877508 0.47507 0.0271465 0.0677336
0 0.347215 0.204004 0.0107491 0.0177043
10 0.486037 0.21267 0.0190753 0.0480363
22 0.907548 0.370418 0.0237656 0.0723058
13 0.510932 0.20527 0.0146637 0.0418234
20 0.60964 0.30568 0.0207711 0.0604576
13 0.486615 0.213048 0.0177328 0.0493711
15 0.581557 0.468519 0.0247939 0.0596324
7 0.393552 0.269751 0.0222127 0.0472727
18 0.418164 0.510703 0.027906 0.0648571
8 0.207346 0.368096 0.0173825 0.0591656
5 0.302451 0.244123 0.0233524 0.0523305
3 0.725687 0.725958 0.024935 0.0800595
6 0.224065 0.434868 0.0262896 0.0507265
23 0.443634 0.377289 0.0177385 0.0570928
12 0.413523 0.20752 0.0222041 0.0437961
11 0.507337 0.259974 0.0177134 0.0439909
9 0.403388 0.348006 0.0254684 0.0590448
16 0.186632 0.586016 0.0266561 0.0721794
1 0.36438 0.186384 0.0185664 0.044538
2 0.877508 0.47507 0.0271465 0.0677336
0 0.347215 0.204004 0.0107491 0.0177043
10 0.486037 0.21267 0.0190753 0.0480363
22 0.907548 0.370418 0.0237656 0.0723058
13 0.510932 0.20527 0.0146637 0.0418234
20 0.60964 0.30568 0.0207711 0.0604576
13 0.486615 0.213048 0.0177328 0.0493711
15 0.581557 0.468519 0.0247939 0.0596324
7 0.393552 0.269751 0.0222127 0.0472727
18 0.418164 0.510703 0.027906 0.0648571
8 0.207346 0.368096 0.0173825 0.0591656
5 0.302451 0.244123 0.0233524 0.0523305
3 0.725687 0.725958 0.024935 0.0800595
6 0.224065 0.434868 0.0262896 0.0507265
23 0.443634 0.377289 0.0177385 0.0570928
12 0.413523 0.20752 0.0222041 0.0437961
11 0.507337 0.259974 0.0177134 0.0439909
9 0.403388 0.348006 0.0254684 0.0590448
16 0.186632 0.586016 0.0266561 0.0721794
1 0.36438 0.186384 0.0185664 0.044538
2 0.877508 0.47507 0.0271465 0.0677336
0 0.347215 0.204004 0.0107491 0.0177043
10 0.486037 0.21267 0.0190753 0.0480363
22 0.907548 0.370418 0.0237656 0.0723058
13 0.510932 0.20527 0.0146637 0.0418234
20 0.60964 0.30568 0.0207711 0.0604576
13 0.486615 0.213048 0.0177328 0.0493711
15 0.581557 0.468519 0.0247939 0.0596324
7 0.393552 0.269751 0.0222127 0.0472727
18 0.418164 0.510703 0.027906 0.0648571
8 0.207346 0.368096 0.0173825 0.0591656
5 0.302451 0.244123 0.0233524 0.0523305
3 0.725687 0.725958 0.024935 0.0800595
6 0.224065 0.434868 0.0262896 0.0507265
23 0.443634 0.377289 0.0177385 0.0570928
12 0.413523 0.20752 0.0222041 0.0437961
11 0.507337 0.259974 0.0177134 0.0439909
9 0.403388 0.348006 0.0254684 0.0590448
16 0.186632 0.586016 0.0266561 0.0721794
1 0.36438 0.186384 0.0185664 0.044538
2 0.877508 0.47507 0.0271465 0.0677336
0 0.347215 0.204004 0.0107491 0.0177043
10 0.486037 0.21267 0.0190753 0.0480363
22 0.907548 0.370418 0.0237656 0.0723058
13 0.510932 0.20527 0.0146637 0.0418234
20 0.60964 0.30568 0.0207711 0.0604576
13 0.486615 0.213048 0.0177328 0.0493711
15 0.581557 0.468519 0.0247939 0.0596324
7 0.393552 0.269751 0.0222127 0.0472727
18 0.418164 0.510703 0.027906 0.0648571
8 0.207346 0.368096 0.0173825 0.0591656
