23 0.461722 0.302267 0.0164404 0.0491834
12 0.283854 0.195594 0.0150511 0.0341124
3 0.727424 0.656651 0.0253441 0.0837202
1 0.332527 0.232176 0.0180251 0.0489152
4 0.132461 0.314987 0.0200282 0.0408106
2 0.839199 0.462596 0.0267174 0.0694917
6 0.173045 0.367392 0.0183266 0.0559238
16 0.13011 0.389384 0.0183845 0.0477297
20 0.696933 0.307587 0.0192448 0.0581733
6 0.130231 0.388944 0.0181023 0.0479262
7 0.305755 0.23871 0.0146074 0.0438906
9 0.323839 0.317456 0.0261431 0.0551042
15 0.432298 0.406581 0.021913 0.0566808
20 0.504766 0.264654 0.0180422 0.0549718
2 0.830616 0.298163 0.0198227 0.0531494
13 0.468563 0.220042 0.0148289 0.0485673
13 0.414187 0.213534 0.0158944 0.0489115
8 0.246713 0.291893 0.0164068 0.0553763
18 0.308386 0.438905 0.021594 0.0661591
22 0.958841 0.390388 0.0250568 0.0720975
23 0.461722 0.302267 0.0164404 0.0491834
12 0.283854 0.195594 0.0150511 0.0341124
3 0.727424 0.656651 0.0253441 0.0837202
1 0.332527 0.232176 0.0180251 0.0489152
4 0.132461 0.314987 0.0200282 0.0408106
2 0.839199 0.462596 0.0267174 0.0694917
6 0.173045 0.367392 0.0183266 0.0559238
16 0.13011 0.389384 0.0183845 0.0477297
20 0.696933 0.307587 0.0192448 0.0581733
6 0.130231 0.388944 0.0181023 0.0479262
7 0.305755 0.23871 0.0146074 0.0438906
9 0.323839 0.317456 0.0261431 0.0551042
15 0.432298 0.406581 0.021913 0.0566808
20 0.504766 0.264654 0.0180422 0.0549718
2 0.830616 0.298163 0.0198227 0.0531494
13 0.468563 0.220042 0.0148289 0.0485673
13 0.414187 0.213534 0.0158944 0.0489115
8 0.246713 0.291893 0.0164068 0.0553763
18 0.308386 0.438905 0.021594 0.0661591
22 0.958841 0.390388 0.0250568 0.0720975
23 0.461722 0.302267 0.0164404 0.0491834
12 0.283854 0.195594 0.0150511 0.0341124
3 0.727424 0.656651 0.0253441 0.0837202
1 0.332527 0.232176 0.0180251 0.0489152
4 0.132461 0.314987 0.0200282 0.0408106
2 0.839199 0.462596 0.0267174 0.0694917
6 0.173045 0.367392 0.0183266 0.0559238
16 0.13011 0.389384 0.0183845 0.0477297
20 0.696933 0.307587 0.0192448 0.0581733
6 0.130231 0.388944 0.0181023 0.0479262
7 0.305755 0.23871 0.0146074 0.0438906
9 0.323839 0.317456 0.0261431 0.0551042
15 0.432298 0.406581 0.021913 0.0566808
20 0.504766 0.264654 0.0180422 0.0549718
2 0.830616 0.298163 0.0198227 0.0531494
13 0.468563 0.220042 0.0148289 0.0485673
13 0.414187 0.213534 0.0158944 0.0489115
8 0.246713 0.291893 0.0164068 0.0553763
18 0.308386 0.438905 0.021594 0.0661591
22 0.958841 0.390388 0.0250568 0.0720975
23 0.461722 0.302267 0.0164404 0.0491834
12 0.283854 0.195594 0.0150511 0.0341124
3 0.727424 0.656651 0.0253441 0.0837202
1 0.332527 0.232176 0.0180251 0.0489152
4 0.132461 0.314987 0.0200282 0.0408106
2 0.839199 0.462596 0.0267174 0.0694917
6 0.173045 0.367392 0.0183266 0.0559238
16 0.13011 0.389384 0.0183845 0.0477297
20 0.696933 0.307587 0.0192448 0.0581733
6 0.130231 0.388944 0.0181023 0.0479262
7 0.305755 0.23871 0.0146074 0.0438906
9 0.323839 0.317456 0.0261431 0.0551042
15 0.432298 0.406581 0.021913 0.0566808
20 0.504766 0.264654 0.0180422 0.0549718
2 0.830616 0.298163 0.0198227 0.0531494
13 0.468563 0.220042 0.0148289 0.0485673
13 0.414187 0.213534 0.0158944 0.0489115
8 0.246713 0.291893 0.0164068 0.0553763
18 0.308386 0.438905 0.021594 0.0661591
22 0.958841 0.390388 0.0250568 0.0720975
