23 0.48397 0.295293 0.0157314 0.0497013
6 0.185279 0.354803 0.019802 0.0567062
3 0.748762 0.636946 0.0284402 0.0834018
20 0.732598 0.310351 0.0179651 0.0594323
2 0.846173 0.464817 0.0322393 0.0645038
16 0.132467 0.377154 0.0256543 0.0234037
4 0.139248 0.339735 0.0180046 0.0259622
12 0.26734 0.216775 0.0172342 0.0461295
9 0.319419 0.332325 0.0179945 0.0496654
1 0.34912 0.239789 0.018906 0.0520938
12 0.349011 0.239661 0.0188183 0.0517437
15 0.683385 0.389617 0.020656 0.0582835
15 0.41706 0.393562 0.0189647 0.0562632
21 0.864941 0.296666 0.0238178 0.0648649
18 0.316802 0.434201 0.0225437 0.0607044
10 0.522423 0.217262 0.0142166 0.0495117
13 0.522527 0.216632 0.0146343 0.0503582
23 0.48397 0.295293 0.0157314 0.0497013
6 0.185279 0.354803 0.019802 0.0567062
3 0.748762 0.636946 0.0284402 0.0834018
20 0.732598 0.310351 0.0179651 0.0594323
2 0.846173 0.464817 0.0322393 0.0645038
16 0.132467 0.377154 0.0256543 0.0234037
4 0.139248 0.339735 0.0180046 0.0259622
12 0.26734 0.216775 0.0172342 0.0461295
9 0.319419 0.332325 0.0179945 0.0496654
1 0.34912 0.239789 0.018906 0.0520938
12 0.349011 0.239661 0.0188183 0.0517437
15 0.683385 0.389617 0.020656 0.0582835
15 0.41706 0.393562 0.0189647 0.0562632
21 0.864941 0.296666 0.0238178 0.0648649
18 0.316802 0.434201 0.0225437 0.0607044
10 0.522423 0.217262 0.0142166 0.0495117
13 0.522527 0.216632 0.0146343 0.0503582
23 0.48397 0.295293 0.0157314 0.0497013
6 0.185279 0.354803 0.019802 0.0567062
3 0.748762 0.636946 0.0284402 0.0834018
20 0.732598 0.310351 0.0179651 0.0594323
2 0.846173 0.464817 0.0322393 0.0645038
16 0.132467 0.377154 0.0256543 0.0234037
4 0.139248 0.339735 0.0180046 0.0259622
12 0.26734 0.216775 0.0172342 0.0461295
9 0.319419 0.332325 0.0179945 0.0496654
1 0.34912 0.239789 0.018906 0.0520938
12 0.349011 0.239661 0.0188183 0.0517437
15 0.683385 0.389617 0.020656 0.0582835
15 0.41706 0.393562 0.0189647 0.0562632
21 0.864941 0.296666 0.0238178 0.0648649
18 0.316802 0.434201 0.0225437 0.0607044
10 0.522423 0.217262 0.0142166 0.0495117
13 0.522527 0.216632 0.0146343 0.0503582
23 0.48397 0.295293 0.0157314 0.0497013
6 0.185279 0.354803 0.019802 0.0567062
3 0.748762 0.636946 0.0284402 0.0834018
20 0.732598 0.310351 0.0179651 0.0594323
2 0.846173 0.464817 0.0322393 0.0645038
16 0.132467 0.377154 0.0256543 0.0234037
4 0.139248 0.339735 0.0180046 0.0259622
12 0.26734 0.216775 0.0172342 0.0461295
9 0.319419 0.332325 0.0179945 0.0496654
1 0.34912 0.239789 0.018906 0.0520938
12 0.349011 0.239661 0.0188183 0.0517437
15 0.683385 0.389617 0.020656 0.0582835
15 0.41706 0.393562 0.0189647 0.0562632
21 0.864941 0.296666 0.0238178 0.0648649
18 0.316802 0.434201 0.0225437 0.0607044
10 0.522423 0.217262 0.0142166 0.0495117
13 0.522527 0.216632 0.0146343 0.0503582
