3 0.688871 0.785986 0.0323184 0.0928301
1 0.297435 0.106182 0.0205839 0.050927
5 0.231235 0.214866 0.029351 0.0647743
13 0.528739 0.156742 0.0194899 0.0526576
2 0.874845 0.45405 0.0292306 0.0785746
23 0.400723 0.394551 0.0199551 0.0610939
9 0.166917 0.509552 0.0321111 0.0759191
18 0.169159 0.765823 0.0351274 0.0876334
15 0.592146 0.473795 0.0274269 0.0720304
22 0.89813 0.325884 0.024474 0.0763385
6 0.166515 0.510812 0.0326191 0.0770564
0 0.306717 0.152691 0.0129931 0.0169534
18 0.167364 0.511259 0.0315641 0.075848
14 0.595489 0.346712 0.0226107 0.0700203
9 0.496167 0.276716 0.0202531 0.0613224
16 0.168947 0.765089 0.0333419 0.085886
7 0.437126 0.248602 0.028606 0.0585082
3 0.168432 0.765024 0.0342591 0.0874235
11 0.48828 0.207308 0.02075 0.041898
3 0.688871 0.785986 0.0323184 0.0928301
1 0.297435 0.106182 0.0205839 0.050927
5 0.231235 0.214866 0.029351 0.0647743
13 0.528739 0.156742 0.0194899 0.0526576
2 0.874845 0.45405 0.0292306 0.0785746
23 0.400723 0.394551 0.0199551 0.0610939
9 0.166917 0.509552 0.0321111 0.0759191
18 0.169159 0.765823 0.0351274 0.0876334
15 0.592146 0.473795 0.0274269 0.0720304
22 0.89813 0.325884 0.024474 0.0763385
6 0.166515 0.510812 0.0326191 0.0770564
0 0.306717 0.152691 0.0129931 0.0169534
18 0.167364 0.511259 0.0315641 0.075848
14 0.595489 0.346712 0.0226107 0.0700203
9 0.496167 0.276716 0.0202531 0.0613224
16 0.168947 0.765089 0.0333419 0.085886
7 0.437126 0.248602 0.028606 0.0585082
3 0.168432 0.765024 0.0342591 0.0874235
11 0.48828 0.207308 0.02075 0.041898
3 0.688871 0.785986 0.0323184 0.0928301
1 0.297435 0.106182 0.0205839 0.050927
5 0.231235 0.214866 0.029351 0.0647743
13 0.528739 0.156742 0.0194899 0.0526576
2 0.874845 0.45405 0.0292306 0.0785746
23 0.400723 0.394551 0.0199551 0.0610939
9 0.166917 0.509552 0.0321111 0.0759191
18 0.169159 0.765823 0.0351274 0.0876334
15 0.592146 0.473795 0.0274269 0.0720304
22 0.89813 0.325884 0.024474 0.0763385
6 0.166515 0.510812 0.0326191 0.0770564
0 0.306717 0.152691 0.0129931 0.0169534
18 0.167364 0.511259 0.0315641 0.075848
14 0.595489 0.346712 0.0226107 0.0700203
9 0.496167 0.276716 0.0202531 0.0613224
16 0.168947 0.765089 0.0333419 0.085886
7 0.437126 0.248602 0.028606 0.0585082
3 0.168432 0.765024 0.0342591 0.0874235
11 0.48828 0.207308 0.02075 0.041898
3 0.688871 0.785986 0.0323184 0.0928301
1 0.297435 0.106182 0.0205839 0.050927
5 0.231235 0.214866 0.029351 0.0647743
13 0.528739 0.156742 0.0194899 0.0526576
2 0.874845 0.45405 0.0292306 0.0785746
23 0.400723 0.394551 0.0199551 0.0610939
9 0.166917 0.509552 0.0321111 0.0759191
18 0.169159 0.765823 0.0351274 0.0876334
15 0.592146 0.473795 0.0274269 0.0720304
22 0.89813 0.325884 0.024474 0.0763385
6 0.166515 0.510812 0.0326191 0.0770564
0 0.306717 0.152691 0.0129931 0.0169534
18 0.167364 0.511259 0.0315641 0.075848
14 0.595489 0.346712 0.0226107 0.0700203
9 0.496167 0.276716 0.0202531 0.0613224
16 0.168947 0.765089 0.0333419 0.085886
7 0.437126 0.248602 0.028606 0.0585082
3 0.168432 0.765024 0.0342591 0.0874235
11 0.48828 0.207308 0.02075 0.041898
