23 0.41771 0.381915 0.0189137 0.0572352
5 0.269441 0.231994 0.0263835 0.0562148
3 0.709057 0.743327 0.0276827 0.0862155
12 0.411891 0.196088 0.0185986 0.0494508
6 0.199338 0.452002 0.027907 0.0565793
11 0.492676 0.246583 0.0171944 0.0443087
15 0.579596 0.468992 0.0228218 0.0615944
13 0.505299 0.194061 0.0179436 0.0456333
9 0.38853 0.348864 0.0268843 0.0585588
8 0.188043 0.361827 0.0204149 0.0510053
21 0.784398 0.271809 0.0211471 0.0567821
13 0.473316 0.200385 0.0191684 0.048798
16 0.162603 0.634862 0.0245661 0.0750547
1 0.337671 0.163866 0.0148621 0.0435106
20 0.785063 0.272352 0.0205943 0.0591626
2 0.869065 0.473748 0.0335251 0.0725004
20 0.565595 0.297135 0.0203956 0.0606424
7 0.391368 0.268709 0.0225241 0.0532185
14 0.619994 0.374368 0.021935 0.0605585
20 0.88868 0.356951 0.0255554 0.0710656
22 0.888511 0.357314 0.0248327 0.0699249
23 0.41771 0.381915 0.0189137 0.0572352
5 0.269441 0.231994 0.0263835 0.0562148
3 0.709057 0.743327 0.0276827 0.0862155
12 0.411891 0.196088 0.0185986 0.0494508
6 0.199338 0.452002 0.027907 0.0565793
11 0.492676 0.246583 0.0171944 0.0443087
15 0.579596 0.468992 0.0228218 0.0615944
13 0.505299 0.194061 0.0179436 0.0456333
9 0.38853 0.348864 0.0268843 0.0585588
8 0.188043 0.361827 0.0204149 0.0510053
21 0.784398 0.271809 0.0211471 0.0567821
13 0.473316 0.200385 0.0191684 0.048798
16 0.162603 0.634862 0.0245661 0.0750547
1 0.337671 0.163866 0.0148621 0.0435106
20 0.785063 0.272352 0.0205943 0.0591626
2 0.869065 0.473748 0.0335251 0.0725004
20 0.565595 0.297135 0.0203956 0.0606424
7 0.391368 0.268709 0.0225241 0.0532185
14 0.619994 0.374368 0.021935 0.0605585
20 0.88868 0.356951 0.0255554 0.0710656
22 0.888511 0.357314 0.0248327 0.0699249
23 0.41771 0.381915 0.0189137 0.0572352
5 0.269441 0.231994 0.0263835 0.0562148
3 0.709057 0.743327 0.0276827 0.0862155
12 0.411891 0.196088 0.0185986 0.0494508
6 0.199338 0.452002 0.027907 0.0565793
11 0.492676 0.246583 0.0171944 0.0443087
15 0.579596 0.468992 0.0228218 0.0615944
13 0.505299 0.194061 0.0179436 0.0456333
9 0.38853 0.348864 0.0268843 0.0585588
8 0.188043 0.361827 0.0204149 0.0510053
21 0.784398 0.271809 0.0211471 0.0567821
13 0.473316 0.200385 0.0191684 0.048798
16 0.162603 0.634862 0.0245661 0.0750547
1 0.337671 0.163866 0.0148621 0.0435106
20 0.785063 0.272352 0.0205943 0.0591626
2 0.869065 0.473748 0.0335251 0.0725004
20 0.565595 0.297135 0.0203956 0.0606424
7 0.391368 0.268709 0.0225241 0.0532185
14 0.619994 0.374368 0.021935 0.0605585
20 0.88868 0.356951 0.0255554 0.0710656
22 0.888511 0.357314 0.0248327 0.0699249
23 0.41771 0.381915 0.0189137 0.0572352
5 0.269441 0.231994 0.0263835 0.0562148
3 0.709057 0.743327 0.0276827 0.0862155
12 0.411891 0.196088 0.0185986 0.0494508
6 0.199338 0.452002 0.027907 0.0565793
11 0.492676 0.246583 0.0171944 0.0443087
15 0.579596 0.468992 0.0228218 0.0615944
13 0.505299 0.194061 0.0179436 0.0456333
9 0.38853 0.348864 0.0268843 0.0585588
8 0.188043 0.361827 0.0204149 0.0510053
21 0.784398 0.271809 0.0211471 0.0567821
13 0.473316 0.200385 0.0191684 0.048798
16 0.162603 0.634862 0.0245661 0.0750547
1 0.337671 0.163866 0.0148621 0.0435106
20 0.785063 0.272352 0.0205943 0.0591626
2 0.869065 0.473748 0.0335251 0.0725004
20 0.565595 0.297135 0.0203956 0.0606424
7 0.391368 0.268709 0.0225241 0.0532185
14 0.619994 0.374368 0.021935 0.0605585
20 0.88868 0.356951 0.0255554 0.0710656
22 0.888511 0.357314 0.0248327 0.0699249
