23 0.46538 0.353069 0.0195741 0.05564
3 0.7366 0.701261 0.0257454 0.0777664
4 0.0500325 0.328733 0.0197978 0.0602423
6 0.224362 0.404234 0.0188144 0.0559402
5 0.319907 0.249038 0.0246386 0.0475773
11 0.510041 0.269555 0.0169516 0.0462813
20 0.657502 0.310712 0.01946 0.0556815
8 0.22334 0.338203 0.0174064 0.0511302
21 0.819718 0.300234 0.0207998 0.0586571
2 0.872928 0.476292 0.0247486 0.0735252
9 0.373018 0.266673 0.0183812 0.0469791
16 0.194432 0.507968 0.0229722 0.0682101
2 0.391937 0.479432 0.0269179 0.0612356
13 0.495395 0.215552 0.0148735 0.0415258
9 0.398505 0.337452 0.0256562 0.0558192
14 0.669921 0.387799 0.0206165 0.0539291
22 0.929843 0.381627 0.0221201 0.0653402
12 0.364067 0.210757 0.0199494 0.0436453
15 0.545871 0.450517 0.0249447 0.0585778
2 0.819735 0.30058 0.0207066 0.0573612
13 0.480151 0.225115 0.0134685 0.0437063
8 0.248314 0.328212 0.0214756 0.047486
23 0.46538 0.353069 0.0195741 0.05564
3 0.7366 0.701261 0.0257454 0.0777664
4 0.0500325 0.328733 0.0197978 0.0602423
6 0.224362 0.404234 0.0188144 0.0559402
5 0.319907 0.249038 0.0246386 0.0475773
11 0.510041 0.269555 0.0169516 0.0462813
20 0.657502 0.310712 0.01946 0.0556815
8 0.22334 0.338203 0.0174064 0.0511302
21 0.819718 0.300234 0.0207998 0.0586571
2 0.872928 0.476292 0.0247486 0.0735252
9 0.373018 0.266673 0.0183812 0.0469791
16 0.194432 0.507968 0.0229722 0.0682101
2 0.391937 0.479432 0.0269179 0.0612356
13 0.495395 0.215552 0.0148735 0.0415258
9 0.398505 0.337452 0.0256562 0.0558192
14 0.669921 0.387799 0.0206165 0.0539291
22 0.929843 0.381627 0.0221201 0.0653402
12 0.364067 0.210757 0.0199494 0.0436453
15 0.545871 0.450517 0.0249447 0.0585778
2 0.819735 0.30058 0.0207066 0.0573612
13 0.480151 0.225115 0.0134685 0.0437063
8 0.248314 0.328212 0.0214756 0.047486
23 0.46538 0.353069 0.0195741 0.05564
3 0.7366 0.701261 0.0257454 0.0777664
4 0.0500325 0.328733 0.0197978 0.0602423
6 0.224362 0.404234 0.0188144 0.0559402
5 0.319907 0.249038 0.0246386 0.0475773
11 0.510041 0.269555 0.0169516 0.0462813
20 0.657502 0.310712 0.01946 0.0556815
8 0.22334 0.338203 0.0174064 0.0511302
21 0.819718 0.300234 0.0207998 0.0586571
2 0.872928 0.476292 0.0247486 0.0735252
9 0.373018 0.266673 0.0183812 0.0469791
16 0.194432 0.507968 0.0229722 0.0682101
2 0.391937 0.479432 0.0269179 0.0612356
13 0.495395 0.215552 0.0148735 0.0415258
9 0.398505 0.337452 0.0256562 0.0558192
14 0.669921 0.387799 0.0206165 0.0539291
22 0.929843 0.381627 0.0221201 0.0653402
12 0.364067 0.210757 0.0199494 0.0436453
15 0.545871 0.450517 0.0249447 0.0585778
2 0.819735 0.30058 0.0207066 0.0573612
13 0.480151 0.225115 0.0134685 0.0437063
8 0.248314 0.328212 0.0214756 0.047486
23 0.46538 0.353069 0.0195741 0.05564
3 0.7366 0.701261 0.0257454 0.0777664
4 0.0500325 0.328733 0.0197978 0.0602423
6 0.224362 0.404234 0.0188144 0.0559402
5 0.319907 0.249038 0.0246386 0.0475773
11 0.510041 0.269555 0.0169516 0.0462813
20 0.657502 0.310712 0.01946 0.0556815
8 0.22334 0.338203 0.0174064 0.0511302
21 0.819718 0.300234 0.0207998 0.0586571
2 0.872928 0.476292 0.0247486 0.0735252
9 0.373018 0.266673 0.0183812 0.0469791
16 0.194432 0.507968 0.0229722 0.0682101
2 0.391937 0.479432 0.0269179 0.0612356
13 0.495395 0.215552 0.0148735 0.0415258
9 0.398505 0.337452 0.0256562 0.0558192
14 0.669921 0.387799 0.0206165 0.0539291
22 0.929843 0.381627 0.0221201 0.0653402
12 0.364067 0.210757 0.0199494 0.0436453
15 0.545871 0.450517 0.0249447 0.0585778
2 0.819735 0.30058 0.0207066 0.0573612
13 0.480151 0.225115 0.0134685 0.0437063
8 0.248314 0.328212 0.0214756 0.047486
