23 0.458563 0.366174 0.0180368 0.0531206
16 0.196433 0.535808 0.0270372 0.0613537
5 0.319979 0.254095 0.0262303 0.052105
3 0.732247 0.710312 0.0243083 0.0761522
11 0.510937 0.272215 0.0183428 0.0458707
6 0.231515 0.417871 0.0237633 0.0553953
8 0.219351 0.357551 0.0197836 0.0493013
4 0.0235759 0.334955 0.0181991 0.0633802
20 0.639892 0.311942 0.0190411 0.057433
2 0.870144 0.479264 0.0215851 0.0683138
7 0.383732 0.269613 0.0217487 0.0451558
9 0.403982 0.346496 0.0222079 0.0579546
12 0.400257 0.214709 0.0162081 0.0454525
21 0.810748 0.298928 0.0206182 0.0549066
18 0.405716 0.490988 0.0284056 0.0588472
13 0.504761 0.217049 0.0160559 0.042865
18 0.195711 0.535821 0.0272005 0.0620009
12 0.368613 0.207831 0.0188419 0.0430951
13 0.485351 0.224729 0.0163761 0.0438696
14 0.660165 0.388397 0.0184809 0.0532527
15 0.562682 0.458973 0.0260746 0.0596895
10 0.484494 0.225183 0.0170582 0.0452301
15 0.406037 0.490346 0.0265387 0.0562
20 0.917034 0.380447 0.0224491 0.0652994
22 0.916561 0.379977 0.0229603 0.0681541
23 0.458563 0.366174 0.0180368 0.0531206
16 0.196433 0.535808 0.0270372 0.0613537
5 0.319979 0.254095 0.0262303 0.052105
3 0.732247 0.710312 0.0243083 0.0761522
11 0.510937 0.272215 0.0183428 0.0458707
6 0.231515 0.417871 0.0237633 0.0553953
8 0.219351 0.357551 0.0197836 0.0493013
4 0.0235759 0.334955 0.0181991 0.0633802
20 0.639892 0.311942 0.0190411 0.057433
2 0.870144 0.479264 0.0215851 0.0683138
7 0.383732 0.269613 0.0217487 0.0451558
9 0.403982 0.346496 0.0222079 0.0579546
12 0.400257 0.214709 0.0162081 0.0454525
21 0.810748 0.298928 0.0206182 0.0549066
18 0.405716 0.490988 0.0284056 0.0588472
13 0.504761 0.217049 0.0160559 0.042865
18 0.195711 0.535821 0.0272005 0.0620009
12 0.368613 0.207831 0.0188419 0.0430951
13 0.485351 0.224729 0.0163761 0.0438696
14 0.660165 0.388397 0.0184809 0.0532527
15 0.562682 0.458973 0.0260746 0.0596895
10 0.484494 0.225183 0.0170582 0.0452301
15 0.406037 0.490346 0.0265387 0.0562
20 0.917034 0.380447 0.0224491 0.0652994
22 0.916561 0.379977 0.0229603 0.0681541
23 0.458563 0.366174 0.0180368 0.0531206
16 0.196433 0.535808 0.0270372 0.0613537
5 0.319979 0.254095 0.0262303 0.052105
3 0.732247 0.710312 0.0243083 0.0761522
11 0.510937 0.272215 0.0183428 0.0458707
6 0.231515 0.417871 0.0237633 0.0553953
8 0.219351 0.357551 0.0197836 0.0493013
4 0.0235759 0.334955 0.0181991 0.0633802
20 0.639892 0.311942 0.0190411 0.057433
2 0.870144 0.479264 0.0215851 0.0683138
7 0.383732 0.269613 0.0217487 0.0451558
9 0.403982 0.346496 0.0222079 0.0579546
12 0.400257 0.214709 0.0162081 0.0454525
21 0.810748 0.298928 0.0206182 0.0549066
18 0.405716 0.490988 0.0284056 0.0588472
13 0.504761 0.217049 0.0160559 0.042865
18 0.195711 0.535821 0.0272005 0.0620009
12 0.368613 0.207831 0.0188419 0.0430951
13 0.485351 0.224729 0.0163761 0.0438696
14 0.660165 0.388397 0.0184809 0.0532527
15 0.562682 0.458973 0.0260746 0.0596895
10 0.484494 0.225183 0.0170582 0.0452301
15 0.406037 0.490346 0.0265387 0.0562
20 0.917034 0.380447 0.0224491 0.0652994
22 0.916561 0.379977 0.0229603 0.0681541
23 0.458563 0.366174 0.0180368 0.0531206
16 0.196433 0.535808 0.0270372 0.0613537
5 0.319979 0.254095 0.0262303 0.052105
3 0.732247 0.710312 0.0243083 0.0761522
11 0.510937 0.272215 0.0183428 0.0458707
6 0.231515 0.417871 0.0237633 0.0553953
8 0.219351 0.357551 0.0197836 0.0493013
4 0.0235759 0.334955 0.0181991 0.0633802
20 0.639892 0.311942 0.0190411 0.057433
2 0.870144 0.479264 0.0215851 0.0683138
7 0.383732 0.269613 0.0217487 0.0451558
9 0.403982 0.346496 0.0222079 0.0579546
12 0.400257 0.214709 0.0162081 0.0454525
21 0.810748 0.298928 0.0206182 0.0549066
18 0.405716 0.490988 0.0284056 0.0588472
13 0.504761 0.217049 0.0160559 0.042865
18 0.195711 0.535821 0.0272005 0.0620009
12 0.368613 0.207831 0.0188419 0.0430951
13 0.485351 0.224729 0.0163761 0.0438696
14 0.660165 0.388397 0.0184809 0.0532527
15 0.562682 0.458973 0.0260746 0.0596895
10 0.484494 0.225183 0.0170582 0.0452301
15 0.406037 0.490346 0.0265387 0.0562
20 0.917034 0.380447 0.0224491 0.0652994
22 0.916561 0.379977 0.0229603 0.0681541
