23 0.463579 0.356294 0.0177963 0.0551087
4 0.0449612 0.330037 0.0187904 0.0599206
3 0.737295 0.702483 0.0264523 0.0758855
5 0.319916 0.248252 0.0252055 0.0448851
6 0.226038 0.401725 0.0201758 0.0493822
16 0.194202 0.514578 0.022674 0.0633604
11 0.509994 0.268997 0.0168495 0.0454485
2 0.871261 0.478597 0.0211147 0.0637603
9 0.39873 0.339981 0.0242463 0.0560167
21 0.818233 0.299644 0.0187424 0.0561048
2 0.396153 0.482035 0.0277363 0.063757
12 0.389379 0.206978 0.0189329 0.0406945
20 0.65375 0.311184 0.0188937 0.0560761
7 0.374777 0.267444 0.0238014 0.0463146
13 0.497509 0.216927 0.0150145 0.0421311
13 0.481173 0.224851 0.0145357 0.0438187
12 0.364539 0.210757 0.0204193 0.0436307
8 0.221565 0.342754 0.0203466 0.0499534
14 0.66798 0.388146 0.020745 0.053825
18 0.395973 0.482094 0.0261392 0.0618667
22 0.926921 0.382362 0.021661 0.0631217
17 0.248994 0.332847 0.0208229 0.0495833
2 0.818261 0.300211 0.018526 0.0549195
10 0.481138 0.223796 0.0166931 0.0430155
23 0.463579 0.356294 0.0177963 0.0551087
4 0.0449612 0.330037 0.0187904 0.0599206
3 0.737295 0.702483 0.0264523 0.0758855
5 0.319916 0.248252 0.0252055 0.0448851
6 0.226038 0.401725 0.0201758 0.0493822
16 0.194202 0.514578 0.022674 0.0633604
11 0.509994 0.268997 0.0168495 0.0454485
2 0.871261 0.478597 0.0211147 0.0637603
9 0.39873 0.339981 0.0242463 0.0560167
21 0.818233 0.299644 0.0187424 0.0561048
2 0.396153 0.482035 0.0277363 0.063757
12 0.389379 0.206978 0.0189329 0.0406945
20 0.65375 0.311184 0.0188937 0.0560761
7 0.374777 0.267444 0.0238014 0.0463146
13 0.497509 0.216927 0.0150145 0.0421311
13 0.481173 0.224851 0.0145357 0.0438187
12 0.364539 0.210757 0.0204193 0.0436307
8 0.221565 0.342754 0.0203466 0.0499534
14 0.66798 0.388146 0.020745 0.053825
18 0.395973 0.482094 0.0261392 0.0618667
22 0.926921 0.382362 0.021661 0.0631217
17 0.248994 0.332847 0.0208229 0.0495833
2 0.818261 0.300211 0.018526 0.0549195
10 0.481138 0.223796 0.0166931 0.0430155
23 0.463579 0.356294 0.0177963 0.0551087
4 0.0449612 0.330037 0.0187904 0.0599206
3 0.737295 0.702483 0.0264523 0.0758855
5 0.319916 0.248252 0.0252055 0.0448851
6 0.226038 0.401725 0.0201758 0.0493822
16 0.194202 0.514578 0.022674 0.0633604
11 0.509994 0.268997 0.0168495 0.0454485
2 0.871261 0.478597 0.0211147 0.0637603
9 0.39873 0.339981 0.0242463 0.0560167
21 0.818233 0.299644 0.0187424 0.0561048
2 0.396153 0.482035 0.0277363 0.063757
12 0.389379 0.206978 0.0189329 0.0406945
20 0.65375 0.311184 0.0188937 0.0560761
7 0.374777 0.267444 0.0238014 0.0463146
13 0.497509 0.216927 0.0150145 0.0421311
13 0.481173 0.224851 0.0145357 0.0438187
12 0.364539 0.210757 0.0204193 0.0436307
8 0.221565 0.342754 0.0203466 0.0499534
14 0.66798 0.388146 0.020745 0.053825
18 0.395973 0.482094 0.0261392 0.0618667
22 0.926921 0.382362 0.021661 0.0631217
17 0.248994 0.332847 0.0208229 0.0495833
2 0.818261 0.300211 0.018526 0.0549195
10 0.481138 0.223796 0.0166931 0.0430155
23 0.463579 0.356294 0.0177963 0.0551087
4 0.0449612 0.330037 0.0187904 0.0599206
3 0.737295 0.702483 0.0264523 0.0758855
5 0.319916 0.248252 0.0252055 0.0448851
6 0.226038 0.401725 0.0201758 0.0493822
16 0.194202 0.514578 0.022674 0.0633604
11 0.509994 0.268997 0.0168495 0.0454485
2 0.871261 0.478597 0.0211147 0.0637603
9 0.39873 0.339981 0.0242463 0.0560167
21 0.818233 0.299644 0.0187424 0.0561048
2 0.396153 0.482035 0.0277363 0.063757
12 0.389379 0.206978 0.0189329 0.0406945
20 0.65375 0.311184 0.0188937 0.0560761
7 0.374777 0.267444 0.0238014 0.0463146
13 0.497509 0.216927 0.0150145 0.0421311
13 0.481173 0.224851 0.0145357 0.0438187
12 0.364539 0.210757 0.0204193 0.0436307
8 0.221565 0.342754 0.0203466 0.0499534
14 0.66798 0.388146 0.020745 0.053825
18 0.395973 0.482094 0.0261392 0.0618667
22 0.926921 0.382362 0.021661 0.0631217
17 0.248994 0.332847 0.0208229 0.0495833
2 0.818261 0.300211 0.018526 0.0549195
10 0.481138 0.223796 0.0166931 0.0430155
