1 0.324515 0.143019 0.016988 0.0462222
5 0.250272 0.224099 0.028043 0.0623908
3 0.701179 0.76124 0.0275875 0.0870453
0 0.309701 0.161327 0.0100951 0.0178642
12 0.421937 0.178988 0.0220821 0.0471146
13 0.471977 0.186064 0.0221882 0.0456431
21 0.782873 0.255606 0.0245638 0.0574498
11 0.489049 0.231608 0.018457 0.0436436
2 0.873223 0.46512 0.0269688 0.0736323
13 0.510829 0.180365 0.0174609 0.0460968
6 0.181787 0.470387 0.0291252 0.0636868
20 0.538469 0.288624 0.0188036 0.0621157
9 0.382563 0.343049 0.0270873 0.0604907
9 0.402487 0.261528 0.0262512 0.0598915
16 0.154692 0.679799 0.0301791 0.0820975
15 0.579933 0.471754 0.0211709 0.0632855
14 0.60637 0.364576 0.0244381 0.0615139
14 0.538653 0.288154 0.0184738 0.0609195
18 0.429017 0.544172 0.0336642 0.0778809
23 0.405308 0.385096 0.0233034 0.0591552
7 0.40263 0.261346 0.0253582 0.0578609
22 0.888541 0.344673 0.0243998 0.0706713
2 0.429062 0.544172 0.034836 0.0790377
1 0.324515 0.143019 0.016988 0.0462222
5 0.250272 0.224099 0.028043 0.0623908
3 0.701179 0.76124 0.0275875 0.0870453
0 0.309701 0.161327 0.0100951 0.0178642
12 0.421937 0.178988 0.0220821 0.0471146
13 0.471977 0.186064 0.0221882 0.0456431
21 0.782873 0.255606 0.0245638 0.0574498
11 0.489049 0.231608 0.018457 0.0436436
2 0.873223 0.46512 0.0269688 0.0736323
13 0.510829 0.180365 0.0174609 0.0460968
6 0.181787 0.470387 0.0291252 0.0636868
20 0.538469 0.288624 0.0188036 0.0621157
9 0.382563 0.343049 0.0270873 0.0604907
9 0.402487 0.261528 0.0262512 0.0598915
16 0.154692 0.679799 0.0301791 0.0820975
15 0.579933 0.471754 0.0211709 0.0632855
14 0.60637 0.364576 0.0244381 0.0615139
14 0.538653 0.288154 0.0184738 0.0609195
18 0.429017 0.544172 0.0336642 0.0778809
23 0.405308 0.385096 0.0233034 0.0591552
7 0.40263 0.261346 0.0253582 0.0578609
22 0.888541 0.344673 0.0243998 0.0706713
2 0.429062 0.544172 0.034836 0.0790377
1 0.324515 0.143019 0.016988 0.0462222
5 0.250272 0.224099 0.028043 0.0623908
3 0.701179 0.76124 0.0275875 0.0870453
0 0.309701 0.161327 0.0100951 0.0178642
12 0.421937 0.178988 0.0220821 0.0471146
13 0.471977 0.186064 0.0221882 0.0456431
21 0.782873 0.255606 0.0245638 0.0574498
11 0.489049 0.231608 0.018457 0.0436436
2 0.873223 0.46512 0.0269688 0.0736323
13 0.510829 0.180365 0.0174609 0.0460968
6 0.181787 0.470387 0.0291252 0.0636868
20 0.538469 0.288624 0.0188036 0.0621157
9 0.382563 0.343049 0.0270873 0.0604907
9 0.402487 0.261528 0.0262512 0.0598915
16 0.154692 0.679799 0.0301791 0.0820975
15 0.579933 0.471754 0.0211709 0.0632855
14 0.60637 0.364576 0.0244381 0.0615139
14 0.538653 0.288154 0.0184738 0.0609195
18 0.429017 0.544172 0.0336642 0.0778809
23 0.405308 0.385096 0.0233034 0.0591552
7 0.40263 0.261346 0.0253582 0.0578609
22 0.888541 0.344673 0.0243998 0.0706713
2 0.429062 0.544172 0.034836 0.0790377
1 0.324515 0.143019 0.016988 0.0462222
5 0.250272 0.224099 0.028043 0.0623908
3 0.701179 0.76124 0.0275875 0.0870453
0 0.309701 0.161327 0.0100951 0.0178642
12 0.421937 0.178988 0.0220821 0.0471146
13 0.471977 0.186064 0.0221882 0.0456431
21 0.782873 0.255606 0.0245638 0.0574498
11 0.489049 0.231608 0.018457 0.0436436
2 0.873223 0.46512 0.0269688 0.0736323
13 0.510829 0.180365 0.0174609 0.0460968
6 0.181787 0.470387 0.0291252 0.0636868
20 0.538469 0.288624 0.0188036 0.0621157
9 0.382563 0.343049 0.0270873 0.0604907
9 0.402487 0.261528 0.0262512 0.0598915
16 0.154692 0.679799 0.0301791 0.0820975
15 0.579933 0.471754 0.0211709 0.0632855
14 0.60637 0.364576 0.0244381 0.0615139
14 0.538653 0.288154 0.0184738 0.0609195
18 0.429017 0.544172 0.0336642 0.0778809
23 0.405308 0.385096 0.0233034 0.0591552
7 0.40263 0.261346 0.0253582 0.0578609
22 0.888541 0.344673 0.0243998 0.0706713
2 0.429062 0.544172 0.034836 0.0790377
