12 0.412077 0.1968 0.0184517 0.0504611
5 0.273447 0.232733 0.0316127 0.0572367
11 0.494714 0.248265 0.0191584 0.0439398
3 0.710954 0.742313 0.0283412 0.0859283
6 0.200857 0.450549 0.0252246 0.0550721
1 0.340131 0.169356 0.0208009 0.0482376
16 0.166881 0.631283 0.0289835 0.0795233
23 0.421715 0.380201 0.0206236 0.0573242
21 0.787642 0.272884 0.0190533 0.0559795
9 0.391065 0.348271 0.0292912 0.058913
8 0.19122 0.363796 0.0173299 0.0598463
15 0.579556 0.470285 0.0208885 0.0611225
2 0.867375 0.473026 0.0272709 0.0683636
20 0.787098 0.273391 0.0194687 0.0582898
13 0.476187 0.201012 0.0220211 0.0486709
2 0.417383 0.52285 0.0336807 0.0614571
7 0.391516 0.266264 0.0246722 0.0492882
5 0.476605 0.201362 0.0212574 0.0470461
18 0.417662 0.523303 0.031892 0.0619697
8 0.204202 0.390497 0.0173443 0.0536801
12 0.412077 0.1968 0.0184517 0.0504611
5 0.273447 0.232733 0.0316127 0.0572367
11 0.494714 0.248265 0.0191584 0.0439398
3 0.710954 0.742313 0.0283412 0.0859283
6 0.200857 0.450549 0.0252246 0.0550721
1 0.340131 0.169356 0.0208009 0.0482376
16 0.166881 0.631283 0.0289835 0.0795233
23 0.421715 0.380201 0.0206236 0.0573242
21 0.787642 0.272884 0.0190533 0.0559795
9 0.391065 0.348271 0.0292912 0.058913
8 0.19122 0.363796 0.0173299 0.0598463
15 0.579556 0.470285 0.0208885 0.0611225
2 0.867375 0.473026 0.0272709 0.0683636
20 0.787098 0.273391 0.0194687 0.0582898
13 0.476187 0.201012 0.0220211 0.0486709
2 0.417383 0.52285 0.0336807 0.0614571
7 0.391516 0.266264 0.0246722 0.0492882
5 0.476605 0.201362 0.0212574 0.0470461
18 0.417662 0.523303 0.031892 0.0619697
8 0.204202 0.390497 0.0173443 0.0536801
12 0.412077 0.1968 0.0184517 0.0504611
5 0.273447 0.232733 0.0316127 0.0572367
11 0.494714 0.248265 0.0191584 0.0439398
3 0.710954 0.742313 0.0283412 0.0859283
6 0.200857 0.450549 0.0252246 0.0550721
1 0.340131 0.169356 0.0208009 0.0482376
16 0.166881 0.631283 0.0289835 0.0795233
23 0.421715 0.380201 0.0206236 0.0573242
21 0.787642 0.272884 0.0190533 0.0559795
9 0.391065 0.348271 0.0292912 0.058913
8 0.19122 0.363796 0.0173299 0.0598463
15 0.579556 0.470285 0.0208885 0.0611225
2 0.867375 0.473026 0.0272709 0.0683636
20 0.787098 0.273391 0.0194687 0.0582898
13 0.476187 0.201012 0.0220211 0.0486709
2 0.417383 0.52285 0.0336807 0.0614571
7 0.391516 0.266264 0.0246722 0.0492882
5 0.476605 0.201362 0.0212574 0.0470461
18 0.417662 0.523303 0.031892 0.0619697
8 0.204202 0.390497 0.0173443 0.0536801
12 0.412077 0.1968 0.0184517 0.0504611
5 0.273447 0.232733 0.0316127 0.0572367
11 0.494714 0.248265 0.0191584 0.0439398
3 0.710954 0.742313 0.0283412 0.0859283
6 0.200857 0.450549 0.0252246 0.0550721
1 0.340131 0.169356 0.0208009 0.0482376
16 0.166881 0.631283 0.0289835 0.0795233
23 0.421715 0.380201 0.0206236 0.0573242
21 0.787642 0.272884 0.0190533 0.0559795
9 0.391065 0.348271 0.0292912 0.058913
8 0.19122 0.363796 0.0173299 0.0598463
15 0.579556 0.470285 0.0208885 0.0611225
2 0.867375 0.473026 0.0272709 0.0683636
20 0.787098 0.273391 0.0194687 0.0582898
13 0.476187 0.201012 0.0220211 0.0486709
2 0.417383 0.52285 0.0336807 0.0614571
7 0.391516 0.266264 0.0246722 0.0492882
5 0.476605 0.201362 0.0212574 0.0470461
18 0.417662 0.523303 0.031892 0.0619697
8 0.204202 0.390497 0.0173443 0.0536801
