16 0.125955 0.382885 0.0265604 0.0359678
3 0.736117 0.648899 0.0256688 0.0764226
23 0.470154 0.298774 0.0181429 0.0472821
9 0.320033 0.320958 0.0194019 0.0543866
6 0.172693 0.358026 0.0156063 0.0488305
4 0.141501 0.321535 0.0211666 0.0362417
20 0.710747 0.306795 0.019599 0.0601837
2 0.839906 0.464215 0.0233037 0.0673662
12 0.277577 0.204163 0.0136273 0.0422972
12 0.339009 0.23453 0.0176562 0.0505593
18 0.307879 0.437621 0.0224714 0.0596475
9 0.288444 0.290325 0.0151736 0.0469447
8 0.255288 0.289395 0.0145606 0.0521415
21 0.843741 0.299816 0.0207096 0.0559528
2 0.844251 0.300163 0.0205147 0.0542004
15 0.670068 0.385293 0.0200123 0.0560557
10 0.488372 0.217208 0.0137062 0.054993
7 0.310577 0.238308 0.0152606 0.0487187
1 0.277403 0.204452 0.0139698 0.0428745
16 0.125955 0.382885 0.0265604 0.0359678
3 0.736117 0.648899 0.0256688 0.0764226
23 0.470154 0.298774 0.0181429 0.0472821
9 0.320033 0.320958 0.0194019 0.0543866
6 0.172693 0.358026 0.0156063 0.0488305
4 0.141501 0.321535 0.0211666 0.0362417
20 0.710747 0.306795 0.019599 0.0601837
2 0.839906 0.464215 0.0233037 0.0673662
12 0.277577 0.204163 0.0136273 0.0422972
12 0.339009 0.23453 0.0176562 0.0505593
18 0.307879 0.437621 0.0224714 0.0596475
9 0.288444 0.290325 0.0151736 0.0469447
8 0.255288 0.289395 0.0145606 0.0521415
21 0.843741 0.299816 0.0207096 0.0559528
2 0.844251 0.300163 0.0205147 0.0542004
15 0.670068 0.385293 0.0200123 0.0560557
10 0.488372 0.217208 0.0137062 0.054993
7 0.310577 0.238308 0.0152606 0.0487187
1 0.277403 0.204452 0.0139698 0.0428745
16 0.125955 0.382885 0.0265604 0.0359678
3 0.736117 0.648899 0.0256688 0.0764226
23 0.470154 0.298774 0.0181429 0.0472821
9 0.320033 0.320958 0.0194019 0.0543866
6 0.172693 0.358026 0.0156063 0.0488305
4 0.141501 0.321535 0.0211666 0.0362417
20 0.710747 0.306795 0.019599 0.0601837
2 0.839906 0.464215 0.0233037 0.0673662
12 0.277577 0.204163 0.0136273 0.0422972
12 0.339009 0.23453 0.0176562 0.0505593
18 0.307879 0.437621 0.0224714 0.0596475
9 0.288444 0.290325 0.0151736 0.0469447
8 0.255288 0.289395 0.0145606 0.0521415
21 0.843741 0.299816 0.0207096 0.0559528
2 0.844251 0.300163 0.0205147 0.0542004
15 0.670068 0.385293 0.0200123 0.0560557
10 0.488372 0.217208 0.0137062 0.054993
7 0.310577 0.238308 0.0152606 0.0487187
1 0.277403 0.204452 0.0139698 0.0428745
16 0.125955 0.382885 0.0265604 0.0359678
3 0.736117 0.648899 0.0256688 0.0764226
23 0.470154 0.298774 0.0181429 0.0472821
9 0.320033 0.320958 0.0194019 0.0543866
6 0.172693 0.358026 0.0156063 0.0488305
4 0.141501 0.321535 0.0211666 0.0362417
20 0.710747 0.306795 0.019599 0.0601837
2 0.839906 0.464215 0.0233037 0.0673662
12 0.277577 0.204163 0.0136273 0.0422972
12 0.339009 0.23453 0.0176562 0.0505593
18 0.307879 0.437621 0.0224714 0.0596475
9 0.288444 0.290325 0.0151736 0.0469447
8 0.255288 0.289395 0.0145606 0.0521415
21 0.843741 0.299816 0.0207096 0.0559528
2 0.844251 0.300163 0.0205147 0.0542004
15 0.670068 0.385293 0.0200123 0.0560557
10 0.488372 0.217208 0.0137062 0.054993
7 0.310577 0.238308 0.0152606 0.0487187
1 0.277403 0.204452 0.0139698 0.0428745
