16 0.125381 0.382623 0.0270906 0.0332738
23 0.469169 0.299251 0.017027 0.047721
3 0.734744 0.649785 0.027454 0.0789378
6 0.172046 0.359312 0.0155676 0.0506738
4 0.141629 0.320512 0.0190209 0.0398285
9 0.31982 0.32007 0.0216901 0.0547589
12 0.27757 0.202546 0.0142134 0.0425408
20 0.709252 0.307035 0.0187439 0.0595732
2 0.838977 0.465183 0.0234337 0.0679527
12 0.33853 0.23556 0.0177251 0.0506551
21 0.842149 0.299907 0.0209167 0.0558543
8 0.254664 0.290058 0.014279 0.0520162
1 0.33799 0.235843 0.017225 0.0511415
18 0.30673 0.438859 0.023181 0.0593087
15 0.669478 0.385405 0.0180379 0.0560257
10 0.48685 0.217606 0.0134523 0.0546761
2 0.842616 0.30043 0.0203022 0.0545139
7 0.309978 0.240161 0.0157778 0.0488783
16 0.125381 0.382623 0.0270906 0.0332738
23 0.469169 0.299251 0.017027 0.047721
3 0.734744 0.649785 0.027454 0.0789378
6 0.172046 0.359312 0.0155676 0.0506738
4 0.141629 0.320512 0.0190209 0.0398285
9 0.31982 0.32007 0.0216901 0.0547589
12 0.27757 0.202546 0.0142134 0.0425408
20 0.709252 0.307035 0.0187439 0.0595732
2 0.838977 0.465183 0.0234337 0.0679527
12 0.33853 0.23556 0.0177251 0.0506551
21 0.842149 0.299907 0.0209167 0.0558543
8 0.254664 0.290058 0.014279 0.0520162
1 0.33799 0.235843 0.017225 0.0511415
18 0.30673 0.438859 0.023181 0.0593087
15 0.669478 0.385405 0.0180379 0.0560257
10 0.48685 0.217606 0.0134523 0.0546761
2 0.842616 0.30043 0.0203022 0.0545139
7 0.309978 0.240161 0.0157778 0.0488783
16 0.125381 0.382623 0.0270906 0.0332738
23 0.469169 0.299251 0.017027 0.047721
3 0.734744 0.649785 0.027454 0.0789378
6 0.172046 0.359312 0.0155676 0.0506738
4 0.141629 0.320512 0.0190209 0.0398285
9 0.31982 0.32007 0.0216901 0.0547589
12 0.27757 0.202546 0.0142134 0.0425408
20 0.709252 0.307035 0.0187439 0.0595732
2 0.838977 0.465183 0.0234337 0.0679527
12 0.33853 0.23556 0.0177251 0.0506551
21 0.842149 0.299907 0.0209167 0.0558543
8 0.254664 0.290058 0.014279 0.0520162
1 0.33799 0.235843 0.017225 0.0511415
18 0.30673 0.438859 0.023181 0.0593087
15 0.669478 0.385405 0.0180379 0.0560257
10 0.48685 0.217606 0.0134523 0.0546761
2 0.842616 0.30043 0.0203022 0.0545139
7 0.309978 0.240161 0.0157778 0.0488783
16 0.125381 0.382623 0.0270906 0.0332738
23 0.469169 0.299251 0.017027 0.047721
3 0.734744 0.649785 0.027454 0.0789378
6 0.172046 0.359312 0.0155676 0.0506738
4 0.141629 0.320512 0.0190209 0.0398285
9 0.31982 0.32007 0.0216901 0.0547589
12 0.27757 0.202546 0.0142134 0.0425408
20 0.709252 0.307035 0.0187439 0.0595732
2 0.838977 0.465183 0.0234337 0.0679527
12 0.33853 0.23556 0.0177251 0.0506551
21 0.842149 0.299907 0.0209167 0.0558543
8 0.254664 0.290058 0.014279 0.0520162
1 0.33799 0.235843 0.017225 0.0511415
18 0.30673 0.438859 0.023181 0.0593087
15 0.669478 0.385405 0.0180379 0.0560257
10 0.48685 0.217606 0.0134523 0.0546761
2 0.842616 0.30043 0.0203022 0.0545139
7 0.309978 0.240161 0.0157778 0.0488783
