4 0.139779 0.336918 0.0250248 0.0251432
6 0.179722 0.358102 0.0177374 0.0586683
2 0.850529 0.466314 0.0267143 0.0616208
9 0.321865 0.3262 0.0151908 0.0473897
1 0.275278 0.212009 0.0181166 0.0454482
3 0.744006 0.643661 0.0302661 0.0804042
23 0.478405 0.295355 0.0162853 0.0504903
12 0.275082 0.212073 0.0182019 0.0456736
16 0.122941 0.378644 0.022553 0.0244293
20 0.725205 0.307744 0.0188107 0.0576896
21 0.856975 0.30201 0.0209478 0.0549344
1 0.34628 0.241813 0.0180211 0.0515292
13 0.508424 0.215825 0.0139842 0.0534879
10 0.50798 0.216629 0.0148215 0.05508
12 0.346239 0.241891 0.0183888 0.0520169
2 0.857564 0.302558 0.020417 0.0553764
15 0.679699 0.388188 0.0198477 0.0605013
7 0.318537 0.240884 0.0156582 0.0484429
11 0.531299 0.261154 0.016029 0.0490226
8 0.413751 0.214003 0.0139891 0.0531924
18 0.313751 0.433325 0.0229436 0.0590652
4 0.139779 0.336918 0.0250248 0.0251432
6 0.179722 0.358102 0.0177374 0.0586683
2 0.850529 0.466314 0.0267143 0.0616208
9 0.321865 0.3262 0.0151908 0.0473897
1 0.275278 0.212009 0.0181166 0.0454482
3 0.744006 0.643661 0.0302661 0.0804042
23 0.478405 0.295355 0.0162853 0.0504903
12 0.275082 0.212073 0.0182019 0.0456736
16 0.122941 0.378644 0.022553 0.0244293
20 0.725205 0.307744 0.0188107 0.0576896
21 0.856975 0.30201 0.0209478 0.0549344
1 0.34628 0.241813 0.0180211 0.0515292
13 0.508424 0.215825 0.0139842 0.0534879
10 0.50798 0.216629 0.0148215 0.05508
12 0.346239 0.241891 0.0183888 0.0520169
2 0.857564 0.302558 0.020417 0.0553764
15 0.679699 0.388188 0.0198477 0.0605013
7 0.318537 0.240884 0.0156582 0.0484429
11 0.531299 0.261154 0.016029 0.0490226
8 0.413751 0.214003 0.0139891 0.0531924
18 0.313751 0.433325 0.0229436 0.0590652
4 0.139779 0.336918 0.0250248 0.0251432
6 0.179722 0.358102 0.0177374 0.0586683
2 0.850529 0.466314 0.0267143 0.0616208
9 0.321865 0.3262 0.0151908 0.0473897
1 0.275278 0.212009 0.0181166 0.0454482
3 0.744006 0.643661 0.0302661 0.0804042
23 0.478405 0.295355 0.0162853 0.0504903
12 0.275082 0.212073 0.0182019 0.0456736
16 0.122941 0.378644 0.022553 0.0244293
20 0.725205 0.307744 0.0188107 0.0576896
21 0.856975 0.30201 0.0209478 0.0549344
1 0.34628 0.241813 0.0180211 0.0515292
13 0.508424 0.215825 0.0139842 0.0534879
10 0.50798 0.216629 0.0148215 0.05508
12 0.346239 0.241891 0.0183888 0.0520169
2 0.857564 0.302558 0.020417 0.0553764
15 0.679699 0.388188 0.0198477 0.0605013
7 0.318537 0.240884 0.0156582 0.0484429
11 0.531299 0.261154 0.016029 0.0490226
8 0.413751 0.214003 0.0139891 0.0531924
18 0.313751 0.433325 0.0229436 0.0590652
4 0.139779 0.336918 0.0250248 0.0251432
6 0.179722 0.358102 0.0177374 0.0586683
2 0.850529 0.466314 0.0267143 0.0616208
9 0.321865 0.3262 0.0151908 0.0473897
1 0.275278 0.212009 0.0181166 0.0454482
3 0.744006 0.643661 0.0302661 0.0804042
23 0.478405 0.295355 0.0162853 0.0504903
12 0.275082 0.212073 0.0182019 0.0456736
16 0.122941 0.378644 0.022553 0.0244293
20 0.725205 0.307744 0.0188107 0.0576896
21 0.856975 0.30201 0.0209478 0.0549344
1 0.34628 0.241813 0.0180211 0.0515292
13 0.508424 0.215825 0.0139842 0.0534879
10 0.50798 0.216629 0.0148215 0.05508
12 0.346239 0.241891 0.0183888 0.0520169
2 0.857564 0.302558 0.020417 0.0553764
15 0.679699 0.388188 0.0198477 0.0605013
7 0.318537 0.240884 0.0156582 0.0484429
11 0.531299 0.261154 0.016029 0.0490226
8 0.413751 0.214003 0.0139891 0.0531924
18 0.313751 0.433325 0.0229436 0.0590652
