5 0.261951 0.228399 0.0295204 0.0584222
0 0.320207 0.173404 0.00822913 0.0174521
6 0.191479 0.460851 0.0254474 0.0621782
1 0.334221 0.153576 0.0195502 0.0447506
23 0.413555 0.381705 0.0229943 0.058825
9 0.384653 0.345615 0.0267276 0.0593985
11 0.491529 0.24001 0.0189358 0.0420882
3 0.705838 0.750267 0.0270281 0.0771469
21 0.784153 0.264236 0.0221787 0.057322
12 0.414365 0.190077 0.0187269 0.0493641
13 0.506786 0.18693 0.0191943 0.0483559
13 0.473158 0.194216 0.0235565 0.0478077
2 0.422122 0.532441 0.0328264 0.0730167
8 0.18545 0.357036 0.023873 0.0545358
20 0.555471 0.293892 0.0188946 0.0623298
7 0.396192 0.267056 0.0265148 0.0482036
15 0.57964 0.471023 0.0205931 0.0654439
2 0.869972 0.470917 0.028476 0.0723927
18 0.42194 0.532731 0.0321589 0.0724738
22 0.88843 0.352701 0.0233429 0.0706295
14 0.614632 0.370488 0.0232563 0.0629537
20 0.784571 0.264979 0.0212568 0.0587471
14 0.555604 0.293091 0.0204636 0.0625857
16 0.161187 0.653029 0.0277758 0.0772871
9 0.397166 0.2677 0.0296195 0.0508983
9 0.191642 0.46027 0.026876 0.0630113
5 0.261951 0.228399 0.0295204 0.0584222
0 0.320207 0.173404 0.00822913 0.0174521
6 0.191479 0.460851 0.0254474 0.0621782
1 0.334221 0.153576 0.0195502 0.0447506
23 0.413555 0.381705 0.0229943 0.058825
9 0.384653 0.345615 0.0267276 0.0593985
11 0.491529 0.24001 0.0189358 0.0420882
3 0.705838 0.750267 0.0270281 0.0771469
21 0.784153 0.264236 0.0221787 0.057322
12 0.414365 0.190077 0.0187269 0.0493641
13 0.506786 0.18693 0.0191943 0.0483559
13 0.473158 0.194216 0.0235565 0.0478077
2 0.422122 0.532441 0.0328264 0.0730167
8 0.18545 0.357036 0.023873 0.0545358
20 0.555471 0.293892 0.0188946 0.0623298
7 0.396192 0.267056 0.0265148 0.0482036
15 0.57964 0.471023 0.0205931 0.0654439
2 0.869972 0.470917 0.028476 0.0723927
18 0.42194 0.532731 0.0321589 0.0724738
22 0.88843 0.352701 0.0233429 0.0706295
14 0.614632 0.370488 0.0232563 0.0629537
20 0.784571 0.264979 0.0212568 0.0587471
14 0.555604 0.293091 0.0204636 0.0625857
16 0.161187 0.653029 0.0277758 0.0772871
9 0.397166 0.2677 0.0296195 0.0508983
9 0.191642 0.46027 0.026876 0.0630113
5 0.261951 0.228399 0.0295204 0.0584222
0 0.320207 0.173404 0.00822913 0.0174521
6 0.191479 0.460851 0.0254474 0.0621782
1 0.334221 0.153576 0.0195502 0.0447506
23 0.413555 0.381705 0.0229943 0.058825
9 0.384653 0.345615 0.0267276 0.0593985
11 0.491529 0.24001 0.0189358 0.0420882
3 0.705838 0.750267 0.0270281 0.0771469
21 0.784153 0.264236 0.0221787 0.057322
12 0.414365 0.190077 0.0187269 0.0493641
13 0.506786 0.18693 0.0191943 0.0483559
13 0.473158 0.194216 0.0235565 0.0478077
2 0.422122 0.532441 0.0328264 0.0730167
8 0.18545 0.357036 0.023873 0.0545358
20 0.555471 0.293892 0.0188946 0.0623298
7 0.396192 0.267056 0.0265148 0.0482036
15 0.57964 0.471023 0.0205931 0.0654439
2 0.869972 0.470917 0.028476 0.0723927
18 0.42194 0.532731 0.0321589 0.0724738
22 0.88843 0.352701 0.0233429 0.0706295
14 0.614632 0.370488 0.0232563 0.0629537
20 0.784571 0.264979 0.0212568 0.0587471
14 0.555604 0.293091 0.0204636 0.0625857
16 0.161187 0.653029 0.0277758 0.0772871
9 0.397166 0.2677 0.0296195 0.0508983
9 0.191642 0.46027 0.026876 0.0630113
5 0.261951 0.228399 0.0295204 0.0584222
0 0.320207 0.173404 0.00822913 0.0174521
6 0.191479 0.460851 0.0254474 0.0621782
1 0.334221 0.153576 0.0195502 0.0447506
23 0.413555 0.381705 0.0229943 0.058825
9 0.384653 0.345615 0.0267276 0.0593985
11 0.491529 0.24001 0.0189358 0.0420882
3 0.705838 0.750267 0.0270281 0.0771469
21 0.784153 0.264236 0.0221787 0.057322
12 0.414365 0.190077 0.0187269 0.0493641
13 0.506786 0.18693 0.0191943 0.0483559
13 0.473158 0.194216 0.0235565 0.0478077
2 0.422122 0.532441 0.0328264 0.0730167
8 0.18545 0.357036 0.023873 0.0545358
20 0.555471 0.293892 0.0188946 0.0623298
7 0.396192 0.267056 0.0265148 0.0482036
15 0.57964 0.471023 0.0205931 0.0654439
2 0.869972 0.470917 0.028476 0.0723927
18 0.42194 0.532731 0.0321589 0.0724738
22 0.88843 0.352701 0.0233429 0.0706295
14 0.614632 0.370488 0.0232563 0.0629537
20 0.784571 0.264979 0.0212568 0.0587471
14 0.555604 0.293091 0.0204636 0.0625857
16 0.161187 0.653029 0.0277758 0.0772871
9 0.397166 0.2677 0.0296195 0.0508983
9 0.191642 0.46027 0.026876 0.0630113
