6 0.225476 0.39327 0.0264686 0.0535016
3 0.742243 0.696539 0.0268408 0.0752811
4 0.0684499 0.324152 0.0169992 0.0566992
2 0.874997 0.477074 0.0233084 0.0628761
23 0.471662 0.343486 0.0183833 0.0556769
5 0.319187 0.247089 0.0231673 0.0450302
8 0.229836 0.330041 0.0139425 0.0434627
7 0.36917 0.263364 0.0156349 0.0408147
2 0.385826 0.472807 0.0276561 0.0622235
9 0.511265 0.270009 0.0196865 0.0461107
8 0.246588 0.3134 0.0167362 0.0441492
16 0.193207 0.490107 0.0228758 0.0644915
9 0.394729 0.333974 0.0263949 0.0595962
15 0.536571 0.445591 0.0261221 0.0596942
20 0.670304 0.30976 0.0211629 0.056721
10 0.490472 0.215692 0.0123507 0.0430612
2 0.826993 0.301172 0.0201096 0.0560004
6 0.225476 0.39327 0.0264686 0.0535016
3 0.742243 0.696539 0.0268408 0.0752811
4 0.0684499 0.324152 0.0169992 0.0566992
2 0.874997 0.477074 0.0233084 0.0628761
23 0.471662 0.343486 0.0183833 0.0556769
5 0.319187 0.247089 0.0231673 0.0450302
8 0.229836 0.330041 0.0139425 0.0434627
7 0.36917 0.263364 0.0156349 0.0408147
2 0.385826 0.472807 0.0276561 0.0622235
9 0.511265 0.270009 0.0196865 0.0461107
8 0.246588 0.3134 0.0167362 0.0441492
16 0.193207 0.490107 0.0228758 0.0644915
9 0.394729 0.333974 0.0263949 0.0595962
15 0.536571 0.445591 0.0261221 0.0596942
20 0.670304 0.30976 0.0211629 0.056721
10 0.490472 0.215692 0.0123507 0.0430612
2 0.826993 0.301172 0.0201096 0.0560004
6 0.225476 0.39327 0.0264686 0.0535016
3 0.742243 0.696539 0.0268408 0.0752811
4 0.0684499 0.324152 0.0169992 0.0566992
2 0.874997 0.477074 0.0233084 0.0628761
23 0.471662 0.343486 0.0183833 0.0556769
5 0.319187 0.247089 0.0231673 0.0450302
8 0.229836 0.330041 0.0139425 0.0434627
7 0.36917 0.263364 0.0156349 0.0408147
2 0.385826 0.472807 0.0276561 0.0622235
9 0.511265 0.270009 0.0196865 0.0461107
8 0.246588 0.3134 0.0167362 0.0441492
16 0.193207 0.490107 0.0228758 0.0644915
9 0.394729 0.333974 0.0263949 0.0595962
15 0.536571 0.445591 0.0261221 0.0596942
20 0.670304 0.30976 0.0211629 0.056721
10 0.490472 0.215692 0.0123507 0.0430612
2 0.826993 0.301172 0.0201096 0.0560004
6 0.225476 0.39327 0.0264686 0.0535016
3 0.742243 0.696539 0.0268408 0.0752811
4 0.0684499 0.324152 0.0169992 0.0566992
2 0.874997 0.477074 0.0233084 0.0628761
23 0.471662 0.343486 0.0183833 0.0556769
5 0.319187 0.247089 0.0231673 0.0450302
8 0.229836 0.330041 0.0139425 0.0434627
7 0.36917 0.263364 0.0156349 0.0408147
2 0.385826 0.472807 0.0276561 0.0622235
9 0.511265 0.270009 0.0196865 0.0461107
8 0.246588 0.3134 0.0167362 0.0441492
16 0.193207 0.490107 0.0228758 0.0644915
9 0.394729 0.333974 0.0263949 0.0595962
15 0.536571 0.445591 0.0261221 0.0596942
20 0.670304 0.30976 0.0211629 0.056721
10 0.490472 0.215692 0.0123507 0.0430612
2 0.826993 0.301172 0.0201096 0.0560004
