16 0.190282 0.468148 0.0256363 0.0614426
3 0.743394 0.686898 0.0273816 0.0806652
4 0.0872219 0.321166 0.0194766 0.0530933
23 0.476501 0.334182 0.0182108 0.0534472
2 0.875199 0.475066 0.0247234 0.0638217
5 0.317832 0.244391 0.0251486 0.0478519
20 0.681396 0.308184 0.0191958 0.0570386
9 0.385307 0.327725 0.0251881 0.0585358
6 0.244927 0.318193 0.0158872 0.039494
6 0.224321 0.382537 0.0214781 0.0557604
2 0.37511 0.464545 0.0290971 0.0657533
14 0.677485 0.390867 0.0244741 0.0669882
18 0.374954 0.4646 0.029776 0.0637098
2 0.831513 0.30158 0.0197952 0.0565504
21 0.831033 0.30191 0.0205597 0.0563104
22 0.951065 0.385458 0.02299 0.0666213
16 0.190282 0.468148 0.0256363 0.0614426
3 0.743394 0.686898 0.0273816 0.0806652
4 0.0872219 0.321166 0.0194766 0.0530933
23 0.476501 0.334182 0.0182108 0.0534472
2 0.875199 0.475066 0.0247234 0.0638217
5 0.317832 0.244391 0.0251486 0.0478519
20 0.681396 0.308184 0.0191958 0.0570386
9 0.385307 0.327725 0.0251881 0.0585358
6 0.244927 0.318193 0.0158872 0.039494
6 0.224321 0.382537 0.0214781 0.0557604
2 0.37511 0.464545 0.0290971 0.0657533
14 0.677485 0.390867 0.0244741 0.0669882
18 0.374954 0.4646 0.029776 0.0637098
2 0.831513 0.30158 0.0197952 0.0565504
21 0.831033 0.30191 0.0205597 0.0563104
22 0.951065 0.385458 0.02299 0.0666213
16 0.190282 0.468148 0.0256363 0.0614426
3 0.743394 0.686898 0.0273816 0.0806652
4 0.0872219 0.321166 0.0194766 0.0530933
23 0.476501 0.334182 0.0182108 0.0534472
2 0.875199 0.475066 0.0247234 0.0638217
5 0.317832 0.244391 0.0251486 0.0478519
20 0.681396 0.308184 0.0191958 0.0570386
9 0.385307 0.327725 0.0251881 0.0585358
6 0.244927 0.318193 0.0158872 0.039494
6 0.224321 0.382537 0.0214781 0.0557604
2 0.37511 0.464545 0.0290971 0.0657533
14 0.677485 0.390867 0.0244741 0.0669882
18 0.374954 0.4646 0.029776 0.0637098
2 0.831513 0.30158 0.0197952 0.0565504
21 0.831033 0.30191 0.0205597 0.0563104
22 0.951065 0.385458 0.02299 0.0666213
16 0.190282 0.468148 0.0256363 0.0614426
3 0.743394 0.686898 0.0273816 0.0806652
4 0.0872219 0.321166 0.0194766 0.0530933
23 0.476501 0.334182 0.0182108 0.0534472
2 0.875199 0.475066 0.0247234 0.0638217
5 0.317832 0.244391 0.0251486 0.0478519
20 0.681396 0.308184 0.0191958 0.0570386
9 0.385307 0.327725 0.0251881 0.0585358
6 0.244927 0.318193 0.0158872 0.039494
6 0.224321 0.382537 0.0214781 0.0557604
2 0.37511 0.464545 0.0290971 0.0657533
14 0.677485 0.390867 0.0244741 0.0669882
18 0.374954 0.4646 0.029776 0.0637098
2 0.831513 0.30158 0.0197952 0.0565504
21 0.831033 0.30191 0.0205597 0.0563104
22 0.951065 0.385458 0.02299 0.0666213
