5 0.315944 0.25094 0.0279246 0.0533929
6 0.231064 0.421788 0.0184516 0.0510681
23 0.457137 0.374069 0.0203755 0.0597012
12 0.409047 0.213527 0.0154087 0.0455
3 0.731101 0.7194 0.0228273 0.0822662
9 0.407825 0.345868 0.0271738 0.0563216
11 0.511815 0.267795 0.0170891 0.0447918
20 0.629235 0.310352 0.0197826 0.0590181
2 0.874952 0.478267 0.0274483 0.0697716
21 0.809655 0.295831 0.0238312 0.0568763
14 0.657396 0.385397 0.0198715 0.0558757
13 0.511026 0.214098 0.0169579 0.0419407
18 0.412935 0.498746 0.0300173 0.0596274
10 0.489086 0.22109 0.0172236 0.0479593
7 0.391499 0.271488 0.0249771 0.0467356
22 0.913612 0.377211 0.0234931 0.0685006
13 0.489541 0.220066 0.0164293 0.0483152
16 0.197418 0.556762 0.0239262 0.0631522
20 0.913633 0.377495 0.0231071 0.0655941
5 0.315944 0.25094 0.0279246 0.0533929
6 0.231064 0.421788 0.0184516 0.0510681
23 0.457137 0.374069 0.0203755 0.0597012
12 0.409047 0.213527 0.0154087 0.0455
3 0.731101 0.7194 0.0228273 0.0822662
9 0.407825 0.345868 0.0271738 0.0563216
11 0.511815 0.267795 0.0170891 0.0447918
20 0.629235 0.310352 0.0197826 0.0590181
2 0.874952 0.478267 0.0274483 0.0697716
21 0.809655 0.295831 0.0238312 0.0568763
14 0.657396 0.385397 0.0198715 0.0558757
13 0.511026 0.214098 0.0169579 0.0419407
18 0.412935 0.498746 0.0300173 0.0596274
10 0.489086 0.22109 0.0172236 0.0479593
7 0.391499 0.271488 0.0249771 0.0467356
22 0.913612 0.377211 0.0234931 0.0685006
13 0.489541 0.220066 0.0164293 0.0483152
16 0.197418 0.556762 0.0239262 0.0631522
20 0.913633 0.377495 0.0231071 0.0655941
5 0.315944 0.25094 0.0279246 0.0533929
6 0.231064 0.421788 0.0184516 0.0510681
23 0.457137 0.374069 0.0203755 0.0597012
12 0.409047 0.213527 0.0154087 0.0455
3 0.731101 0.7194 0.0228273 0.0822662
9 0.407825 0.345868 0.0271738 0.0563216
11 0.511815 0.267795 0.0170891 0.0447918
20 0.629235 0.310352 0.0197826 0.0590181
2 0.874952 0.478267 0.0274483 0.0697716
21 0.809655 0.295831 0.0238312 0.0568763
14 0.657396 0.385397 0.0198715 0.0558757
13 0.511026 0.214098 0.0169579 0.0419407
18 0.412935 0.498746 0.0300173 0.0596274
10 0.489086 0.22109 0.0172236 0.0479593
7 0.391499 0.271488 0.0249771 0.0467356
22 0.913612 0.377211 0.0234931 0.0685006
13 0.489541 0.220066 0.0164293 0.0483152
16 0.197418 0.556762 0.0239262 0.0631522
20 0.913633 0.377495 0.0231071 0.0655941
5 0.315944 0.25094 0.0279246 0.0533929
6 0.231064 0.421788 0.0184516 0.0510681
23 0.457137 0.374069 0.0203755 0.0597012
12 0.409047 0.213527 0.0154087 0.0455
3 0.731101 0.7194 0.0228273 0.0822662
9 0.407825 0.345868 0.0271738 0.0563216
11 0.511815 0.267795 0.0170891 0.0447918
20 0.629235 0.310352 0.0197826 0.0590181
2 0.874952 0.478267 0.0274483 0.0697716
21 0.809655 0.295831 0.0238312 0.0568763
14 0.657396 0.385397 0.0198715 0.0558757
13 0.511026 0.214098 0.0169579 0.0419407
18 0.412935 0.498746 0.0300173 0.0596274
10 0.489086 0.22109 0.0172236 0.0479593
7 0.391499 0.271488 0.0249771 0.0467356
22 0.913612 0.377211 0.0234931 0.0685006
13 0.489541 0.220066 0.0164293 0.0483152
16 0.197418 0.556762 0.0239262 0.0631522
20 0.913633 0.377495 0.0231071 0.0655941
