3 0.735483 0.705108 0.025886 0.0801403
0 0.35771 0.225169 0.0075182 0.0164227
1 0.368139 0.206877 0.0162865 0.0401615
23 0.461724 0.359564 0.0177363 0.0522819
4 0.0371972 0.330929 0.0202235 0.060837
11 0.510103 0.268977 0.0203823 0.046453
2 0.871044 0.478272 0.0246571 0.0591351
5 0.319444 0.251078 0.0214884 0.048734
16 0.195783 0.520425 0.0235556 0.0596621
20 0.64844 0.310454 0.0181355 0.055374
6 0.227695 0.408596 0.0197152 0.0577674
9 0.400354 0.343126 0.024328 0.0547565
8 0.220286 0.347755 0.0183871 0.0551401
21 0.815461 0.301364 0.0194517 0.0545002
9 0.377555 0.269236 0.0167326 0.0456552
1 0.393107 0.211761 0.0141773 0.0445089
10 0.481818 0.225304 0.0160126 0.0451518
13 0.483243 0.224853 0.0142994 0.0440328
15 0.555993 0.455122 0.0229735 0.060871
14 0.664677 0.386455 0.0231765 0.0558678
18 0.398419 0.485309 0.0298592 0.0613826
12 0.36815 0.20829 0.0171915 0.0423562
22 0.923163 0.381313 0.0229712 0.0651038
3 0.735483 0.705108 0.025886 0.0801403
0 0.35771 0.225169 0.0075182 0.0164227
1 0.368139 0.206877 0.0162865 0.0401615
23 0.461724 0.359564 0.0177363 0.0522819
4 0.0371972 0.330929 0.0202235 0.060837
11 0.510103 0.268977 0.0203823 0.046453
2 0.871044 0.478272 0.0246571 0.0591351
5 0.319444 0.251078 0.0214884 0.048734
16 0.195783 0.520425 0.0235556 0.0596621
20 0.64844 0.310454 0.0181355 0.055374
6 0.227695 0.408596 0.0197152 0.0577674
9 0.400354 0.343126 0.024328 0.0547565
8 0.220286 0.347755 0.0183871 0.0551401
21 0.815461 0.301364 0.0194517 0.0545002
9 0.377555 0.269236 0.0167326 0.0456552
1 0.393107 0.211761 0.0141773 0.0445089
10 0.481818 0.225304 0.0160126 0.0451518
13 0.483243 0.224853 0.0142994 0.0440328
15 0.555993 0.455122 0.0229735 0.060871
14 0.664677 0.386455 0.0231765 0.0558678
18 0.398419 0.485309 0.0298592 0.0613826
12 0.36815 0.20829 0.0171915 0.0423562
22 0.923163 0.381313 0.0229712 0.0651038
3 0.735483 0.705108 0.025886 0.0801403
0 0.35771 0.225169 0.0075182 0.0164227
1 0.368139 0.206877 0.0162865 0.0401615
23 0.461724 0.359564 0.0177363 0.0522819
4 0.0371972 0.330929 0.0202235 0.060837
11 0.510103 0.268977 0.0203823 0.046453
2 0.871044 0.478272 0.0246571 0.0591351
5 0.319444 0.251078 0.0214884 0.048734
16 0.195783 0.520425 0.0235556 0.0596621
20 0.64844 0.310454 0.0181355 0.055374
6 0.227695 0.408596 0.0197152 0.0577674
9 0.400354 0.343126 0.024328 0.0547565
8 0.220286 0.347755 0.0183871 0.0551401
21 0.815461 0.301364 0.0194517 0.0545002
9 0.377555 0.269236 0.0167326 0.0456552
1 0.393107 0.211761 0.0141773 0.0445089
10 0.481818 0.225304 0.0160126 0.0451518
13 0.483243 0.224853 0.0142994 0.0440328
15 0.555993 0.455122 0.0229735 0.060871
14 0.664677 0.386455 0.0231765 0.0558678
18 0.398419 0.485309 0.0298592 0.0613826
12 0.36815 0.20829 0.0171915 0.0423562
22 0.923163 0.381313 0.0229712 0.0651038
3 0.735483 0.705108 0.025886 0.0801403
0 0.35771 0.225169 0.0075182 0.0164227
1 0.368139 0.206877 0.0162865 0.0401615
23 0.461724 0.359564 0.0177363 0.0522819
4 0.0371972 0.330929 0.0202235 0.060837
11 0.510103 0.268977 0.0203823 0.046453
2 0.871044 0.478272 0.0246571 0.0591351
5 0.319444 0.251078 0.0214884 0.048734
16 0.195783 0.520425 0.0235556 0.0596621
20 0.64844 0.310454 0.0181355 0.055374
6 0.227695 0.408596 0.0197152 0.0577674
9 0.400354 0.343126 0.024328 0.0547565
8 0.220286 0.347755 0.0183871 0.0551401
21 0.815461 0.301364 0.0194517 0.0545002
9 0.377555 0.269236 0.0167326 0.0456552
1 0.393107 0.211761 0.0141773 0.0445089
10 0.481818 0.225304 0.0160126 0.0451518
13 0.483243 0.224853 0.0142994 0.0440328
15 0.555993 0.455122 0.0229735 0.060871
14 0.664677 0.386455 0.0231765 0.0558678
18 0.398419 0.485309 0.0298592 0.0613826
12 0.36815 0.20829 0.0171915 0.0423562
22 0.923163 0.381313 0.0229712 0.0651038
