3 0.736758 0.703501 0.0276332 0.0776581
23 0.462326 0.358025 0.0170353 0.0527824
4 0.0393732 0.331743 0.0199917 0.0595409
0 0.357466 0.225352 0.00751791 0.0173283
1 0.367835 0.207386 0.0151012 0.0390192
5 0.320337 0.249626 0.0231234 0.0491931
6 0.22745 0.405937 0.0214492 0.0547014
11 0.509738 0.268494 0.0192085 0.0455419
2 0.871016 0.478904 0.0233116 0.0580354
16 0.195154 0.516793 0.0232403 0.0599614
9 0.399883 0.341679 0.0246017 0.0543969
7 0.377031 0.269147 0.0204259 0.045674
20 0.649605 0.310784 0.0184141 0.0559885
8 0.220678 0.344673 0.0191786 0.0527878
21 0.816269 0.300288 0.0210335 0.054931
18 0.397868 0.485786 0.0289954 0.065369
12 0.391267 0.21075 0.0162709 0.0445935
13 0.482978 0.22476 0.0150554 0.0435302
10 0.482124 0.224924 0.0165037 0.044986
22 0.924946 0.38082 0.0222717 0.0656172
14 0.665958 0.386854 0.0232304 0.0564638
8 0.249351 0.337182 0.0191365 0.0491298
12 0.36808 0.20849 0.0166931 0.0409461
15 0.554018 0.453872 0.0242035 0.0583827
3 0.736758 0.703501 0.0276332 0.0776581
23 0.462326 0.358025 0.0170353 0.0527824
4 0.0393732 0.331743 0.0199917 0.0595409
0 0.357466 0.225352 0.00751791 0.0173283
1 0.367835 0.207386 0.0151012 0.0390192
5 0.320337 0.249626 0.0231234 0.0491931
6 0.22745 0.405937 0.0214492 0.0547014
11 0.509738 0.268494 0.0192085 0.0455419
2 0.871016 0.478904 0.0233116 0.0580354
16 0.195154 0.516793 0.0232403 0.0599614
9 0.399883 0.341679 0.0246017 0.0543969
7 0.377031 0.269147 0.0204259 0.045674
20 0.649605 0.310784 0.0184141 0.0559885
8 0.220678 0.344673 0.0191786 0.0527878
21 0.816269 0.300288 0.0210335 0.054931
18 0.397868 0.485786 0.0289954 0.065369
12 0.391267 0.21075 0.0162709 0.0445935
13 0.482978 0.22476 0.0150554 0.0435302
10 0.482124 0.224924 0.0165037 0.044986
22 0.924946 0.38082 0.0222717 0.0656172
14 0.665958 0.386854 0.0232304 0.0564638
8 0.249351 0.337182 0.0191365 0.0491298
12 0.36808 0.20849 0.0166931 0.0409461
15 0.554018 0.453872 0.0242035 0.0583827
3 0.736758 0.703501 0.0276332 0.0776581
23 0.462326 0.358025 0.0170353 0.0527824
4 0.0393732 0.331743 0.0199917 0.0595409
0 0.357466 0.225352 0.00751791 0.0173283
1 0.367835 0.207386 0.0151012 0.0390192
5 0.320337 0.249626 0.0231234 0.0491931
6 0.22745 0.405937 0.0214492 0.0547014
11 0.509738 0.268494 0.0192085 0.0455419
2 0.871016 0.478904 0.0233116 0.0580354
16 0.195154 0.516793 0.0232403 0.0599614
9 0.399883 0.341679 0.0246017 0.0543969
7 0.377031 0.269147 0.0204259 0.045674
20 0.649605 0.310784 0.0184141 0.0559885
8 0.220678 0.344673 0.0191786 0.0527878
21 0.816269 0.300288 0.0210335 0.054931
18 0.397868 0.485786 0.0289954 0.065369
12 0.391267 0.21075 0.0162709 0.0445935
13 0.482978 0.22476 0.0150554 0.0435302
10 0.482124 0.224924 0.0165037 0.044986
22 0.924946 0.38082 0.0222717 0.0656172
14 0.665958 0.386854 0.0232304 0.0564638
8 0.249351 0.337182 0.0191365 0.0491298
12 0.36808 0.20849 0.0166931 0.0409461
15 0.554018 0.453872 0.0242035 0.0583827
3 0.736758 0.703501 0.0276332 0.0776581
23 0.462326 0.358025 0.0170353 0.0527824
4 0.0393732 0.331743 0.0199917 0.0595409
0 0.357466 0.225352 0.00751791 0.0173283
1 0.367835 0.207386 0.0151012 0.0390192
5 0.320337 0.249626 0.0231234 0.0491931
6 0.22745 0.405937 0.0214492 0.0547014
11 0.509738 0.268494 0.0192085 0.0455419
2 0.871016 0.478904 0.0233116 0.0580354
16 0.195154 0.516793 0.0232403 0.0599614
9 0.399883 0.341679 0.0246017 0.0543969
7 0.377031 0.269147 0.0204259 0.045674
20 0.649605 0.310784 0.0184141 0.0559885
8 0.220678 0.344673 0.0191786 0.0527878
21 0.816269 0.300288 0.0210335 0.054931
18 0.397868 0.485786 0.0289954 0.065369
12 0.391267 0.21075 0.0162709 0.0445935
13 0.482978 0.22476 0.0150554 0.0435302
10 0.482124 0.224924 0.0165037 0.044986
22 0.924946 0.38082 0.0222717 0.0656172
14 0.665958 0.386854 0.0232304 0.0564638
8 0.249351 0.337182 0.0191365 0.0491298
12 0.36808 0.20849 0.0166931 0.0409461
15 0.554018 0.453872 0.0242035 0.0583827
