5 0.310511 0.245439 0.0254533 0.0531904
3 0.729101 0.722937 0.0271282 0.079944
6 0.228391 0.431541 0.0224131 0.0540771
23 0.45057 0.373983 0.0208312 0.0537832
16 0.192161 0.571557 0.0235504 0.0642892
13 0.512204 0.207605 0.0182873 0.0395753
1 0.368473 0.193136 0.0178958 0.044704
11 0.510754 0.262159 0.0193313 0.043673
9 0.406257 0.346951 0.028112 0.0559691
9 0.392787 0.273294 0.0202856 0.0489115
2 0.876072 0.479309 0.0268997 0.0637304
21 0.806537 0.292639 0.0198975 0.0550619
10 0.487695 0.217446 0.0177769 0.0500182
12 0.412026 0.209875 0.0164217 0.0449971
20 0.619944 0.307237 0.018559 0.0582191
14 0.653865 0.384052 0.0209049 0.0599325
13 0.488396 0.217696 0.0172647 0.0485887
18 0.415047 0.504637 0.0277014 0.0631965
22 0.911091 0.374994 0.0215624 0.0677948
20 0.911194 0.374561 0.0218864 0.0693455
17 0.237824 0.372545 0.0173562 0.0475606
5 0.310511 0.245439 0.0254533 0.0531904
3 0.729101 0.722937 0.0271282 0.079944
6 0.228391 0.431541 0.0224131 0.0540771
23 0.45057 0.373983 0.0208312 0.0537832
16 0.192161 0.571557 0.0235504 0.0642892
13 0.512204 0.207605 0.0182873 0.0395753
1 0.368473 0.193136 0.0178958 0.044704
11 0.510754 0.262159 0.0193313 0.043673
9 0.406257 0.346951 0.028112 0.0559691
9 0.392787 0.273294 0.0202856 0.0489115
2 0.876072 0.479309 0.0268997 0.0637304
21 0.806537 0.292639 0.0198975 0.0550619
10 0.487695 0.217446 0.0177769 0.0500182
12 0.412026 0.209875 0.0164217 0.0449971
20 0.619944 0.307237 0.018559 0.0582191
14 0.653865 0.384052 0.0209049 0.0599325
13 0.488396 0.217696 0.0172647 0.0485887
18 0.415047 0.504637 0.0277014 0.0631965
22 0.911091 0.374994 0.0215624 0.0677948
20 0.911194 0.374561 0.0218864 0.0693455
17 0.237824 0.372545 0.0173562 0.0475606
5 0.310511 0.245439 0.0254533 0.0531904
3 0.729101 0.722937 0.0271282 0.079944
6 0.228391 0.431541 0.0224131 0.0540771
23 0.45057 0.373983 0.0208312 0.0537832
16 0.192161 0.571557 0.0235504 0.0642892
13 0.512204 0.207605 0.0182873 0.0395753
1 0.368473 0.193136 0.0178958 0.044704
11 0.510754 0.262159 0.0193313 0.043673
9 0.406257 0.346951 0.028112 0.0559691
9 0.392787 0.273294 0.0202856 0.0489115
2 0.876072 0.479309 0.0268997 0.0637304
21 0.806537 0.292639 0.0198975 0.0550619
10 0.487695 0.217446 0.0177769 0.0500182
12 0.412026 0.209875 0.0164217 0.0449971
20 0.619944 0.307237 0.018559 0.0582191
14 0.653865 0.384052 0.0209049 0.0599325
13 0.488396 0.217696 0.0172647 0.0485887
18 0.415047 0.504637 0.0277014 0.0631965
22 0.911091 0.374994 0.0215624 0.0677948
20 0.911194 0.374561 0.0218864 0.0693455
17 0.237824 0.372545 0.0173562 0.0475606
5 0.310511 0.245439 0.0254533 0.0531904
3 0.729101 0.722937 0.0271282 0.079944
6 0.228391 0.431541 0.0224131 0.0540771
23 0.45057 0.373983 0.0208312 0.0537832
16 0.192161 0.571557 0.0235504 0.0642892
13 0.512204 0.207605 0.0182873 0.0395753
1 0.368473 0.193136 0.0178958 0.044704
11 0.510754 0.262159 0.0193313 0.043673
9 0.406257 0.346951 0.028112 0.0559691
9 0.392787 0.273294 0.0202856 0.0489115
2 0.876072 0.479309 0.0268997 0.0637304
21 0.806537 0.292639 0.0198975 0.0550619
10 0.487695 0.217446 0.0177769 0.0500182
12 0.412026 0.209875 0.0164217 0.0449971
20 0.619944 0.307237 0.018559 0.0582191
14 0.653865 0.384052 0.0209049 0.0599325
13 0.488396 0.217696 0.0172647 0.0485887
18 0.415047 0.504637 0.0277014 0.0631965
22 0.911091 0.374994 0.0215624 0.0677948
20 0.911194 0.374561 0.0218864 0.0693455
17 0.237824 0.372545 0.0173562 0.0475606
