9 0.319563 0.3345 0.017456 0.0560528
23 0.486349 0.296348 0.016799 0.0494711
6 0.198586 0.352463 0.0205107 0.0564567
4 0.149436 0.326787 0.0194569 0.0525588
3 0.742183 0.625441 0.0294457 0.075241
20 0.741732 0.312918 0.0179874 0.0585443
12 0.353335 0.236256 0.0177808 0.0480603
2 0.811152 0.449317 0.0243375 0.0634921
9 0.345454 0.297617 0.017082 0.0511658
21 0.863825 0.30244 0.0221001 0.0588742
14 0.683765 0.389941 0.0223145 0.0592809
15 0.419477 0.390866 0.0190638 0.0613118
18 0.311751 0.432787 0.0260057 0.0601849
2 0.974812 0.403492 0.0265804 0.0620711
20 0.863888 0.30245 0.0218739 0.0588865
9 0.319563 0.3345 0.017456 0.0560528
23 0.486349 0.296348 0.016799 0.0494711
6 0.198586 0.352463 0.0205107 0.0564567
4 0.149436 0.326787 0.0194569 0.0525588
3 0.742183 0.625441 0.0294457 0.075241
20 0.741732 0.312918 0.0179874 0.0585443
12 0.353335 0.236256 0.0177808 0.0480603
2 0.811152 0.449317 0.0243375 0.0634921
9 0.345454 0.297617 0.017082 0.0511658
21 0.863825 0.30244 0.0221001 0.0588742
14 0.683765 0.389941 0.0223145 0.0592809
15 0.419477 0.390866 0.0190638 0.0613118
18 0.311751 0.432787 0.0260057 0.0601849
2 0.974812 0.403492 0.0265804 0.0620711
20 0.863888 0.30245 0.0218739 0.0588865
9 0.319563 0.3345 0.017456 0.0560528
23 0.486349 0.296348 0.016799 0.0494711
6 0.198586 0.352463 0.0205107 0.0564567
4 0.149436 0.326787 0.0194569 0.0525588
3 0.742183 0.625441 0.0294457 0.075241
20 0.741732 0.312918 0.0179874 0.0585443
12 0.353335 0.236256 0.0177808 0.0480603
2 0.811152 0.449317 0.0243375 0.0634921
9 0.345454 0.297617 0.017082 0.0511658
21 0.863825 0.30244 0.0221001 0.0588742
14 0.683765 0.389941 0.0223145 0.0592809
15 0.419477 0.390866 0.0190638 0.0613118
18 0.311751 0.432787 0.0260057 0.0601849
2 0.974812 0.403492 0.0265804 0.0620711
20 0.863888 0.30245 0.0218739 0.0588865
9 0.319563 0.3345 0.017456 0.0560528
23 0.486349 0.296348 0.016799 0.0494711
6 0.198586 0.352463 0.0205107 0.0564567
4 0.149436 0.326787 0.0194569 0.0525588
3 0.742183 0.625441 0.0294457 0.075241
20 0.741732 0.312918 0.0179874 0.0585443
12 0.353335 0.236256 0.0177808 0.0480603
2 0.811152 0.449317 0.0243375 0.0634921
9 0.345454 0.297617 0.017082 0.0511658
21 0.863825 0.30244 0.0221001 0.0588742
14 0.683765 0.389941 0.0223145 0.0592809
15 0.419477 0.390866 0.0190638 0.0613118
18 0.311751 0.432787 0.0260057 0.0601849
2 0.974812 0.403492 0.0265804 0.0620711
20 0.863888 0.30245 0.0218739 0.0588865
