6 0.203645 0.449558 0.0255215 0.0541702
5 0.280161 0.236775 0.0309058 0.0561058
12 0.411388 0.196626 0.0212004 0.0455112
11 0.495868 0.24969 0.0178302 0.0439855
1 0.343362 0.169619 0.0209244 0.0453395
16 0.171137 0.617498 0.0286749 0.0724903
9 0.392697 0.348608 0.0274776 0.0595066
3 0.711618 0.739131 0.0258966 0.0795776
21 0.78983 0.275697 0.0218449 0.0595674
15 0.581202 0.467677 0.0249096 0.0606457
23 0.42532 0.378527 0.023204 0.057879
18 0.416882 0.520814 0.0275875 0.0613696
2 0.869226 0.471927 0.026924 0.0708937
8 0.192462 0.365904 0.01854 0.0608583
20 0.789235 0.275554 0.0217413 0.0597197
2 0.416543 0.521017 0.0297689 0.0614284
22 0.891858 0.361007 0.0238908 0.0708653
7 0.390221 0.267262 0.0224514 0.0498706
10 0.477267 0.203903 0.0217356 0.0466752
13 0.47698 0.203946 0.023051 0.0487454
13 0.507278 0.195459 0.0196869 0.0464198
6 0.203645 0.449558 0.0255215 0.0541702
5 0.280161 0.236775 0.0309058 0.0561058
12 0.411388 0.196626 0.0212004 0.0455112
11 0.495868 0.24969 0.0178302 0.0439855
1 0.343362 0.169619 0.0209244 0.0453395
16 0.171137 0.617498 0.0286749 0.0724903
9 0.392697 0.348608 0.0274776 0.0595066
3 0.711618 0.739131 0.0258966 0.0795776
21 0.78983 0.275697 0.0218449 0.0595674
15 0.581202 0.467677 0.0249096 0.0606457
23 0.42532 0.378527 0.023204 0.057879
18 0.416882 0.520814 0.0275875 0.0613696
2 0.869226 0.471927 0.026924 0.0708937
8 0.192462 0.365904 0.01854 0.0608583
20 0.789235 0.275554 0.0217413 0.0597197
2 0.416543 0.521017 0.0297689 0.0614284
22 0.891858 0.361007 0.0238908 0.0708653
7 0.390221 0.267262 0.0224514 0.0498706
10 0.477267 0.203903 0.0217356 0.0466752
13 0.47698 0.203946 0.023051 0.0487454
13 0.507278 0.195459 0.0196869 0.0464198
6 0.203645 0.449558 0.0255215 0.0541702
5 0.280161 0.236775 0.0309058 0.0561058
12 0.411388 0.196626 0.0212004 0.0455112
11 0.495868 0.24969 0.0178302 0.0439855
1 0.343362 0.169619 0.0209244 0.0453395
16 0.171137 0.617498 0.0286749 0.0724903
9 0.392697 0.348608 0.0274776 0.0595066
3 0.711618 0.739131 0.0258966 0.0795776
21 0.78983 0.275697 0.0218449 0.0595674
15 0.581202 0.467677 0.0249096 0.0606457
23 0.42532 0.378527 0.023204 0.057879
18 0.416882 0.520814 0.0275875 0.0613696
2 0.869226 0.471927 0.026924 0.0708937
8 0.192462 0.365904 0.01854 0.0608583
20 0.789235 0.275554 0.0217413 0.0597197
2 0.416543 0.521017 0.0297689 0.0614284
22 0.891858 0.361007 0.0238908 0.0708653
7 0.390221 0.267262 0.0224514 0.0498706
10 0.477267 0.203903 0.0217356 0.0466752
13 0.47698 0.203946 0.023051 0.0487454
13 0.507278 0.195459 0.0196869 0.0464198
6 0.203645 0.449558 0.0255215 0.0541702
5 0.280161 0.236775 0.0309058 0.0561058
12 0.411388 0.196626 0.0212004 0.0455112
11 0.495868 0.24969 0.0178302 0.0439855
1 0.343362 0.169619 0.0209244 0.0453395
16 0.171137 0.617498 0.0286749 0.0724903
9 0.392697 0.348608 0.0274776 0.0595066
3 0.711618 0.739131 0.0258966 0.0795776
21 0.78983 0.275697 0.0218449 0.0595674
15 0.581202 0.467677 0.0249096 0.0606457
23 0.42532 0.378527 0.023204 0.057879
18 0.416882 0.520814 0.0275875 0.0613696
2 0.869226 0.471927 0.026924 0.0708937
8 0.192462 0.365904 0.01854 0.0608583
20 0.789235 0.275554 0.0217413 0.0597197
2 0.416543 0.521017 0.0297689 0.0614284
22 0.891858 0.361007 0.0238908 0.0708653
7 0.390221 0.267262 0.0224514 0.0498706
10 0.477267 0.203903 0.0217356 0.0466752
13 0.47698 0.203946 0.023051 0.0487454
13 0.507278 0.195459 0.0196869 0.0464198
