5 0.266263 0.231535 0.0276028 0.0576191
3 0.707972 0.744288 0.0284447 0.0862196
12 0.412949 0.193149 0.0219882 0.0481107
23 0.416634 0.382484 0.0187003 0.056184
6 0.198571 0.453541 0.0280745 0.0575859
1 0.337455 0.162161 0.0154253 0.0421935
11 0.493145 0.245314 0.0197844 0.0443373
9 0.388146 0.349542 0.0260971 0.0605666
21 0.783844 0.270677 0.0215174 0.053399
16 0.162669 0.638761 0.0253131 0.0731878
13 0.506456 0.191499 0.0222406 0.0469371
8 0.18782 0.362302 0.0205444 0.0528956
15 0.579827 0.46889 0.0241064 0.0616418
2 0.868887 0.472152 0.0320488 0.0719914
13 0.472769 0.200449 0.0168203 0.0473113
14 0.619544 0.373138 0.0216294 0.0633771
20 0.784444 0.271916 0.0208352 0.0572782
22 0.888241 0.356038 0.0258583 0.070893
14 0.563392 0.295077 0.0194269 0.0606563
20 0.563473 0.295633 0.0189205 0.0618133
5 0.266263 0.231535 0.0276028 0.0576191
3 0.707972 0.744288 0.0284447 0.0862196
12 0.412949 0.193149 0.0219882 0.0481107
23 0.416634 0.382484 0.0187003 0.056184
6 0.198571 0.453541 0.0280745 0.0575859
1 0.337455 0.162161 0.0154253 0.0421935
11 0.493145 0.245314 0.0197844 0.0443373
9 0.388146 0.349542 0.0260971 0.0605666
21 0.783844 0.270677 0.0215174 0.053399
16 0.162669 0.638761 0.0253131 0.0731878
13 0.506456 0.191499 0.0222406 0.0469371
8 0.18782 0.362302 0.0205444 0.0528956
15 0.579827 0.46889 0.0241064 0.0616418
2 0.868887 0.472152 0.0320488 0.0719914
13 0.472769 0.200449 0.0168203 0.0473113
14 0.619544 0.373138 0.0216294 0.0633771
20 0.784444 0.271916 0.0208352 0.0572782
22 0.888241 0.356038 0.0258583 0.070893
14 0.563392 0.295077 0.0194269 0.0606563
20 0.563473 0.295633 0.0189205 0.0618133
5 0.266263 0.231535 0.0276028 0.0576191
3 0.707972 0.744288 0.0284447 0.0862196
12 0.412949 0.193149 0.0219882 0.0481107
23 0.416634 0.382484 0.0187003 0.056184
6 0.198571 0.453541 0.0280745 0.0575859
1 0.337455 0.162161 0.0154253 0.0421935
11 0.493145 0.245314 0.0197844 0.0443373
9 0.388146 0.349542 0.0260971 0.0605666
21 0.783844 0.270677 0.0215174 0.053399
16 0.162669 0.638761 0.0253131 0.0731878
13 0.506456 0.191499 0.0222406 0.0469371
8 0.18782 0.362302 0.0205444 0.0528956
15 0.579827 0.46889 0.0241064 0.0616418
2 0.868887 0.472152 0.0320488 0.0719914
13 0.472769 0.200449 0.0168203 0.0473113
14 0.619544 0.373138 0.0216294 0.0633771
20 0.784444 0.271916 0.0208352 0.0572782
22 0.888241 0.356038 0.0258583 0.070893
14 0.563392 0.295077 0.0194269 0.0606563
20 0.563473 0.295633 0.0189205 0.0618133
5 0.266263 0.231535 0.0276028 0.0576191
3 0.707972 0.744288 0.0284447 0.0862196
12 0.412949 0.193149 0.0219882 0.0481107
23 0.416634 0.382484 0.0187003 0.056184
6 0.198571 0.453541 0.0280745 0.0575859
1 0.337455 0.162161 0.0154253 0.0421935
11 0.493145 0.245314 0.0197844 0.0443373
9 0.388146 0.349542 0.0260971 0.0605666
21 0.783844 0.270677 0.0215174 0.053399
16 0.162669 0.638761 0.0253131 0.0731878
13 0.506456 0.191499 0.0222406 0.0469371
8 0.18782 0.362302 0.0205444 0.0528956
15 0.579827 0.46889 0.0241064 0.0616418
2 0.868887 0.472152 0.0320488 0.0719914
13 0.472769 0.200449 0.0168203 0.0473113
14 0.619544 0.373138 0.0216294 0.0633771
20 0.784444 0.271916 0.0208352 0.0572782
22 0.888241 0.356038 0.0258583 0.070893
14 0.563392 0.295077 0.0194269 0.0606563
20 0.563473 0.295633 0.0189205 0.0618133
