1 0.29883381924198255 0.10884353741496598 0.024295432458697766 0.05528560630601444
12 0.4684159378036929 0.15289925494007128 0.01360544217687078 0.050102580714825644
16 0.185131195335277 0.7739984882842026 0.034013605442176846 0.0829284094590217
17 0.1608357628765792 0.44314868804664725 0.012633624878522837 0.06392398229132923
18 0.4757045652355675 0.5614944690956746 0.018464528668610286 0.058740956700140325
23 0.4105928085519922 0.3965014577259475 0.022351797862001987 0.06392398229132923
5 0.24198250728862974 0.2211424252240579 0.025267249757045675 0.06910700788251806
6 0.17444120505344995 0.5165748839218227 0.03206997084548106 0.06910700788251808
7 0.45092322124552725 0.24705755700457502 0.02721088435374142 0.04837490551776266
8 0.19533527696793002 0.3740416801641292 0.02526724975704564 0.07429003347370695
9 0.3882410106899903 0.342943526616996 0.024295432458697804 0.06392398229132919
21 0.7774538386783285 0.23064463880790412 0.031098153547133193 0.06392398229132919
22 0.8994169096209913 0.3213475866537091 0.022351797862001917 0.08983911024727352
2 0.8751214771622935 0.4543785768275564 0.02623906705539355 0.07601770867076993
3 0.6875607385811467 0.7852283770651118 0.024295432458697804 0.1019328366267142
20 0.4931972789115646 0.27642803153007234 0.018464528668610286 0.06219630709426628
15 0.6010689990281827 0.469927653601123 0.026239067055393618 0.062196307094266386
14 0.5996112730806609 0.3438073642155275 0.02332361516034986 0.07256235827664398
13 0.5408163265306122 0.1580822805312601 0.022351797862001987 0.05355793110895151
11 0.4931972789115646 0.20818486124608576 0.022351797862001987 0.0431918799265738
10 0.478134110787172 0.17276751970629523 0.011661807580174894 0.04146420472951085
0 0.3236151603498542 0.16844833171363785 0.009718172983479115 0.01209372637944064
