1 0.3464528668610301 0.2453298779829392 0.014577259475218653 0.04146420472951085
12 0.2536443148688046 0.20991253644314867 0.017492711370262377 0.04664723032069969
16 0.1316812439261419 0.3662671417773458 0.03206997084548105 0.038008854335384895
17 0.32847424684159376 0.28679408271245005 0.01360544217687078 0.0483749055177627
18 0.3119533527696793 0.42846344887161214 0.01943634596695823 0.06219630709426625
23 0.48542274052478135 0.29543245869776485 0.020408163265306173 0.055285606306014506
4 0.13896987366375121 0.3317136378360868 0.01943634596695819 0.02764280315300727
5 0.3080660835762877 0.23064463880790412 0.01360544217687078 0.057013281503077454
6 0.1880466472303207 0.3550372529964366 0.020408163265306135 0.05701328150307738
7 0.3250728862973761 0.24532987798293923 0.014577259475218653 0.04837490551776266
8 0.272108843537415 0.2980239714933593 0.019436345966958264 0.053557931108951566
9 0.3177842565597668 0.32998596263902386 0.017492711370262412 0.058740956700140325
21 0.8649173955296405 0.2945686210992334 0.021379980563654186 0.05010258071482561
22 0.9878522837706512 0.39995680812007345 0.024295432458697804 0.070834683079581
2 0.8347910592808552 0.4543785768275564 0.029154518950437306 0.05874095670014043
3 0.7434402332361516 0.6331929597235719 0.029154518950437306 0.08120073426195887
20 0.7346938775510204 0.3101176978727999 0.017492711370262412 0.07429003347370702
15 0.4154518950437317 0.3930461073318216 0.01652089407191447 0.060468631897203334
14 0.6856171039844509 0.39477378252888456 0.01846452866861043 0.060468631897203265
13 0.413022351797862 0.21250404923874314 0.01360544217687078 0.05183025591188855
11 0.5427599611273081 0.2669258179462261 0.01068999028182695 0.053557931108951566
10 0.5281827016520895 0.2168232372314005 0.012633624878522908 0.060468631897203334
