1 0.34450923226433433 0.24273836518734476 0.01652089407191447 0.05355793110895153
12 0.27891156462585037 0.21164021164021166 0.017492711370262377 0.03973652953244791
16 0.1268221574344023 0.3809523809523809 0.041788143828960164 0.02245977756181837
17 0.30369290573372204 0.2954324586977648 0.010689990281826987 0.04146420472951085
18 0.3109815354713314 0.435374149659864 0.021379980563654043 0.051830255911888584
23 0.4761904761904762 0.2988878090918907 0.0194363459669583 0.051830255911888654
4 0.14431486880466474 0.32998596263902386 0.03595724003887271 0.031098153547133123
5 0.2973760932944607 0.2384191771946874 0.017492711370262343 0.05528560630601444
6 0.17687074829931973 0.3619479537846885 0.01943634596695823 0.053557931108951566
7 0.3172983479105928 0.2418745275888133 0.018464528668610286 0.05528560630601447
8 0.2633624878522838 0.2911132707051074 0.017492711370262412 0.05355793110895153
9 0.32361516034985427 0.3248029370478351 0.017492711370262343 0.06219630709426628
21 0.8561710398445093 0.2988878090918907 0.025267249757045675 0.058740956700140325
22 0.9805636540330418 0.39477378252888456 0.021379980563654043 0.07774538386783277
2 0.8474246841593779 0.46733614080552854 0.02721088435374142 0.06737933268545525
3 0.740038872691934 0.6444228485044812 0.02623906705539369 0.07256235827664398
20 0.7186588921282799 0.30579850988014257 0.022351797862001917 0.06910700788251808
15 0.42225461613216714 0.4060036713097938 0.020408163265306173 0.05874095670014036
14 0.6788143828960156 0.3878630817406328 0.022351797862001917 0.060468631897203334
13 0.41205053449951407 0.2133678868372746 0.015549076773566596 0.057013281503077454
11 0.5267249757045676 0.26001511715797426 0.01749271137026227 0.05010258071482557
10 0.5034013605442178 0.22200626282258937 0.015549076773566596 0.050102580714825644
