1 0.37026239067055394 0.20732102364755428 0.01360544217687078 0.04146420472951082
12 0.3984450923226433 0.2133678868372746 0.021379980563653974 0.05355793110895149
16 0.19436345966958213 0.5295324478997948 0.023323615160349823 0.06737933268545518
17 0.250242954324587 0.3463988770111219 0.020408163265306135 0.046647230320699645
18 0.4052478134110787 0.49238743116294137 0.03692905733722057 0.051830255911888654
23 0.46015549076773565 0.36453946658028286 0.018464528668610286 0.0552856063060144
4 0.028668610301263362 0.3325774754346183 0.014577259475218658 0.06392398229132926
5 0.3206997084548105 0.25483209156678543 0.025267249757045605 0.053557931108951566
6 0.2303206997084548 0.41896123528776585 0.029154518950437306 0.05701328150307738
7 0.38241010689990285 0.27038116834035203 0.02623906705539369 0.04664723032069972
8 0.22011661807580174 0.35417341539790514 0.022351797862001917 0.051830255911888584
9 0.40476190476190477 0.3489903898067163 0.024295432458697804 0.05528560630601447
21 0.8119533527696794 0.3032069970845481 0.020408163265306173 0.05355793110895153
22 0.9188532555879496 0.3818162185509124 0.020408163265306173 0.07601770867076993
2 0.8654033041788144 0.4751106791923118 0.03206997084548106 0.07601770867076986
3 0.7332361516034984 0.7074829931972789 0.028182701652089436 0.070834683079581
20 0.6404275996112732 0.3101176978727999 0.02332361516034986 0.060468631897203334
15 0.5636540330417881 0.4586977648202138 0.017492711370262412 0.060468631897203265
14 0.6622934888241011 0.3878630817406328 0.024295432458697804 0.053557931108951566
13 0.5063168124392614 0.217687074829932 0.021379980563654043 0.03800885433538493
11 0.5111758989310009 0.2712450059388835 0.017492711370262412 0.05183025591188855
10 0.48542274052478135 0.22546161321671526 0.020408163265306173 0.050102580714825644
0 0.3595724003887269 0.22200626282258934 0.007774538386783263 0.019004427167692482
