1 0.30272108843537415 0.11229888780909189 0.01457725947521869 0.04146420472951085
12 0.43586005830903785 0.16067379332685455 0.024295432458697804 0.04837490551776266
16 0.14868804664723034 0.7351257963502862 0.036929057337220586 0.07774538386783292
17 0.1637512147716229 0.4060036713097938 0.030126336248785232 0.0552856063060144
18 0.44606413204454926 0.5597667942628565 0.029154520449164858 0.07601771049199546
18 0.44460641399416906 0.5597667638483965 0.03401360544217681 0.08292840945902163
5 0.22886297376093293 0.2133678868372746 0.03401360544217688 0.06737933268545518
6 0.16472303206997083 0.5010258071482562 0.03206997084548105 0.07601770867076993
7 0.42128282661792354 0.253104405988739 0.03790087463556848 0.06737933268545515
8 0.18610301263362486 0.3515819026023108 0.05150631681243922 0.05701328150307738
9 0.37852283770651113 0.3420796890184646 0.032069970845480994 0.06910700788251808
21 0.7862001943634596 0.23409998920203 0.019436345966958157 0.05355793110895153
22 0.8989310009718173 0.32998596263902386 0.031098153547133193 0.07256235827664394
2 0.879494655004859 0.4552424144260879 0.031098153547133193 0.0881114350502105
3 0.6982507288629738 0.7809091890724544 0.028182701652089293 0.09329446064139944
20 0.510689990281827 0.27988338192419826 0.024295432458697804 0.06565165748839216
15 0.5850340136054422 0.47942986718496916 0.021379980563654043 0.06392398229132923
14 0.5996112730806609 0.35244574020084224 0.025267249757045605 0.06910700788251813
13 0.5189504373177843 0.15980995572832307 0.031098153547133193 0.05355793110895153
11 0.48445092322643346 0.21509556203433752 0.0204081632653061 0.04664723032069972
10 0.4713313896987366 0.16844833171363782 0.021379980563654043 0.04664723032069969
0 0.3017492711370262 0.13994169096209913 0.008746355685131206 0.010366051182377713
