1 0.9771622934888239 0.560630601446928 0.0359572400388727 0.10538818702084007
12 0.838192419825073 0.5174387215203542 0.030126336248785322 0.0984774862325883
16 0.4640427599611273 0.6547888996868589 0.04373177842565603 0.051830255911888515
17 0.8741496598639454 0.5865457294028722 0.018464528668610144 0.07429003347370695
18 0.8338192419825071 0.7230320699708455 0.02721088435374142 0.12957563977972142
4 0.5189504373177843 0.6193715581470683 0.05636540330417887 0.053557931108951636
5 0.8756073858114675 0.5088003455350394 0.01360544217687078 0.05355793110895149
6 0.5782312925170068 0.6349206349206349 0.02332361516034986 0.10193283662671412
7 0.9193391642371234 0.54421768707483 0.03304178814382894 0.1036605118237771
8 0.781827016520894 0.5822265414102149 0.02623906705539355 0.11057121261202894
9 0.8960155490767735 0.6210992333441312 0.029154518950437306 0.1088435374149659
0 0.4776482021379981 0.5822265414102148 0.012633624878522837 0.02418745275888135
