1 0.7964042759961127 0.4388295000539898 0.030126336248785322 0.08292840945902163
12 0.8770651117589893 0.46215311521433977 0.0359572400388727 0.08465608465608461
16 0.3459669582118562 0.738581146744412 0.03304178814382894 0.1261202893855956
17 0.5024295432458697 0.5692689774322427 0.02915451895043738 0.08811143505021057
18 0.8279883381924198 0.7247597451679084 0.06608357628765787 0.13648634056797335
23 0.9504373177842566 0.6046863189720333 0.03109815354713305 0.11402656300615491
4 0.05102040816326531 0.5157110463232912 0.030126336248785218 0.11229888780909185
5 0.6768707482993197 0.4820213799805636 0.04567541302235185 0.09674981103552532
6 0.4606413994169096 0.6202353957455998 0.029154518950437306 0.10366051182377717
7 0.826044703595724 0.49670661915559877 0.0194363459669583 0.07774538386783285
8 0.44800777453838675 0.562358276643991 0.029154518950437306 0.07429003347370702
9 0.8459669582118562 0.5718604902278372 0.024295432458697804 0.10711586221790298
0 0.7730806608357628 0.4742468415937804 0.014577259475218653 0.025915127955944257
