1 0.8119533527696794 0.4586977648202138 0.020408163265306173 0.07083468307958107
12 0.8377065111758989 0.4561062520246193 0.031098153547133193 0.0863837598531476
16 0.3785228377065112 0.6815678652413346 0.03401360544217695 0.11229888780909192
17 0.5408163265306122 0.5269409351042004 0.03401360544217674 0.08638375985314753
18 0.7866861030126335 0.6953892668178382 0.049562682215743475 0.11229888780909185
4 0.2152575315840622 0.5252132599071375 0.026239067055393583 0.10711586221790306
5 0.7089407191448008 0.4828852175790951 0.039844509232264326 0.09156678544433638
6 0.47862001943634597 0.6029586437749702 0.03401360544217695 0.11402656300615491
7 0.7993197278911565 0.504481157542382 0.02623906705539355 0.07601770867076993
8 0.511175898931001 0.542490011877767 0.025267249757045748 0.08983911024727362
9 0.8420796890184645 0.5649497894395854 0.039844509232264326 0.11057121261202894
0 0.7871720116618076 0.4941151063600043 0.011661807580175036 0.02073210236475539
