1 0.815354713313897 0.44314868804664725 0.01749271137026227 0.0812007342619588
12 0.868804664723032 0.4535147392290249 0.03304178814382894 0.0881114350502105
16 0.36734693877551017 0.705755318000216 0.03692905733722057 0.12266493899146952
17 0.5374149659863946 0.5519922254616132 0.03304178814382901 0.09502213583846242
18 0.8202137998056365 0.705755318000216 0.04275996112730809 0.13648634056797326
23 0.988338192419825 0.5944341460387479 0.02332361516034993 0.1142543195043394
4 0.14577259475218657 0.5165748839218227 0.02721088435374151 0.11402656300615482
5 0.7055393586005831 0.48029370478350075 0.03692905733722071 0.1036605118237771
6 0.47278911564625853 0.6020948061764387 0.028182701652089436 0.10538818702084
7 0.8202137998056367 0.5139833711262283 0.031098153547133193 0.05701328150307738
8 0.4791059280855199 0.5381708238851096 0.025267249757045675 0.057013281503077454
9 0.860058309037901 0.5675413022351797 0.02721088435374142 0.10884353741496604
0 0.7944606413994169 0.48202137998056366 0.012633624878522908 0.03455350394125901
