1 0.7998056365403303 0.507936507936508 0.015549076773566525 0.07256235827664405
12 0.7755102040816325 0.4578339272216823 0.021379980563654186 0.05528560630601454
16 0.39795918367346944 0.6418313357088867 0.03401360544217688 0.10538818702084023
17 0.6064139941690962 0.5036173199438505 0.021379980563653974 0.005183025591188724
18 0.7424684159378038 0.6936615916207752 0.034985422740524824 0.11920958859734376
4 0.34499514091350825 0.5416261742792355 0.03304178814382894 0.10193283662671412
5 0.7240038872691934 0.5053449951409135 0.05053449951409121 0.07774538386783292
6 0.4839650145772595 0.6072778317676277 0.044703595724003904 0.10884353741496604
7 0.7745383867832848 0.5105280207321024 0.025267249757045675 0.043191879926573834
8 0.6141885325558795 0.5554475758557391 0.03692905733722064 0.07774538386783277
9 0.8134110787172011 0.5779073534175575 0.023323615160349788 0.10538818702084014
