1 0.846938775510204 0.5113918583306338 0.04956268221574334 0.0863837598531476
12 0.7648202137998057 0.47338300399524885 0.0330417881438288 0.06565165748839213
16 0.3935860058309038 0.628009934132383 0.02721088435374142 0.09847748623258823
17 0.6729834791059282 0.5442176870748299 0.024295432458697804 0.08983911024727348
18 0.7327502429543246 0.6919339164237124 0.023323615160349788 0.1364863405679732
4 0.40816326530612246 0.5511283878630817 0.034985422740524824 0.07947305906489582
5 0.7332361516034986 0.504481157542382 0.030126336248785322 0.07601770867076993
6 0.488338192419825 0.6098693445632222 0.039844509232264326 0.11057121261202901
7 0.7886297376093294 0.5096641831335709 0.02623906705539355 0.0829284094590217
8 0.6394557823129251 0.5468091998704243 0.031098153547133266 0.11575423820321788
9 0.8027210884353742 0.5874095670014037 0.019436345966958157 0.10711586221790298
0 0.5344995140913508 0.6038224813735017 0.015549076773566525 0.022459777561818443
