1 0.9314868804664723 0.5191663967174172 0.03206997084548106 0.09502213583846242
12 0.8129251700680271 0.48720440557175254 0.010689990281827022 0.09674981103552532
16 0.4475218658892128 0.6236907461397257 0.037900874635568516 0.07947305906489582
17 0.794460641399417 0.5563114134542705 0.024295432458697804 0.08983911024727355
18 0.794460641399417 0.7005722924090272 0.024295432458697804 0.12612028938559555
4 0.5 0.5709966526293057 0.03401360544217695 0.08120073426195873
5 0.8289601554907676 0.5165748839218227 0.019436345966958157 0.0829284094590217
6 0.5417881438289601 0.6064139941690962 0.026239067055393618 0.10020516142965114
7 0.8649173955296405 0.504481157542382 0.021379980563654186 0.0656516574883922
8 0.7322643343051506 0.5537199006586762 0.03401360544217681 0.10884353741496604
9 0.8673469387755103 0.5900010797969982 0.0437317784256561 0.09502213583846235
0 0.4591836734693877 0.593456430191124 0.004859086491739504 0.029370478350070214
