1 0.989795918367347 0.5666774646366483 0.002915451895043759 0.11057121261202901
12 0.8134110787172011 0.5303962854983263 0.023323615160349788 0.0863837598531476
16 0.4698736637512148 0.6642911132707051 0.047619047619047665 0.06046863189720348
17 0.9300291545189505 0.5986394557823129 0.015549076773566525 0.12612028938559555
18 0.8445092322643343 0.7472195227297269 0.02721088435374156 0.13994169096209916
4 0.5077745383867832 0.6340567973221034 0.02429543245869773 0.05528560630601447
5 0.9003887269193394 0.5303962854983264 0.022351797862001917 0.07256235827664398
6 0.5879494655004859 0.6409674981103552 0.029154518950437306 0.12093726379440653
7 0.9504373177842567 0.5571752510528021 0.015549076773566668 0.10193283662671426
8 0.8007774538386784 0.5995032933808444 0.029154518950437306 0.11402656300615475
9 0.8994169096209913 0.6470143613000755 0.024295432458697804 0.10884353741496597
0 0.5743440233236151 0.6245545837382572 0.011661807580174965 0.025915127955944327
