1 0.3299319727891157 0.14685239175035092 0.01652089407191447 0.04837490551776268
12 0.42031098153547136 0.19004427167692473 0.022351797862001987 0.05874095670014036
16 0.15986394557823128 0.6591080876795162 0.03401360544217688 0.0812007342619588
17 0.1967930029154519 0.3930461073318216 0.0204081632653061 0.043191879926573834
18 0.4222546161321671 0.537306986286578 0.026239067055393618 0.062196307094266316
23 0.41205053449951407 0.38268005614944384 0.021379980563654043 0.060468631897203334
5 0.25753158406219634 0.22546161321671526 0.031098153547133158 0.07083468307958107
6 0.19193391642371233 0.46388079041140273 0.03206997084548103 0.07429003347370702
7 0.3969873663751215 0.26519814274916315 0.02623906705539355 0.05355793110895153
8 0.18901846452866863 0.3593564409890941 0.0281827016520894 0.027642803153007236
9 0.3838678328474247 0.3463988770111219 0.02332361516034993 0.07429003347370693
21 0.7793974732750243 0.2643343051506317 0.02721088435374156 0.058740956700140394
22 0.8896987366375122 0.3541734153979052 0.018464528668610286 0.06910700788251813
2 0.8717201166180757 0.4725191663967173 0.03887269193391646 0.06737933268545511
3 0.7074829931972789 0.7506748731238528 0.03304178814382908 0.07429003347370682
20 0.5500485908649174 0.29802397149335924 0.019436345966958157 0.06392398229132923
14 0.6132167152575316 0.37490551776266057 0.031098153547133193 0.06910700788251808
15 0.5796890184645287 0.46733614080552854 0.028182701652089363 0.07774538386783277
13 0.5126336248785228 0.18745275888133028 0.026239067055393618 0.07083468307958103
11 0.4902818270165209 0.23755533959615593 0.020408163265306173 0.04664723032069972
10 0.4708454810495627 0.19349962207105065 0.02429543245869773 0.04837490551776266
0 0.3172983479105928 0.1693121693121693 0.008746355685131171 0.017276751970629542
