1 0.8085519922254616 0.48461289277615804 0.015549076773566525 0.07429003347370702
12 0.8138969873663752 0.4414210128495843 0.02040816326530603 0.043191879926573765
16 0.402332361516035 0.6651549508692365 0.03692905733722057 0.11057121261202894
17 0.5573372206025268 0.5321239606953893 0.03012633624878525 0.0829284094590217
18 0.771137026239067 0.6971169420149012 0.03206997084548106 0.13648634056797307
4 0.28765792031098153 0.5373069862865781 0.02915451895043727 0.09329446064139944
5 0.7201166180758016 0.5018896447467877 0.044703595724003835 0.08120073426195873
6 0.49076773566569487 0.6012309685779074 0.031098153547133123 0.10020516142965122
7 0.7959183673469389 0.5096641831335709 0.009718172983479007 0.0656516574883922
8 0.577259475218659 0.5476730374689559 0.025267249757045748 0.09329446064139929
9 0.8352769679300291 0.5735881654249002 0.0359572400388727 0.10020516142965114
0 0.7905733722060253 0.5139833711262283 0.008746355685131135 0.015549076773566668
