1 0.3343051506316812 0.2375553395961559 0.02721088435374142 0.03973652953244791
12 0.2852283770651118 0.1952272972681136 0.01652089407191447 0.038008854335384964
16 0.1336248785228377 0.3939099449303531 0.020408163265306117 0.051830255911888584
17 0.26433430515063167 0.2859302451139186 0.013605442176870746 0.05010258071482561
18 0.31195335276967934 0.4388295000539898 0.017492711370262412 0.062196307094266316
23 0.46161321671525757 0.3049346722816111 0.02332361516034986 0.05355793110895153
4 0.13070942662779397 0.3118453730698629 0.02429543245869775 0.03973652953244791
5 0.28377065111758987 0.24273836518734476 0.023323615160349823 0.036281179138322024
6 0.17541302235179784 0.3705863297700032 0.018464528668610286 0.06392398229132923
7 0.3066083576287658 0.24014685239175038 0.012633624878522874 0.03455350394125904
8 0.24295432458697763 0.2842025699168556 0.017492711370262412 0.06392398229132923
9 0.3270165208940719 0.31789223625958324 0.0281827016520894 0.05874095670014043
21 0.8318756073858115 0.30234315948601664 0.015549076773566668 0.05528560630601447
22 0.9582118561710399 0.3913184321347586 0.025267249757045675 0.0639239822913293
2 0.8406219630709427 0.46128927761580824 0.023323615160349788 0.06910700788251808
3 0.7283770651117591 0.6573804124824533 0.039844509232264326 0.09502213583846242
20 0.6943634596695821 0.3032069970845481 0.02040816326530603 0.05355793110895153
15 0.43586005830903785 0.4051398337112623 0.024295432458697804 0.060468631897203334
14 0.6637512147716228 0.38354389374797543 0.019436345966958157 0.05528560630601447
13 0.41642371234207964 0.2133678868372746 0.014577259475218653 0.05355793110895149
11 0.5048590864917395 0.26519814274916315 0.01652089407191447 0.050102580714825644
10 0.46695821185617103 0.22200626282258937 0.018464528668610213 0.050102580714825644
