1 0.33187560738581146 0.2211424252240579 0.018464528668610286 0.024187452758881314
12 0.31584062196307094 0.1917719468739877 0.015549076773566525 0.04146420472951082
16 0.16569484936831874 0.43191879926573806 0.0262390670553936 0.05528560630601447
17 0.23032069970845484 0.2850664075153871 0.01166180758017493 0.031098153547133123
18 0.33770651117589895 0.4535147392290249 0.03012633624878525 0.057013281503077454
23 0.4659863945578231 0.31789223625958324 0.018464528668610286 0.05528560630601447
4 0.09863945578231294 0.31270921066839436 0.024295432458697766 0.058740956700140394
5 0.293002915451895 0.23669150199762445 0.026239067055393583 0.0483749055177627
6 0.19241982507288632 0.36799481697440883 0.01943634596695819 0.05528560630601447
7 0.32361516034985427 0.24964906597559658 0.015549076773566596 0.0328258287441961
8 0.2448979591836735 0.2962962962962963 0.017492711370262377 0.05010258071482561
9 0.3522837706511176 0.31789223625958324 0.028182701652089436 0.07256235827664398
21 0.8231292517006803 0.3006154842889537 0.023323615160349788 0.06565165748839225
22 0.9509232264334305 0.38268005614944395 0.02235179786200206 0.08120073426195873
2 0.8508260447035957 0.4656084656084656 0.03206997084548106 0.06737933268545511
3 0.7312925170068028 0.666018788467768 0.022351797862001917 0.07429003347370682
20 0.6836734693877551 0.30234315948601664 0.018464528668610286 0.05528560630601447
15 0.4776482021379981 0.4224165856818918 0.022351797862001987 0.06392398229132923
14 0.6666666666666665 0.3895907569376957 0.02721088435374142 0.057013281503077454
13 0.4421768707482993 0.21164021164021166 0.011661807580174894 0.04664723032069972
11 0.49854227405247814 0.2677896555447576 0.01360544217687071 0.05874095670014036
10 0.46015549076773565 0.22459777561818378 0.012633624878522837 0.06219630709426625
