1 0.3717201166180758 0.19868264766223948 0.01652089407191454 0.038008854335384964
12 0.3663751214771622 0.21855091242846342 0.01943634596695823 0.02937047835007018
16 0.18901846452866863 0.48288521757909514 0.034013605442176846 0.06392398229132923
17 0.24781341107871718 0.30147932188748516 0.017492711370262377 0.03973652953244788
18 0.37949465500485907 0.4690638160025915 0.02623906705539355 0.05701328150307738
23 0.4761904761904762 0.3377605010258071 0.021379980563654043 0.05701328150307741
4 0.07968901846452867 0.3239390994493035 0.017492711370262395 0.05355793110895149
5 0.3206997084548105 0.24360220278587627 0.02332361516034986 0.04837490551776266
6 0.2274052478134111 0.3939099449303531 0.02332361516034986 0.06219630709426625
7 0.3678328474246841 0.26260662995356876 0.022351797862001987 0.03455350394125904
8 0.2380952380952381 0.3248029370478351 0.017492711370262412 0.034553503941259084
9 0.39067055393586003 0.326530612244898 0.031098153547133123 0.06565165748839209
21 0.8318756073858115 0.2988878090918907 0.019436345966958157 0.06219630709426628
22 0.9484936831875608 0.3835438937479754 0.02721088435374156 0.062196307094266316
2 0.8760932944606413 0.4802937047835007 0.028182701652089293 0.06219630709426625
3 0.740524781341108 0.6910700788251809 0.03304178814382894 0.08638375985314753
20 0.6793002915451894 0.3075261850772055 0.021379980563654043 0.051830255911888584
15 0.531584062196307 0.4414210128495843 0.02332361516034986 0.060468631897203265
14 0.6797862001943633 0.3878630817406328 0.022351797862001917 0.060468631897203334
13 0.4878522837706511 0.217687074829932 0.007774538386783263 0.04837490551776266
11 0.5140913508260446 0.2677896555447576 0.015549076773566596 0.051830255911888584
10 0.47862001943634597 0.22546161321671526 0.008746355685131135 0.050102580714825644
0 0.3522837706511176 0.23237231400496705 0.00680272108843539 0.015549076773566562
