1 0.359086491739553 0.18572508368426735 0.018464528668610286 0.043191879926573834
12 0.4125364431486881 0.2038656732534283 0.0204081632653061 0.04837490551776266
16 0.17978620019436345 0.5908649173955297 0.027210884353741492 0.07256235827664405
17 0.22108843537414963 0.3861354065435698 0.01846452866861032 0.043191879926573765
18 0.4159378036929057 0.5148472087247598 0.031098153547133123 0.06565165748839213
23 0.44120505344995137 0.37490551776266057 0.01943634596695823 0.051830255911888584
5 0.29543245869776485 0.24101068999028183 0.027210884353741457 0.05355793110895149
6 0.22060252672497568 0.4414210128495843 0.029154518950437344 0.043191879926573765
7 0.39310009718172984 0.2712450059388835 0.024295432458697804 0.04837490551776263
8 0.20359572400388729 0.3645394665802829 0.01457725947521869 0.06219630709426625
9 0.4052478134110787 0.3507180650037792 0.027210884353741492 0.06565165748839216
21 0.8032069970845481 0.2833387323183241 0.024295432458697662 0.05183025591188855
22 0.9067055393586005 0.3731778425655976 0.025267249757045675 0.06910700788251808
2 0.8790087463556853 0.486340567973221 0.020408163265306173 0.07774538386783285
3 0.7225461613216715 0.7342619587517547 0.032069970845480925 0.07601770867076993
20 0.6005830903790087 0.30493467228161103 0.02332361516034986 0.0639239822913293
14 0.6433430515063168 0.38095238095238093 0.02332361516034993 0.05355793110895149
15 0.5830903790087464 0.469927653601123 0.025267249757045605 0.05874095670014036
13 0.5116618075801749 0.199546485260771 0.0204081632653061 0.05355793110895153
11 0.5058309037900875 0.2574236043623799 0.022351797862001987 0.04146420472951085
10 0.48590864917395526 0.21595939963286903 0.025267249757045675 0.04837490551776266
0 0.3440233236151603 0.19781881006370802 0.007774538386783263 0.019004427167692482
