16 0.463671 0.65622 0.0549239 0.0425941
1 0.970175 0.547435 0.0309851 0.101055
12 0.836227 0.506071 0.023386 0.0866168
4 0.519277 0.603709 0.0517757 0.0630935
9 0.890743 0.61252 0.0265072 0.108376
8 0.771896 0.575304 0.0273827 0.112015
18 0.827175 0.723534 0.0328033 0.131283
9 0.863272 0.585424 0.0259266 0.0915736
7 0.86654 0.514071 0.0185917 0.0600499
17 0.863153 0.585419 0.0261646 0.0966369
1 0.837621 0.505692 0.0242508 0.0878467
6 0.568488 0.628368 0.0296951 0.103426
16 0.463671 0.65622 0.0549239 0.0425941
1 0.970175 0.547435 0.0309851 0.101055
12 0.836227 0.506071 0.023386 0.0866168
4 0.519277 0.603709 0.0517757 0.0630935
9 0.890743 0.61252 0.0265072 0.108376
8 0.771896 0.575304 0.0273827 0.112015
18 0.827175 0.723534 0.0328033 0.131283
9 0.863272 0.585424 0.0259266 0.0915736
7 0.86654 0.514071 0.0185917 0.0600499
17 0.863153 0.585419 0.0261646 0.0966369
1 0.837621 0.505692 0.0242508 0.0878467
6 0.568488 0.628368 0.0296951 0.103426
16 0.463671 0.65622 0.0549239 0.0425941
1 0.970175 0.547435 0.0309851 0.101055
12 0.836227 0.506071 0.023386 0.0866168
4 0.519277 0.603709 0.0517757 0.0630935
9 0.890743 0.61252 0.0265072 0.108376
8 0.771896 0.575304 0.0273827 0.112015
18 0.827175 0.723534 0.0328033 0.131283
9 0.863272 0.585424 0.0259266 0.0915736
7 0.86654 0.514071 0.0185917 0.0600499
17 0.863153 0.585419 0.0261646 0.0966369
1 0.837621 0.505692 0.0242508 0.0878467
6 0.568488 0.628368 0.0296951 0.103426
16 0.463671 0.65622 0.0549239 0.0425941
1 0.970175 0.547435 0.0309851 0.101055
12 0.836227 0.506071 0.023386 0.0866168
4 0.519277 0.603709 0.0517757 0.0630935
9 0.890743 0.61252 0.0265072 0.108376
8 0.771896 0.575304 0.0273827 0.112015
18 0.827175 0.723534 0.0328033 0.131283
9 0.863272 0.585424 0.0259266 0.0915736
7 0.86654 0.514071 0.0185917 0.0600499
17 0.863153 0.585419 0.0261646 0.0966369
1 0.837621 0.505692 0.0242508 0.0878467
6 0.568488 0.628368 0.0296951 0.103426
