16 0.462678 0.653775 0.0405828 0.0538305
8 0.78227 0.582952 0.0254616 0.107719
1 0.837338 0.517791 0.0308563 0.0929589
1 0.980796 0.557461 0.0347355 0.103771
6 0.577581 0.63521 0.0245377 0.101121
12 0.837149 0.517677 0.0312653 0.0927569
9 0.896857 0.625621 0.0237228 0.103957
18 0.834702 0.723845 0.0322609 0.129771
4 0.518359 0.622622 0.0509498 0.0499832
16 0.462678 0.653775 0.0405828 0.0538305
8 0.78227 0.582952 0.0254616 0.107719
1 0.837338 0.517791 0.0308563 0.0929589
1 0.980796 0.557461 0.0347355 0.103771
6 0.577581 0.63521 0.0245377 0.101121
12 0.837149 0.517677 0.0312653 0.0927569
9 0.896857 0.625621 0.0237228 0.103957
18 0.834702 0.723845 0.0322609 0.129771
4 0.518359 0.622622 0.0509498 0.0499832
16 0.462678 0.653775 0.0405828 0.0538305
8 0.78227 0.582952 0.0254616 0.107719
1 0.837338 0.517791 0.0308563 0.0929589
1 0.980796 0.557461 0.0347355 0.103771
6 0.577581 0.63521 0.0245377 0.101121
12 0.837149 0.517677 0.0312653 0.0927569
9 0.896857 0.625621 0.0237228 0.103957
18 0.834702 0.723845 0.0322609 0.129771
4 0.518359 0.622622 0.0509498 0.0499832
16 0.462678 0.653775 0.0405828 0.0538305
8 0.78227 0.582952 0.0254616 0.107719
1 0.837338 0.517791 0.0308563 0.0929589
1 0.980796 0.557461 0.0347355 0.103771
6 0.577581 0.63521 0.0245377 0.101121
12 0.837149 0.517677 0.0312653 0.0927569
9 0.896857 0.625621 0.0237228 0.103957
18 0.834702 0.723845 0.0322609 0.129771
4 0.518359 0.622622 0.0509498 0.0499832
