1 0.913705 0.521648 0.0337879 0.0958308
4 0.492202 0.563083 0.0387218 0.0852273
12 0.809403 0.459985 0.0199587 0.0312414
18 0.781524 0.69662 0.0363009 0.127553
9 0.855162 0.588546 0.0329376 0.0986263
6 0.531451 0.606349 0.0286806 0.100438
16 0.442033 0.62085 0.035458 0.0826496
8 0.716816 0.551694 0.0333674 0.107236
7 0.811091 0.519872 0.0343624 0.072555
12 0.914083 0.521564 0.0343857 0.0961185
1 0.913705 0.521648 0.0337879 0.0958308
4 0.492202 0.563083 0.0387218 0.0852273
12 0.809403 0.459985 0.0199587 0.0312414
18 0.781524 0.69662 0.0363009 0.127553
9 0.855162 0.588546 0.0329376 0.0986263
6 0.531451 0.606349 0.0286806 0.100438
16 0.442033 0.62085 0.035458 0.0826496
8 0.716816 0.551694 0.0333674 0.107236
7 0.811091 0.519872 0.0343624 0.072555
12 0.914083 0.521564 0.0343857 0.0961185
1 0.913705 0.521648 0.0337879 0.0958308
4 0.492202 0.563083 0.0387218 0.0852273
12 0.809403 0.459985 0.0199587 0.0312414
18 0.781524 0.69662 0.0363009 0.127553
9 0.855162 0.588546 0.0329376 0.0986263
6 0.531451 0.606349 0.0286806 0.100438
16 0.442033 0.62085 0.035458 0.0826496
8 0.716816 0.551694 0.0333674 0.107236
7 0.811091 0.519872 0.0343624 0.072555
12 0.914083 0.521564 0.0343857 0.0961185
1 0.913705 0.521648 0.0337879 0.0958308
4 0.492202 0.563083 0.0387218 0.0852273
12 0.809403 0.459985 0.0199587 0.0312414
18 0.781524 0.69662 0.0363009 0.127553
9 0.855162 0.588546 0.0329376 0.0986263
6 0.531451 0.606349 0.0286806 0.100438
16 0.442033 0.62085 0.035458 0.0826496
8 0.716816 0.551694 0.0333674 0.107236
7 0.811091 0.519872 0.0343624 0.072555
12 0.914083 0.521564 0.0343857 0.0961185
