5 0.706983 0.483498 0.0394424 0.0866414
4 0.209614 0.521482 0.0267415 0.105796
9 0.841097 0.568873 0.0339149 0.1078
16 0.374728 0.68384 0.0297477 0.124014
18 0.790104 0.697344 0.05634 0.128689
1 0.810378 0.449169 0.0207884 0.0626682
17 0.540163 0.530719 0.030587 0.0919123
7 0.802463 0.50448 0.024044 0.0781496
8 0.506697 0.543648 0.026219 0.0855042
12 0.838175 0.456779 0.0281868 0.0841907
6 0.473823 0.596931 0.0339376 0.102619
0 0.784329 0.493883 0.0121185 0.0251211
17 0.507736 0.542898 0.0263814 0.0865256
5 0.706983 0.483498 0.0394424 0.0866414
4 0.209614 0.521482 0.0267415 0.105796
9 0.841097 0.568873 0.0339149 0.1078
16 0.374728 0.68384 0.0297477 0.124014
18 0.790104 0.697344 0.05634 0.128689
1 0.810378 0.449169 0.0207884 0.0626682
17 0.540163 0.530719 0.030587 0.0919123
7 0.802463 0.50448 0.024044 0.0781496
8 0.506697 0.543648 0.026219 0.0855042
12 0.838175 0.456779 0.0281868 0.0841907
6 0.473823 0.596931 0.0339376 0.102619
0 0.784329 0.493883 0.0121185 0.0251211
17 0.507736 0.542898 0.0263814 0.0865256
5 0.706983 0.483498 0.0394424 0.0866414
4 0.209614 0.521482 0.0267415 0.105796
9 0.841097 0.568873 0.0339149 0.1078
16 0.374728 0.68384 0.0297477 0.124014
18 0.790104 0.697344 0.05634 0.128689
1 0.810378 0.449169 0.0207884 0.0626682
17 0.540163 0.530719 0.030587 0.0919123
7 0.802463 0.50448 0.024044 0.0781496
8 0.506697 0.543648 0.026219 0.0855042
12 0.838175 0.456779 0.0281868 0.0841907
6 0.473823 0.596931 0.0339376 0.102619
0 0.784329 0.493883 0.0121185 0.0251211
17 0.507736 0.542898 0.0263814 0.0865256
5 0.706983 0.483498 0.0394424 0.0866414
4 0.209614 0.521482 0.0267415 0.105796
9 0.841097 0.568873 0.0339149 0.1078
16 0.374728 0.68384 0.0297477 0.124014
18 0.790104 0.697344 0.05634 0.128689
1 0.810378 0.449169 0.0207884 0.0626682
17 0.540163 0.530719 0.030587 0.0919123
7 0.802463 0.50448 0.024044 0.0781496
8 0.506697 0.543648 0.026219 0.0855042
12 0.838175 0.456779 0.0281868 0.0841907
6 0.473823 0.596931 0.0339376 0.102619
0 0.784329 0.493883 0.0121185 0.0251211
17 0.507736 0.542898 0.0263814 0.0865256
