18 0.842433 0.748123 0.0311642 0.136411
6 0.588216 0.641602 0.0298578 0.11779
16 0.467072 0.665248 0.0365546 0.0559699
9 0.934787 0.610861 0.0195972 0.112901
4 0.502626 0.636734 0.0306772 0.0611196
12 0.805751 0.528771 0.0266466 0.0825094
9 0.89574 0.668262 0.0227486 0.074324
9 0.799874 0.601577 0.0257591 0.111053
18 0.842433 0.748123 0.0311642 0.136411
6 0.588216 0.641602 0.0298578 0.11779
16 0.467072 0.665248 0.0365546 0.0559699
9 0.934787 0.610861 0.0195972 0.112901
4 0.502626 0.636734 0.0306772 0.0611196
12 0.805751 0.528771 0.0266466 0.0825094
9 0.89574 0.668262 0.0227486 0.074324
9 0.799874 0.601577 0.0257591 0.111053
18 0.842433 0.748123 0.0311642 0.136411
6 0.588216 0.641602 0.0298578 0.11779
16 0.467072 0.665248 0.0365546 0.0559699
9 0.934787 0.610861 0.0195972 0.112901
4 0.502626 0.636734 0.0306772 0.0611196
12 0.805751 0.528771 0.0266466 0.0825094
9 0.89574 0.668262 0.0227486 0.074324
9 0.799874 0.601577 0.0257591 0.111053
18 0.842433 0.748123 0.0311642 0.136411
6 0.588216 0.641602 0.0298578 0.11779
16 0.467072 0.665248 0.0365546 0.0559699
9 0.934787 0.610861 0.0195972 0.112901
4 0.502626 0.636734 0.0306772 0.0611196
12 0.805751 0.528771 0.0266466 0.0825094
9 0.89574 0.668262 0.0227486 0.074324
9 0.799874 0.601577 0.0257591 0.111053
