18 0.843455 0.742908 0.0428087 0.132178
1 0.827 0.53207 0.0349215 0.0915717
4 0.507843 0.636942 0.0334916 0.049701
16 0.469319 0.667965 0.0442486 0.052817
6 0.585114 0.635778 0.0299567 0.116943
9 0.894774 0.639973 0.0294693 0.0991801
8 0.795153 0.594069 0.02948 0.115052
18 0.843455 0.742908 0.0428087 0.132178
1 0.827 0.53207 0.0349215 0.0915717
4 0.507843 0.636942 0.0334916 0.049701
16 0.469319 0.667965 0.0442486 0.052817
6 0.585114 0.635778 0.0299567 0.116943
9 0.894774 0.639973 0.0294693 0.0991801
8 0.795153 0.594069 0.02948 0.115052
18 0.843455 0.742908 0.0428087 0.132178
1 0.827 0.53207 0.0349215 0.0915717
4 0.507843 0.636942 0.0334916 0.049701
16 0.469319 0.667965 0.0442486 0.052817
6 0.585114 0.635778 0.0299567 0.116943
9 0.894774 0.639973 0.0294693 0.0991801
8 0.795153 0.594069 0.02948 0.115052
18 0.843455 0.742908 0.0428087 0.132178
1 0.827 0.53207 0.0349215 0.0915717
4 0.507843 0.636942 0.0334916 0.049701
16 0.469319 0.667965 0.0442486 0.052817
6 0.585114 0.635778 0.0299567 0.116943
9 0.894774 0.639973 0.0294693 0.0991801
8 0.795153 0.594069 0.02948 0.115052
