5 0.721067 0.506151 0.0429863 0.0817111
4 0.339789 0.544389 0.0366975 0.0967286
18 0.743181 0.698053 0.0410291 0.1289
12 0.778252 0.459842 0.0174287 0.0469326
16 0.402974 0.645128 0.0350915 0.109916
6 0.482272 0.605707 0.0354585 0.102148
9 0.820799 0.577946 0.0371218 0.104523
8 0.611407 0.555389 0.0286442 0.0846784
7 0.775839 0.512335 0.0238054 0.0538974
8 0.602062 0.515932 0.0203551 0.0442639
5 0.721067 0.506151 0.0429863 0.0817111
4 0.339789 0.544389 0.0366975 0.0967286
18 0.743181 0.698053 0.0410291 0.1289
12 0.778252 0.459842 0.0174287 0.0469326
16 0.402974 0.645128 0.0350915 0.109916
6 0.482272 0.605707 0.0354585 0.102148
9 0.820799 0.577946 0.0371218 0.104523
8 0.611407 0.555389 0.0286442 0.0846784
7 0.775839 0.512335 0.0238054 0.0538974
8 0.602062 0.515932 0.0203551 0.0442639
5 0.721067 0.506151 0.0429863 0.0817111
4 0.339789 0.544389 0.0366975 0.0967286
18 0.743181 0.698053 0.0410291 0.1289
12 0.778252 0.459842 0.0174287 0.0469326
16 0.402974 0.645128 0.0350915 0.109916
6 0.482272 0.605707 0.0354585 0.102148
9 0.820799 0.577946 0.0371218 0.104523
8 0.611407 0.555389 0.0286442 0.0846784
7 0.775839 0.512335 0.0238054 0.0538974
8 0.602062 0.515932 0.0203551 0.0442639
5 0.721067 0.506151 0.0429863 0.0817111
4 0.339789 0.544389 0.0366975 0.0967286
18 0.743181 0.698053 0.0410291 0.1289
12 0.778252 0.459842 0.0174287 0.0469326
16 0.402974 0.645128 0.0350915 0.109916
6 0.482272 0.605707 0.0354585 0.102148
9 0.820799 0.577946 0.0371218 0.104523
8 0.611407 0.555389 0.0286442 0.0846784
7 0.775839 0.512335 0.0238054 0.0538974
8 0.602062 0.515932 0.0203551 0.0442639
