4 0.0585803 0.516586 0.0282052 0.11176
5 0.678944 0.479684 0.0441808 0.0947589
23 0.953592 0.600997 0.0309872 0.114151
1 0.798145 0.439057 0.024192 0.0837518
18 0.828634 0.72005 0.0607142 0.134073
8 0.449822 0.56553 0.028561 0.090049
6 0.460962 0.618183 0.0256731 0.102938
12 0.797735 0.438886 0.0251001 0.0820706
16 0.347078 0.741359 0.0372354 0.126715
9 0.849529 0.57414 0.0364941 0.105156
12 0.876132 0.458926 0.0293892 0.0864713
1 0.875952 0.458444 0.0288204 0.0870418
9 0.461933 0.617209 0.0250456 0.105026
4 0.0585803 0.516586 0.0282052 0.11176
5 0.678944 0.479684 0.0441808 0.0947589
23 0.953592 0.600997 0.0309872 0.114151
1 0.798145 0.439057 0.024192 0.0837518
18 0.828634 0.72005 0.0607142 0.134073
8 0.449822 0.56553 0.028561 0.090049
6 0.460962 0.618183 0.0256731 0.102938
12 0.797735 0.438886 0.0251001 0.0820706
16 0.347078 0.741359 0.0372354 0.126715
9 0.849529 0.57414 0.0364941 0.105156
12 0.876132 0.458926 0.0293892 0.0864713
1 0.875952 0.458444 0.0288204 0.0870418
9 0.461933 0.617209 0.0250456 0.105026
4 0.0585803 0.516586 0.0282052 0.11176
5 0.678944 0.479684 0.0441808 0.0947589
23 0.953592 0.600997 0.0309872 0.114151
1 0.798145 0.439057 0.024192 0.0837518
18 0.828634 0.72005 0.0607142 0.134073
8 0.449822 0.56553 0.028561 0.090049
6 0.460962 0.618183 0.0256731 0.102938
12 0.797735 0.438886 0.0251001 0.0820706
16 0.347078 0.741359 0.0372354 0.126715
9 0.849529 0.57414 0.0364941 0.105156
12 0.876132 0.458926 0.0293892 0.0864713
1 0.875952 0.458444 0.0288204 0.0870418
9 0.461933 0.617209 0.0250456 0.105026
4 0.0585803 0.516586 0.0282052 0.11176
5 0.678944 0.479684 0.0441808 0.0947589
23 0.953592 0.600997 0.0309872 0.114151
1 0.798145 0.439057 0.024192 0.0837518
18 0.828634 0.72005 0.0607142 0.134073
8 0.449822 0.56553 0.028561 0.090049
6 0.460962 0.618183 0.0256731 0.102938
12 0.797735 0.438886 0.0251001 0.0820706
16 0.347078 0.741359 0.0372354 0.126715
9 0.849529 0.57414 0.0364941 0.105156
12 0.876132 0.458926 0.0293892 0.0864713
1 0.875952 0.458444 0.0288204 0.0870418
9 0.461933 0.617209 0.0250456 0.105026
