9 0.894651 0.657605 0.0306889 0.0696157
16 0.465697 0.663006 0.0408505 0.0487657
6 0.581506 0.632791 0.0277182 0.116532
8 0.790558 0.586933 0.0257952 0.116717
4 0.507106 0.633773 0.0417648 0.0482863
18 0.837448 0.73586 0.0378857 0.127129
12 0.831291 0.5292 0.0280148 0.0873331
1 0.831161 0.530092 0.0274895 0.0883233
1 0.988018 0.556853 0.0237701 0.109589
9 0.894651 0.657605 0.0306889 0.0696157
16 0.465697 0.663006 0.0408505 0.0487657
6 0.581506 0.632791 0.0277182 0.116532
8 0.790558 0.586933 0.0257952 0.116717
4 0.507106 0.633773 0.0417648 0.0482863
18 0.837448 0.73586 0.0378857 0.127129
12 0.831291 0.5292 0.0280148 0.0873331
1 0.831161 0.530092 0.0274895 0.0883233
1 0.988018 0.556853 0.0237701 0.109589
9 0.894651 0.657605 0.0306889 0.0696157
16 0.465697 0.663006 0.0408505 0.0487657
6 0.581506 0.632791 0.0277182 0.116532
8 0.790558 0.586933 0.0257952 0.116717
4 0.507106 0.633773 0.0417648 0.0482863
18 0.837448 0.73586 0.0378857 0.127129
12 0.831291 0.5292 0.0280148 0.0873331
1 0.831161 0.530092 0.0274895 0.0883233
1 0.988018 0.556853 0.0237701 0.109589
9 0.894651 0.657605 0.0306889 0.0696157
16 0.465697 0.663006 0.0408505 0.0487657
6 0.581506 0.632791 0.0277182 0.116532
8 0.790558 0.586933 0.0257952 0.116717
4 0.507106 0.633773 0.0417648 0.0482863
18 0.837448 0.73586 0.0378857 0.127129
12 0.831291 0.5292 0.0280148 0.0873331
1 0.831161 0.530092 0.0274895 0.0883233
1 0.988018 0.556853 0.0237701 0.109589
