4 0.26701 0.530024 0.0304473 0.0985392
5 0.720634 0.494111 0.0419939 0.0862916
18 0.773337 0.694704 0.0427954 0.127445
16 0.392579 0.666917 0.0288775 0.114034
9 0.839465 0.568931 0.0382698 0.104397
6 0.487196 0.597272 0.0294209 0.102565
1 0.816544 0.466793 0.0233055 0.0924762
12 0.81678 0.466965 0.0237713 0.091068
8 0.487194 0.597097 0.0296461 0.104348
8 0.559511 0.545152 0.0246162 0.0847668
7 0.797351 0.497986 0.0221675 0.0845471
4 0.26701 0.530024 0.0304473 0.0985392
5 0.720634 0.494111 0.0419939 0.0862916
18 0.773337 0.694704 0.0427954 0.127445
16 0.392579 0.666917 0.0288775 0.114034
9 0.839465 0.568931 0.0382698 0.104397
6 0.487196 0.597272 0.0294209 0.102565
1 0.816544 0.466793 0.0233055 0.0924762
12 0.81678 0.466965 0.0237713 0.091068
8 0.487194 0.597097 0.0296461 0.104348
8 0.559511 0.545152 0.0246162 0.0847668
7 0.797351 0.497986 0.0221675 0.0845471
4 0.26701 0.530024 0.0304473 0.0985392
5 0.720634 0.494111 0.0419939 0.0862916
18 0.773337 0.694704 0.0427954 0.127445
16 0.392579 0.666917 0.0288775 0.114034
9 0.839465 0.568931 0.0382698 0.104397
6 0.487196 0.597272 0.0294209 0.102565
1 0.816544 0.466793 0.0233055 0.0924762
12 0.81678 0.466965 0.0237713 0.091068
8 0.487194 0.597097 0.0296461 0.104348
8 0.559511 0.545152 0.0246162 0.0847668
7 0.797351 0.497986 0.0221675 0.0845471
4 0.26701 0.530024 0.0304473 0.0985392
5 0.720634 0.494111 0.0419939 0.0862916
18 0.773337 0.694704 0.0427954 0.127445
16 0.392579 0.666917 0.0288775 0.114034
9 0.839465 0.568931 0.0382698 0.104397
6 0.487196 0.597272 0.0294209 0.102565
1 0.816544 0.466793 0.0233055 0.0924762
12 0.81678 0.466965 0.0237713 0.091068
8 0.487194 0.597097 0.0296461 0.104348
8 0.559511 0.545152 0.0246162 0.0847668
7 0.797351 0.497986 0.0221675 0.0845471
