4 0.0668662 0.517094 0.0312403 0.111516
5 0.680213 0.479143 0.0431843 0.0949764
1 0.799988 0.44027 0.0240718 0.0857955
23 0.95751 0.599062 0.0331759 0.114468
18 0.828295 0.717935 0.0599037 0.130867
16 0.34678 0.740282 0.0349885 0.132611
8 0.451312 0.564879 0.0299789 0.0873903
0 0.779335 0.474748 0.0120945 0.0236709
12 0.799602 0.439538 0.0244378 0.0821159
6 0.462204 0.619768 0.0236731 0.0995362
9 0.849177 0.570023 0.0333199 0.100073
12 0.875339 0.458997 0.0288734 0.0852595
1 0.875506 0.459489 0.0289238 0.0872005
4 0.0668662 0.517094 0.0312403 0.111516
5 0.680213 0.479143 0.0431843 0.0949764
1 0.799988 0.44027 0.0240718 0.0857955
23 0.95751 0.599062 0.0331759 0.114468
18 0.828295 0.717935 0.0599037 0.130867
16 0.34678 0.740282 0.0349885 0.132611
8 0.451312 0.564879 0.0299789 0.0873903
0 0.779335 0.474748 0.0120945 0.0236709
12 0.799602 0.439538 0.0244378 0.0821159
6 0.462204 0.619768 0.0236731 0.0995362
9 0.849177 0.570023 0.0333199 0.100073
12 0.875339 0.458997 0.0288734 0.0852595
1 0.875506 0.459489 0.0289238 0.0872005
4 0.0668662 0.517094 0.0312403 0.111516
5 0.680213 0.479143 0.0431843 0.0949764
1 0.799988 0.44027 0.0240718 0.0857955
23 0.95751 0.599062 0.0331759 0.114468
18 0.828295 0.717935 0.0599037 0.130867
16 0.34678 0.740282 0.0349885 0.132611
8 0.451312 0.564879 0.0299789 0.0873903
0 0.779335 0.474748 0.0120945 0.0236709
12 0.799602 0.439538 0.0244378 0.0821159
6 0.462204 0.619768 0.0236731 0.0995362
9 0.849177 0.570023 0.0333199 0.100073
12 0.875339 0.458997 0.0288734 0.0852595
1 0.875506 0.459489 0.0289238 0.0872005
4 0.0668662 0.517094 0.0312403 0.111516
5 0.680213 0.479143 0.0431843 0.0949764
1 0.799988 0.44027 0.0240718 0.0857955
23 0.95751 0.599062 0.0331759 0.114468
18 0.828295 0.717935 0.0599037 0.130867
16 0.34678 0.740282 0.0349885 0.132611
8 0.451312 0.564879 0.0299789 0.0873903
0 0.779335 0.474748 0.0120945 0.0236709
12 0.799602 0.439538 0.0244378 0.0821159
6 0.462204 0.619768 0.0236731 0.0995362
9 0.849177 0.570023 0.0333199 0.100073
12 0.875339 0.458997 0.0288734 0.0852595
1 0.875506 0.459489 0.0289238 0.0872005
