5 0.706614 0.482464 0.0417185 0.0918977
4 0.177506 0.514531 0.0296297 0.106846
23 0.991951 0.590101 0.0160984 0.0941742
9 0.848368 0.562351 0.034127 0.103915
16 0.369313 0.6912 0.0328885 0.117394
18 0.801807 0.699401 0.0394536 0.128658
8 0.491069 0.540117 0.0288521 0.0922417
12 0.851526 0.453131 0.0279476 0.0800605
7 0.811709 0.501093 0.0236497 0.0824229
1 0.851395 0.453087 0.0279522 0.0819612
8 0.468115 0.601618 0.0231694 0.105383
6 0.468331 0.601051 0.0249256 0.103768
12 0.811789 0.44012 0.0210615 0.0531502
3 0.992886 0.589873 0.0142275 0.0928721
18 0.36918 0.691073 0.0315693 0.117203
5 0.706614 0.482464 0.0417185 0.0918977
4 0.177506 0.514531 0.0296297 0.106846
23 0.991951 0.590101 0.0160984 0.0941742
9 0.848368 0.562351 0.034127 0.103915
16 0.369313 0.6912 0.0328885 0.117394
18 0.801807 0.699401 0.0394536 0.128658
8 0.491069 0.540117 0.0288521 0.0922417
12 0.851526 0.453131 0.0279476 0.0800605
7 0.811709 0.501093 0.0236497 0.0824229
1 0.851395 0.453087 0.0279522 0.0819612
8 0.468115 0.601618 0.0231694 0.105383
6 0.468331 0.601051 0.0249256 0.103768
12 0.811789 0.44012 0.0210615 0.0531502
3 0.992886 0.589873 0.0142275 0.0928721
18 0.36918 0.691073 0.0315693 0.117203
5 0.706614 0.482464 0.0417185 0.0918977
4 0.177506 0.514531 0.0296297 0.106846
23 0.991951 0.590101 0.0160984 0.0941742
9 0.848368 0.562351 0.034127 0.103915
16 0.369313 0.6912 0.0328885 0.117394
18 0.801807 0.699401 0.0394536 0.128658
8 0.491069 0.540117 0.0288521 0.0922417
12 0.851526 0.453131 0.0279476 0.0800605
7 0.811709 0.501093 0.0236497 0.0824229
1 0.851395 0.453087 0.0279522 0.0819612
8 0.468115 0.601618 0.0231694 0.105383
6 0.468331 0.601051 0.0249256 0.103768
12 0.811789 0.44012 0.0210615 0.0531502
3 0.992886 0.589873 0.0142275 0.0928721
18 0.36918 0.691073 0.0315693 0.117203
5 0.706614 0.482464 0.0417185 0.0918977
4 0.177506 0.514531 0.0296297 0.106846
23 0.991951 0.590101 0.0160984 0.0941742
9 0.848368 0.562351 0.034127 0.103915
16 0.369313 0.6912 0.0328885 0.117394
18 0.801807 0.699401 0.0394536 0.128658
8 0.491069 0.540117 0.0288521 0.0922417
12 0.851526 0.453131 0.0279476 0.0800605
7 0.811709 0.501093 0.0236497 0.0824229
1 0.851395 0.453087 0.0279522 0.0819612
8 0.468115 0.601618 0.0231694 0.105383
6 0.468331 0.601051 0.0249256 0.103768
12 0.811789 0.44012 0.0210615 0.0531502
3 0.992886 0.589873 0.0142275 0.0928721
18 0.36918 0.691073 0.0315693 0.117203
