9 0.894048 0.639646 0.0307785 0.0997793
16 0.465623 0.665461 0.0422915 0.0514175
6 0.58294 0.633191 0.0258048 0.117575
12 0.830021 0.530532 0.0287258 0.0914995
8 0.79246 0.588471 0.0266876 0.117838
4 0.506774 0.634055 0.0367664 0.0497138
18 0.840039 0.738187 0.0360638 0.127382
1 0.989047 0.555964 0.0216812 0.108507
5 0.886623 0.538278 0.0246853 0.0945787
9 0.894048 0.639646 0.0307785 0.0997793
16 0.465623 0.665461 0.0422915 0.0514175
6 0.58294 0.633191 0.0258048 0.117575
12 0.830021 0.530532 0.0287258 0.0914995
8 0.79246 0.588471 0.0266876 0.117838
4 0.506774 0.634055 0.0367664 0.0497138
18 0.840039 0.738187 0.0360638 0.127382
1 0.989047 0.555964 0.0216812 0.108507
5 0.886623 0.538278 0.0246853 0.0945787
9 0.894048 0.639646 0.0307785 0.0997793
16 0.465623 0.665461 0.0422915 0.0514175
6 0.58294 0.633191 0.0258048 0.117575
12 0.830021 0.530532 0.0287258 0.0914995
8 0.79246 0.588471 0.0266876 0.117838
4 0.506774 0.634055 0.0367664 0.0497138
18 0.840039 0.738187 0.0360638 0.127382
1 0.989047 0.555964 0.0216812 0.108507
5 0.886623 0.538278 0.0246853 0.0945787
9 0.894048 0.639646 0.0307785 0.0997793
16 0.465623 0.665461 0.0422915 0.0514175
6 0.58294 0.633191 0.0258048 0.117575
12 0.830021 0.530532 0.0287258 0.0914995
8 0.79246 0.588471 0.0266876 0.117838
4 0.506774 0.634055 0.0367664 0.0497138
18 0.840039 0.738187 0.0360638 0.127382
1 0.989047 0.555964 0.0216812 0.108507
5 0.886623 0.538278 0.0246853 0.0945787
