18 0.838039 0.752024 0.0422287 0.141326
6 0.587442 0.642696 0.0281675 0.117439
9 0.938141 0.614776 0.0229785 0.107538
16 0.467647 0.663915 0.0488109 0.0657242
8 0.799701 0.601908 0.0251696 0.112202
9 0.895059 0.647194 0.0311188 0.122633
12 0.793045 0.524114 0.0245321 0.0699568
6 0.799963 0.602393 0.0245744 0.111646
4 0.498664 0.62952 0.0304588 0.0786604
8 0.895173 0.645585 0.0337467 0.121368
18 0.838039 0.752024 0.0422287 0.141326
6 0.587442 0.642696 0.0281675 0.117439
9 0.938141 0.614776 0.0229785 0.107538
16 0.467647 0.663915 0.0488109 0.0657242
8 0.799701 0.601908 0.0251696 0.112202
9 0.895059 0.647194 0.0311188 0.122633
12 0.793045 0.524114 0.0245321 0.0699568
6 0.799963 0.602393 0.0245744 0.111646
4 0.498664 0.62952 0.0304588 0.0786604
8 0.895173 0.645585 0.0337467 0.121368
18 0.838039 0.752024 0.0422287 0.141326
6 0.587442 0.642696 0.0281675 0.117439
9 0.938141 0.614776 0.0229785 0.107538
16 0.467647 0.663915 0.0488109 0.0657242
8 0.799701 0.601908 0.0251696 0.112202
9 0.895059 0.647194 0.0311188 0.122633
12 0.793045 0.524114 0.0245321 0.0699568
6 0.799963 0.602393 0.0245744 0.111646
4 0.498664 0.62952 0.0304588 0.0786604
8 0.895173 0.645585 0.0337467 0.121368
18 0.838039 0.752024 0.0422287 0.141326
6 0.587442 0.642696 0.0281675 0.117439
9 0.938141 0.614776 0.0229785 0.107538
16 0.467647 0.663915 0.0488109 0.0657242
8 0.799701 0.601908 0.0251696 0.112202
9 0.895059 0.647194 0.0311188 0.122633
12 0.793045 0.524114 0.0245321 0.0699568
6 0.799963 0.602393 0.0245744 0.111646
4 0.498664 0.62952 0.0304588 0.0786604
8 0.895173 0.645585 0.0337467 0.121368
