4 0.278084 0.530826 0.0316371 0.0967079
5 0.717098 0.496942 0.0360916 0.0847911
18 0.770461 0.696624 0.0359142 0.127959
16 0.396711 0.665618 0.0280973 0.11295
9 0.836271 0.572437 0.028109 0.105377
8 0.488663 0.599286 0.0285135 0.101534
1 0.813363 0.460855 0.0187069 0.0671888
12 0.812676 0.458914 0.0173172 0.0672757
8 0.571222 0.545401 0.0243184 0.0895702
0 0.465201 0.618282 0.0101213 0.0189856
6 0.488896 0.599905 0.0282179 0.100301
4 0.278084 0.530826 0.0316371 0.0967079
5 0.717098 0.496942 0.0360916 0.0847911
18 0.770461 0.696624 0.0359142 0.127959
16 0.396711 0.665618 0.0280973 0.11295
9 0.836271 0.572437 0.028109 0.105377
8 0.488663 0.599286 0.0285135 0.101534
1 0.813363 0.460855 0.0187069 0.0671888
12 0.812676 0.458914 0.0173172 0.0672757
8 0.571222 0.545401 0.0243184 0.0895702
0 0.465201 0.618282 0.0101213 0.0189856
6 0.488896 0.599905 0.0282179 0.100301
4 0.278084 0.530826 0.0316371 0.0967079
5 0.717098 0.496942 0.0360916 0.0847911
18 0.770461 0.696624 0.0359142 0.127959
16 0.396711 0.665618 0.0280973 0.11295
9 0.836271 0.572437 0.028109 0.105377
8 0.488663 0.599286 0.0285135 0.101534
1 0.813363 0.460855 0.0187069 0.0671888
12 0.812676 0.458914 0.0173172 0.0672757
8 0.571222 0.545401 0.0243184 0.0895702
0 0.465201 0.618282 0.0101213 0.0189856
6 0.488896 0.599905 0.0282179 0.100301
4 0.278084 0.530826 0.0316371 0.0967079
5 0.717098 0.496942 0.0360916 0.0847911
18 0.770461 0.696624 0.0359142 0.127959
16 0.396711 0.665618 0.0280973 0.11295
9 0.836271 0.572437 0.028109 0.105377
8 0.488663 0.599286 0.0285135 0.101534
1 0.813363 0.460855 0.0187069 0.0671888
12 0.812676 0.458914 0.0173172 0.0672757
8 0.571222 0.545401 0.0243184 0.0895702
0 0.465201 0.618282 0.0101213 0.0189856
6 0.488896 0.599905 0.0282179 0.100301
