5 0.724681 0.503534 0.036895 0.0882512
4 0.320837 0.53842 0.030127 0.0974547
6 0.489057 0.600876 0.0308615 0.105581
16 0.405687 0.65224 0.0331728 0.104662
18 0.758912 0.69902 0.037019 0.126241
8 0.599562 0.549387 0.0229254 0.0914859
9 0.825003 0.575958 0.02906 0.100285
7 0.788898 0.505151 0.0252464 0.0705195
17 0.57848 0.539991 0.0249688 0.0822973
8 0.578366 0.540978 0.026427 0.0862035
12 0.793179 0.450156 0.0203044 0.0496179
6 0.825723 0.575581 0.0296299 0.1013
5 0.724681 0.503534 0.036895 0.0882512
4 0.320837 0.53842 0.030127 0.0974547
6 0.489057 0.600876 0.0308615 0.105581
16 0.405687 0.65224 0.0331728 0.104662
18 0.758912 0.69902 0.037019 0.126241
8 0.599562 0.549387 0.0229254 0.0914859
9 0.825003 0.575958 0.02906 0.100285
7 0.788898 0.505151 0.0252464 0.0705195
17 0.57848 0.539991 0.0249688 0.0822973
8 0.578366 0.540978 0.026427 0.0862035
12 0.793179 0.450156 0.0203044 0.0496179
6 0.825723 0.575581 0.0296299 0.1013
5 0.724681 0.503534 0.036895 0.0882512
4 0.320837 0.53842 0.030127 0.0974547
6 0.489057 0.600876 0.0308615 0.105581
16 0.405687 0.65224 0.0331728 0.104662
18 0.758912 0.69902 0.037019 0.126241
8 0.599562 0.549387 0.0229254 0.0914859
9 0.825003 0.575958 0.02906 0.100285
7 0.788898 0.505151 0.0252464 0.0705195
17 0.57848 0.539991 0.0249688 0.0822973
8 0.578366 0.540978 0.026427 0.0862035
12 0.793179 0.450156 0.0203044 0.0496179
6 0.825723 0.575581 0.0296299 0.1013
5 0.724681 0.503534 0.036895 0.0882512
4 0.320837 0.53842 0.030127 0.0974547
6 0.489057 0.600876 0.0308615 0.105581
16 0.405687 0.65224 0.0331728 0.104662
18 0.758912 0.69902 0.037019 0.126241
8 0.599562 0.549387 0.0229254 0.0914859
9 0.825003 0.575958 0.02906 0.100285
7 0.788898 0.505151 0.0252464 0.0705195
17 0.57848 0.539991 0.0249688 0.0822973
8 0.578366 0.540978 0.026427 0.0862035
12 0.793179 0.450156 0.0203044 0.0496179
6 0.825723 0.575581 0.0296299 0.1013
