4 0.0822529 0.516829 0.0292952 0.110785
5 0.685039 0.481084 0.0439816 0.095985
23 0.963715 0.599835 0.0356361 0.115616
18 0.825972 0.716228 0.0450748 0.131327
16 0.35208 0.737401 0.0346295 0.138028
1 0.80358 0.442646 0.0243433 0.0862186
6 0.464977 0.619159 0.0268084 0.105832
12 0.8036 0.441426 0.023105 0.0827613
9 0.848958 0.564707 0.0262878 0.0939875
1 0.87775 0.458744 0.0362789 0.0848376
8 0.454728 0.552067 0.0301159 0.0670446
7 0.824852 0.496112 0.0202498 0.0825516
4 0.0822529 0.516829 0.0292952 0.110785
5 0.685039 0.481084 0.0439816 0.095985
23 0.963715 0.599835 0.0356361 0.115616
18 0.825972 0.716228 0.0450748 0.131327
16 0.35208 0.737401 0.0346295 0.138028
1 0.80358 0.442646 0.0243433 0.0862186
6 0.464977 0.619159 0.0268084 0.105832
12 0.8036 0.441426 0.023105 0.0827613
9 0.848958 0.564707 0.0262878 0.0939875
1 0.87775 0.458744 0.0362789 0.0848376
8 0.454728 0.552067 0.0301159 0.0670446
7 0.824852 0.496112 0.0202498 0.0825516
4 0.0822529 0.516829 0.0292952 0.110785
5 0.685039 0.481084 0.0439816 0.095985
23 0.963715 0.599835 0.0356361 0.115616
18 0.825972 0.716228 0.0450748 0.131327
16 0.35208 0.737401 0.0346295 0.138028
1 0.80358 0.442646 0.0243433 0.0862186
6 0.464977 0.619159 0.0268084 0.105832
12 0.8036 0.441426 0.023105 0.0827613
9 0.848958 0.564707 0.0262878 0.0939875
1 0.87775 0.458744 0.0362789 0.0848376
8 0.454728 0.552067 0.0301159 0.0670446
7 0.824852 0.496112 0.0202498 0.0825516
4 0.0822529 0.516829 0.0292952 0.110785
5 0.685039 0.481084 0.0439816 0.095985
23 0.963715 0.599835 0.0356361 0.115616
18 0.825972 0.716228 0.0450748 0.131327
16 0.35208 0.737401 0.0346295 0.138028
1 0.80358 0.442646 0.0243433 0.0862186
6 0.464977 0.619159 0.0268084 0.105832
12 0.8036 0.441426 0.023105 0.0827613
9 0.848958 0.564707 0.0262878 0.0939875
1 0.87775 0.458744 0.0362789 0.0848376
8 0.454728 0.552067 0.0301159 0.0670446
7 0.824852 0.496112 0.0202498 0.0825516
