18 0.844675 0.74446 0.0314585 0.132369
4 0.506136 0.637035 0.034 0.057925
12 0.816173 0.529797 0.0249437 0.0898033
6 0.589404 0.639969 0.0323434 0.118408
16 0.468819 0.665769 0.0395327 0.0578428
9 0.896982 0.648426 0.0249489 0.101241
8 0.8 0.599048 0.0247839 0.110209
6 0.800252 0.599672 0.0262462 0.111235
18 0.844675 0.74446 0.0314585 0.132369
4 0.506136 0.637035 0.034 0.057925
12 0.816173 0.529797 0.0249437 0.0898033
6 0.589404 0.639969 0.0323434 0.118408
16 0.468819 0.665769 0.0395327 0.0578428
9 0.896982 0.648426 0.0249489 0.101241
8 0.8 0.599048 0.0247839 0.110209
6 0.800252 0.599672 0.0262462 0.111235
18 0.844675 0.74446 0.0314585 0.132369
4 0.506136 0.637035 0.034 0.057925
12 0.816173 0.529797 0.0249437 0.0898033
6 0.589404 0.639969 0.0323434 0.118408
16 0.468819 0.665769 0.0395327 0.0578428
9 0.896982 0.648426 0.0249489 0.101241
8 0.8 0.599048 0.0247839 0.110209
6 0.800252 0.599672 0.0262462 0.111235
18 0.844675 0.74446 0.0314585 0.132369
4 0.506136 0.637035 0.034 0.057925
12 0.816173 0.529797 0.0249437 0.0898033
6 0.589404 0.639969 0.0323434 0.118408
16 0.468819 0.665769 0.0395327 0.0578428
9 0.896982 0.648426 0.0249489 0.101241
8 0.8 0.599048 0.0247839 0.110209
6 0.800252 0.599672 0.0262462 0.111235
