1 0.977963 0.557047 0.037849 0.10649
16 0.461443 0.654395 0.041358 0.0501451
8 0.780242 0.582169 0.0258764 0.108147
4 0.518998 0.618773 0.0554359 0.0522447
12 0.837744 0.514545 0.026915 0.0950968
18 0.833582 0.722846 0.0310116 0.129174
6 0.575715 0.634716 0.025518 0.0954393
1 0.837557 0.514783 0.0263668 0.0951291
9 0.896097 0.619889 0.0233162 0.102994
1 0.977963 0.557047 0.037849 0.10649
16 0.461443 0.654395 0.041358 0.0501451
8 0.780242 0.582169 0.0258764 0.108147
4 0.518998 0.618773 0.0554359 0.0522447
12 0.837744 0.514545 0.026915 0.0950968
18 0.833582 0.722846 0.0310116 0.129174
6 0.575715 0.634716 0.025518 0.0954393
1 0.837557 0.514783 0.0263668 0.0951291
9 0.896097 0.619889 0.0233162 0.102994
1 0.977963 0.557047 0.037849 0.10649
16 0.461443 0.654395 0.041358 0.0501451
8 0.780242 0.582169 0.0258764 0.108147
4 0.518998 0.618773 0.0554359 0.0522447
12 0.837744 0.514545 0.026915 0.0950968
18 0.833582 0.722846 0.0310116 0.129174
6 0.575715 0.634716 0.025518 0.0954393
1 0.837557 0.514783 0.0263668 0.0951291
9 0.896097 0.619889 0.0233162 0.102994
1 0.977963 0.557047 0.037849 0.10649
16 0.461443 0.654395 0.041358 0.0501451
8 0.780242 0.582169 0.0258764 0.108147
4 0.518998 0.618773 0.0554359 0.0522447
12 0.837744 0.514545 0.026915 0.0950968
18 0.833582 0.722846 0.0310116 0.129174
6 0.575715 0.634716 0.025518 0.0954393
1 0.837557 0.514783 0.0263668 0.0951291
9 0.896097 0.619889 0.0233162 0.102994
