18 0.844926 0.743405 0.0409687 0.132751
4 0.508046 0.637759 0.0334675 0.0509156
9 0.893337 0.642615 0.0292616 0.105958
12 0.824498 0.531121 0.0355789 0.0898441
16 0.469827 0.668166 0.0443468 0.0542774
6 0.585881 0.637375 0.0305666 0.116076
1 0.82518 0.531495 0.036179 0.0900675
8 0.797024 0.596882 0.0304626 0.113079
18 0.844926 0.743405 0.0409687 0.132751
4 0.508046 0.637759 0.0334675 0.0509156
9 0.893337 0.642615 0.0292616 0.105958
12 0.824498 0.531121 0.0355789 0.0898441
16 0.469827 0.668166 0.0443468 0.0542774
6 0.585881 0.637375 0.0305666 0.116076
1 0.82518 0.531495 0.036179 0.0900675
8 0.797024 0.596882 0.0304626 0.113079
18 0.844926 0.743405 0.0409687 0.132751
4 0.508046 0.637759 0.0334675 0.0509156
9 0.893337 0.642615 0.0292616 0.105958
12 0.824498 0.531121 0.0355789 0.0898441
16 0.469827 0.668166 0.0443468 0.0542774
6 0.585881 0.637375 0.0305666 0.116076
1 0.82518 0.531495 0.036179 0.0900675
8 0.797024 0.596882 0.0304626 0.113079
18 0.844926 0.743405 0.0409687 0.132751
4 0.508046 0.637759 0.0334675 0.0509156
9 0.893337 0.642615 0.0292616 0.105958
12 0.824498 0.531121 0.0355789 0.0898441
16 0.469827 0.668166 0.0443468 0.0542774
6 0.585881 0.637375 0.0305666 0.116076
1 0.82518 0.531495 0.036179 0.0900675
8 0.797024 0.596882 0.0304626 0.113079
