16 0.46455 0.659456 0.0379066 0.0481875
1 0.985002 0.557843 0.0278831 0.104755
9 0.894315 0.635029 0.0266315 0.0959111
6 0.579524 0.632337 0.0263912 0.10538
18 0.833465 0.728571 0.0384569 0.132998
8 0.786656 0.584255 0.0234074 0.10881
1 0.83512 0.52301 0.0359203 0.0885566
7 0.923513 0.550675 0.0287666 0.104507
4 0.510571 0.628682 0.0446222 0.0446242
16 0.46455 0.659456 0.0379066 0.0481875
1 0.985002 0.557843 0.0278831 0.104755
9 0.894315 0.635029 0.0266315 0.0959111
6 0.579524 0.632337 0.0263912 0.10538
18 0.833465 0.728571 0.0384569 0.132998
8 0.786656 0.584255 0.0234074 0.10881
1 0.83512 0.52301 0.0359203 0.0885566
7 0.923513 0.550675 0.0287666 0.104507
4 0.510571 0.628682 0.0446222 0.0446242
16 0.46455 0.659456 0.0379066 0.0481875
1 0.985002 0.557843 0.0278831 0.104755
9 0.894315 0.635029 0.0266315 0.0959111
6 0.579524 0.632337 0.0263912 0.10538
18 0.833465 0.728571 0.0384569 0.132998
8 0.786656 0.584255 0.0234074 0.10881
1 0.83512 0.52301 0.0359203 0.0885566
7 0.923513 0.550675 0.0287666 0.104507
4 0.510571 0.628682 0.0446222 0.0446242
16 0.46455 0.659456 0.0379066 0.0481875
1 0.985002 0.557843 0.0278831 0.104755
9 0.894315 0.635029 0.0266315 0.0959111
6 0.579524 0.632337 0.0263912 0.10538
18 0.833465 0.728571 0.0384569 0.132998
8 0.786656 0.584255 0.0234074 0.10881
1 0.83512 0.52301 0.0359203 0.0885566
7 0.923513 0.550675 0.0287666 0.104507
4 0.510571 0.628682 0.0446222 0.0446242
