4 0.0981515 0.515965 0.0290593 0.113286
23 0.970932 0.598905 0.030732 0.111866
5 0.69445 0.478452 0.0461219 0.0971178
18 0.827248 0.714593 0.0422195 0.138703
6 0.469275 0.614064 0.0323748 0.0985561
16 0.357988 0.727163 0.0375235 0.125733
1 0.80768 0.440277 0.0256435 0.0790661
8 0.460073 0.550762 0.0280954 0.0727112
1 0.874382 0.457088 0.0341135 0.0856984
9 0.852454 0.571403 0.0258742 0.101924
12 0.874739 0.4562 0.0326675 0.0838696
17 0.523877 0.558821 0.0301968 0.091025
7 0.826459 0.496062 0.0253107 0.086369
9 0.466782 0.615152 0.0300713 0.0991735
12 0.807667 0.440169 0.027687 0.0769293
4 0.0981515 0.515965 0.0290593 0.113286
23 0.970932 0.598905 0.030732 0.111866
5 0.69445 0.478452 0.0461219 0.0971178
18 0.827248 0.714593 0.0422195 0.138703
6 0.469275 0.614064 0.0323748 0.0985561
16 0.357988 0.727163 0.0375235 0.125733
1 0.80768 0.440277 0.0256435 0.0790661
8 0.460073 0.550762 0.0280954 0.0727112
1 0.874382 0.457088 0.0341135 0.0856984
9 0.852454 0.571403 0.0258742 0.101924
12 0.874739 0.4562 0.0326675 0.0838696
17 0.523877 0.558821 0.0301968 0.091025
7 0.826459 0.496062 0.0253107 0.086369
9 0.466782 0.615152 0.0300713 0.0991735
12 0.807667 0.440169 0.027687 0.0769293
4 0.0981515 0.515965 0.0290593 0.113286
23 0.970932 0.598905 0.030732 0.111866
5 0.69445 0.478452 0.0461219 0.0971178
18 0.827248 0.714593 0.0422195 0.138703
6 0.469275 0.614064 0.0323748 0.0985561
16 0.357988 0.727163 0.0375235 0.125733
1 0.80768 0.440277 0.0256435 0.0790661
8 0.460073 0.550762 0.0280954 0.0727112
1 0.874382 0.457088 0.0341135 0.0856984
9 0.852454 0.571403 0.0258742 0.101924
12 0.874739 0.4562 0.0326675 0.0838696
17 0.523877 0.558821 0.0301968 0.091025
7 0.826459 0.496062 0.0253107 0.086369
9 0.466782 0.615152 0.0300713 0.0991735
12 0.807667 0.440169 0.027687 0.0769293
4 0.0981515 0.515965 0.0290593 0.113286
23 0.970932 0.598905 0.030732 0.111866
5 0.69445 0.478452 0.0461219 0.0971178
18 0.827248 0.714593 0.0422195 0.138703
6 0.469275 0.614064 0.0323748 0.0985561
16 0.357988 0.727163 0.0375235 0.125733
1 0.80768 0.440277 0.0256435 0.0790661
8 0.460073 0.550762 0.0280954 0.0727112
1 0.874382 0.457088 0.0341135 0.0856984
9 0.852454 0.571403 0.0258742 0.101924
12 0.874739 0.4562 0.0326675 0.0838696
17 0.523877 0.558821 0.0301968 0.091025
7 0.826459 0.496062 0.0253107 0.086369
9 0.466782 0.615152 0.0300713 0.0991735
12 0.807667 0.440169 0.027687 0.0769293
