1 0.975134 0.55457 0.0367279 0.102692
16 0.465191 0.656141 0.0503246 0.0457154
8 0.778531 0.580526 0.0268536 0.108837
9 0.894649 0.615751 0.0265434 0.107617
18 0.831247 0.723271 0.0312393 0.130502
12 0.838018 0.512455 0.0251076 0.0917253
4 0.522015 0.614785 0.0506502 0.044306
6 0.573606 0.634248 0.0273287 0.0980624
9 0.869993 0.587952 0.0241772 0.0909058
1 0.975134 0.55457 0.0367279 0.102692
16 0.465191 0.656141 0.0503246 0.0457154
8 0.778531 0.580526 0.0268536 0.108837
9 0.894649 0.615751 0.0265434 0.107617
18 0.831247 0.723271 0.0312393 0.130502
12 0.838018 0.512455 0.0251076 0.0917253
4 0.522015 0.614785 0.0506502 0.044306
6 0.573606 0.634248 0.0273287 0.0980624
9 0.869993 0.587952 0.0241772 0.0909058
1 0.975134 0.55457 0.0367279 0.102692
16 0.465191 0.656141 0.0503246 0.0457154
8 0.778531 0.580526 0.0268536 0.108837
9 0.894649 0.615751 0.0265434 0.107617
18 0.831247 0.723271 0.0312393 0.130502
12 0.838018 0.512455 0.0251076 0.0917253
4 0.522015 0.614785 0.0506502 0.044306
6 0.573606 0.634248 0.0273287 0.0980624
9 0.869993 0.587952 0.0241772 0.0909058
1 0.975134 0.55457 0.0367279 0.102692
16 0.465191 0.656141 0.0503246 0.0457154
8 0.778531 0.580526 0.0268536 0.108837
9 0.894649 0.615751 0.0265434 0.107617
18 0.831247 0.723271 0.0312393 0.130502
12 0.838018 0.512455 0.0251076 0.0917253
4 0.522015 0.614785 0.0506502 0.044306
6 0.573606 0.634248 0.0273287 0.0980624
9 0.869993 0.587952 0.0241772 0.0909058
