4 0.188273 0.514738 0.0287997 0.105537
5 0.705269 0.482677 0.0415621 0.089615
9 0.845238 0.565963 0.0301903 0.101876
18 0.794472 0.701336 0.0358421 0.133019
16 0.369941 0.68731 0.0326034 0.116314
1 0.845535 0.45572 0.0289803 0.0805048
8 0.495338 0.539279 0.0281141 0.0905302
7 0.80875 0.504375 0.0249899 0.080126
6 0.468987 0.597815 0.0250479 0.104754
8 0.468573 0.59769 0.0250658 0.106725
12 0.846077 0.454852 0.030431 0.082498
12 0.811988 0.439037 0.0162306 0.0489605
4 0.188273 0.514738 0.0287997 0.105537
5 0.705269 0.482677 0.0415621 0.089615
9 0.845238 0.565963 0.0301903 0.101876
18 0.794472 0.701336 0.0358421 0.133019
16 0.369941 0.68731 0.0326034 0.116314
1 0.845535 0.45572 0.0289803 0.0805048
8 0.495338 0.539279 0.0281141 0.0905302
7 0.80875 0.504375 0.0249899 0.080126
6 0.468987 0.597815 0.0250479 0.104754
8 0.468573 0.59769 0.0250658 0.106725
12 0.846077 0.454852 0.030431 0.082498
12 0.811988 0.439037 0.0162306 0.0489605
4 0.188273 0.514738 0.0287997 0.105537
5 0.705269 0.482677 0.0415621 0.089615
9 0.845238 0.565963 0.0301903 0.101876
18 0.794472 0.701336 0.0358421 0.133019
16 0.369941 0.68731 0.0326034 0.116314
1 0.845535 0.45572 0.0289803 0.0805048
8 0.495338 0.539279 0.0281141 0.0905302
7 0.80875 0.504375 0.0249899 0.080126
6 0.468987 0.597815 0.0250479 0.104754
8 0.468573 0.59769 0.0250658 0.106725
12 0.846077 0.454852 0.030431 0.082498
12 0.811988 0.439037 0.0162306 0.0489605
4 0.188273 0.514738 0.0287997 0.105537
5 0.705269 0.482677 0.0415621 0.089615
9 0.845238 0.565963 0.0301903 0.101876
18 0.794472 0.701336 0.0358421 0.133019
16 0.369941 0.68731 0.0326034 0.116314
1 0.845535 0.45572 0.0289803 0.0805048
8 0.495338 0.539279 0.0281141 0.0905302
7 0.80875 0.504375 0.0249899 0.080126
6 0.468987 0.597815 0.0250479 0.104754
8 0.468573 0.59769 0.0250658 0.106725
12 0.846077 0.454852 0.030431 0.082498
12 0.811988 0.439037 0.0162306 0.0489605
