4 0.150729 0.516934 0.0285929 0.113816
5 0.706116 0.478989 0.0399647 0.0989776
23 0.989541 0.592955 0.0209175 0.108001
18 0.813287 0.70661 0.0421395 0.138899
8 0.483805 0.53331 0.0233147 0.0649728
9 0.855727 0.568159 0.0359203 0.108243
16 0.366319 0.70451 0.0346478 0.12503
6 0.472208 0.601487 0.0299559 0.106827
12 0.863716 0.455215 0.0307388 0.0892513
1 0.864259 0.454708 0.0320377 0.0919939
7 0.820104 0.513515 0.0291582 0.0636308
1 0.814831 0.441671 0.0235981 0.0671253
0 0.793418 0.483688 0.0121817 0.0222747
4 0.150729 0.516934 0.0285929 0.113816
5 0.706116 0.478989 0.0399647 0.0989776
23 0.989541 0.592955 0.0209175 0.108001
18 0.813287 0.70661 0.0421395 0.138899
8 0.483805 0.53331 0.0233147 0.0649728
9 0.855727 0.568159 0.0359203 0.108243
16 0.366319 0.70451 0.0346478 0.12503
6 0.472208 0.601487 0.0299559 0.106827
12 0.863716 0.455215 0.0307388 0.0892513
1 0.864259 0.454708 0.0320377 0.0919939
7 0.820104 0.513515 0.0291582 0.0636308
1 0.814831 0.441671 0.0235981 0.0671253
0 0.793418 0.483688 0.0121817 0.0222747
4 0.150729 0.516934 0.0285929 0.113816
5 0.706116 0.478989 0.0399647 0.0989776
23 0.989541 0.592955 0.0209175 0.108001
18 0.813287 0.70661 0.0421395 0.138899
8 0.483805 0.53331 0.0233147 0.0649728
9 0.855727 0.568159 0.0359203 0.108243
16 0.366319 0.70451 0.0346478 0.12503
6 0.472208 0.601487 0.0299559 0.106827
12 0.863716 0.455215 0.0307388 0.0892513
1 0.864259 0.454708 0.0320377 0.0919939
7 0.820104 0.513515 0.0291582 0.0636308
1 0.814831 0.441671 0.0235981 0.0671253
0 0.793418 0.483688 0.0121817 0.0222747
4 0.150729 0.516934 0.0285929 0.113816
5 0.706116 0.478989 0.0399647 0.0989776
23 0.989541 0.592955 0.0209175 0.108001
18 0.813287 0.70661 0.0421395 0.138899
8 0.483805 0.53331 0.0233147 0.0649728
9 0.855727 0.568159 0.0359203 0.108243
16 0.366319 0.70451 0.0346478 0.12503
6 0.472208 0.601487 0.0299559 0.106827
12 0.863716 0.455215 0.0307388 0.0892513
1 0.864259 0.454708 0.0320377 0.0919939
7 0.820104 0.513515 0.0291582 0.0636308
1 0.814831 0.441671 0.0235981 0.0671253
0 0.793418 0.483688 0.0121817 0.0222747
