4 0.447113 0.558054 0.0357613 0.0826888
1 0.870066 0.510737 0.0364578 0.0935564
6 0.503078 0.602014 0.0310352 0.103854
8 0.67519 0.541761 0.0259309 0.112957
16 0.411569 0.621379 0.0266302 0.0942754
9 0.824938 0.579531 0.0322033 0.097822
18 0.749433 0.692352 0.0332948 0.127876
12 0.780845 0.470805 0.0214735 0.0679525
7 0.765304 0.506858 0.0256445 0.0877738
7 0.811166 0.500873 0.0171253 0.0727887
4 0.447113 0.558054 0.0357613 0.0826888
1 0.870066 0.510737 0.0364578 0.0935564
6 0.503078 0.602014 0.0310352 0.103854
8 0.67519 0.541761 0.0259309 0.112957
16 0.411569 0.621379 0.0266302 0.0942754
9 0.824938 0.579531 0.0322033 0.097822
18 0.749433 0.692352 0.0332948 0.127876
12 0.780845 0.470805 0.0214735 0.0679525
7 0.765304 0.506858 0.0256445 0.0877738
7 0.811166 0.500873 0.0171253 0.0727887
4 0.447113 0.558054 0.0357613 0.0826888
1 0.870066 0.510737 0.0364578 0.0935564
6 0.503078 0.602014 0.0310352 0.103854
8 0.67519 0.541761 0.0259309 0.112957
16 0.411569 0.621379 0.0266302 0.0942754
9 0.824938 0.579531 0.0322033 0.097822
18 0.749433 0.692352 0.0332948 0.127876
12 0.780845 0.470805 0.0214735 0.0679525
7 0.765304 0.506858 0.0256445 0.0877738
7 0.811166 0.500873 0.0171253 0.0727887
4 0.447113 0.558054 0.0357613 0.0826888
1 0.870066 0.510737 0.0364578 0.0935564
6 0.503078 0.602014 0.0310352 0.103854
8 0.67519 0.541761 0.0259309 0.112957
16 0.411569 0.621379 0.0266302 0.0942754
9 0.824938 0.579531 0.0322033 0.097822
18 0.749433 0.692352 0.0332948 0.127876
12 0.780845 0.470805 0.0214735 0.0679525
7 0.765304 0.506858 0.0256445 0.0877738
7 0.811166 0.500873 0.0171253 0.0727887
