4 0.328985 0.543225 0.0322462 0.098131
5 0.725029 0.503885 0.0391661 0.0892451
16 0.403115 0.651429 0.0301392 0.107659
6 0.487513 0.600623 0.0272253 0.102582
18 0.754505 0.696737 0.0344164 0.131218
12 0.788783 0.45164 0.0195382 0.0478071
9 0.826048 0.578974 0.0291866 0.102915
8 0.606751 0.552102 0.0227104 0.0901436
7 0.786462 0.508095 0.0210464 0.0867564
8 0.585343 0.535264 0.0249153 0.0765958
6 0.826269 0.578284 0.029399 0.102131
17 0.585107 0.534681 0.0243668 0.0755235
8 0.594076 0.543999 0.0117233 0.0920573
4 0.328985 0.543225 0.0322462 0.098131
5 0.725029 0.503885 0.0391661 0.0892451
16 0.403115 0.651429 0.0301392 0.107659
6 0.487513 0.600623 0.0272253 0.102582
18 0.754505 0.696737 0.0344164 0.131218
12 0.788783 0.45164 0.0195382 0.0478071
9 0.826048 0.578974 0.0291866 0.102915
8 0.606751 0.552102 0.0227104 0.0901436
7 0.786462 0.508095 0.0210464 0.0867564
8 0.585343 0.535264 0.0249153 0.0765958
6 0.826269 0.578284 0.029399 0.102131
17 0.585107 0.534681 0.0243668 0.0755235
8 0.594076 0.543999 0.0117233 0.0920573
4 0.328985 0.543225 0.0322462 0.098131
5 0.725029 0.503885 0.0391661 0.0892451
16 0.403115 0.651429 0.0301392 0.107659
6 0.487513 0.600623 0.0272253 0.102582
18 0.754505 0.696737 0.0344164 0.131218
12 0.788783 0.45164 0.0195382 0.0478071
9 0.826048 0.578974 0.0291866 0.102915
8 0.606751 0.552102 0.0227104 0.0901436
7 0.786462 0.508095 0.0210464 0.0867564
8 0.585343 0.535264 0.0249153 0.0765958
6 0.826269 0.578284 0.029399 0.102131
17 0.585107 0.534681 0.0243668 0.0755235
8 0.594076 0.543999 0.0117233 0.0920573
4 0.328985 0.543225 0.0322462 0.098131
5 0.725029 0.503885 0.0391661 0.0892451
16 0.403115 0.651429 0.0301392 0.107659
6 0.487513 0.600623 0.0272253 0.102582
18 0.754505 0.696737 0.0344164 0.131218
12 0.788783 0.45164 0.0195382 0.0478071
9 0.826048 0.578974 0.0291866 0.102915
8 0.606751 0.552102 0.0227104 0.0901436
7 0.786462 0.508095 0.0210464 0.0867564
8 0.585343 0.535264 0.0249153 0.0765958
6 0.826269 0.578284 0.029399 0.102131
17 0.585107 0.534681 0.0243668 0.0755235
8 0.594076 0.543999 0.0117233 0.0920573
