4 0.0284954 0.516372 0.0301963 0.113391
0 0.76367 0.471254 0.0146378 0.022422
5 0.668696 0.474255 0.0425362 0.0975125
18 0.82621 0.723861 0.0528688 0.130362
23 0.935542 0.601377 0.0377728 0.115907
8 0.442757 0.56473 0.0253016 0.0832208
1 0.790618 0.439343 0.0251667 0.0851553
16 0.337965 0.751436 0.0309112 0.133655
1 0.877745 0.459225 0.0330029 0.0883105
9 0.840905 0.577764 0.0349678 0.0949014
12 0.877096 0.458357 0.0324936 0.0887762
9 0.4548 0.622095 0.0254111 0.102121
7 0.822977 0.499145 0.020644 0.0829136
9 0.834554 0.574327 0.0286831 0.0969004
4 0.0284954 0.516372 0.0301963 0.113391
0 0.76367 0.471254 0.0146378 0.022422
5 0.668696 0.474255 0.0425362 0.0975125
18 0.82621 0.723861 0.0528688 0.130362
23 0.935542 0.601377 0.0377728 0.115907
8 0.442757 0.56473 0.0253016 0.0832208
1 0.790618 0.439343 0.0251667 0.0851553
16 0.337965 0.751436 0.0309112 0.133655
1 0.877745 0.459225 0.0330029 0.0883105
9 0.840905 0.577764 0.0349678 0.0949014
12 0.877096 0.458357 0.0324936 0.0887762
9 0.4548 0.622095 0.0254111 0.102121
7 0.822977 0.499145 0.020644 0.0829136
9 0.834554 0.574327 0.0286831 0.0969004
4 0.0284954 0.516372 0.0301963 0.113391
0 0.76367 0.471254 0.0146378 0.022422
5 0.668696 0.474255 0.0425362 0.0975125
18 0.82621 0.723861 0.0528688 0.130362
23 0.935542 0.601377 0.0377728 0.115907
8 0.442757 0.56473 0.0253016 0.0832208
1 0.790618 0.439343 0.0251667 0.0851553
16 0.337965 0.751436 0.0309112 0.133655
1 0.877745 0.459225 0.0330029 0.0883105
9 0.840905 0.577764 0.0349678 0.0949014
12 0.877096 0.458357 0.0324936 0.0887762
9 0.4548 0.622095 0.0254111 0.102121
7 0.822977 0.499145 0.020644 0.0829136
9 0.834554 0.574327 0.0286831 0.0969004
4 0.0284954 0.516372 0.0301963 0.113391
0 0.76367 0.471254 0.0146378 0.022422
5 0.668696 0.474255 0.0425362 0.0975125
18 0.82621 0.723861 0.0528688 0.130362
23 0.935542 0.601377 0.0377728 0.115907
8 0.442757 0.56473 0.0253016 0.0832208
1 0.790618 0.439343 0.0251667 0.0851553
16 0.337965 0.751436 0.0309112 0.133655
1 0.877745 0.459225 0.0330029 0.0883105
9 0.840905 0.577764 0.0349678 0.0949014
12 0.877096 0.458357 0.0324936 0.0887762
9 0.4548 0.622095 0.0254111 0.102121
7 0.822977 0.499145 0.020644 0.0829136
9 0.834554 0.574327 0.0286831 0.0969004
