4 0.250934 0.528219 0.0320615 0.0988773
5 0.718758 0.487748 0.04179 0.0892331
18 0.780184 0.69248 0.039997 0.128027
9 0.835885 0.57009 0.0285522 0.104875
16 0.387802 0.668527 0.0294158 0.11682
6 0.483353 0.595554 0.0310778 0.108859
17 0.53966 0.541685 0.022846 0.087297
4 0.250934 0.528219 0.0320615 0.0988773
5 0.718758 0.487748 0.04179 0.0892331
18 0.780184 0.69248 0.039997 0.128027
9 0.835885 0.57009 0.0285522 0.104875
16 0.387802 0.668527 0.0294158 0.11682
6 0.483353 0.595554 0.0310778 0.108859
17 0.53966 0.541685 0.022846 0.087297
4 0.250934 0.528219 0.0320615 0.0988773
5 0.718758 0.487748 0.04179 0.0892331
18 0.780184 0.69248 0.039997 0.128027
9 0.835885 0.57009 0.0285522 0.104875
16 0.387802 0.668527 0.0294158 0.11682
6 0.483353 0.595554 0.0310778 0.108859
17 0.53966 0.541685 0.022846 0.087297
4 0.250934 0.528219 0.0320615 0.0988773
5 0.718758 0.487748 0.04179 0.0892331
18 0.780184 0.69248 0.039997 0.128027
9 0.835885 0.57009 0.0285522 0.104875
16 0.387802 0.668527 0.0294158 0.11682
6 0.483353 0.595554 0.0310778 0.108859
17 0.53966 0.541685 0.022846 0.087297
