1 0.923321 0.52233 0.034965 0.0964715
6 0.537593 0.60598 0.0266014 0.0983544
16 0.445153 0.620905 0.0359725 0.0818398
9 0.861164 0.588373 0.0345818 0.0998169
4 0.496163 0.564473 0.036186 0.0821291
8 0.724657 0.552901 0.0351501 0.107916
18 0.787154 0.696593 0.0327053 0.124236
7 0.820841 0.518553 0.0310276 0.0781551
12 0.923945 0.521976 0.0354675 0.0963431
12 0.81293 0.458614 0.023452 0.035632
1 0.923321 0.52233 0.034965 0.0964715
6 0.537593 0.60598 0.0266014 0.0983544
16 0.445153 0.620905 0.0359725 0.0818398
9 0.861164 0.588373 0.0345818 0.0998169
4 0.496163 0.564473 0.036186 0.0821291
8 0.724657 0.552901 0.0351501 0.107916
18 0.787154 0.696593 0.0327053 0.124236
7 0.820841 0.518553 0.0310276 0.0781551
12 0.923945 0.521976 0.0354675 0.0963431
12 0.81293 0.458614 0.023452 0.035632
1 0.923321 0.52233 0.034965 0.0964715
6 0.537593 0.60598 0.0266014 0.0983544
16 0.445153 0.620905 0.0359725 0.0818398
9 0.861164 0.588373 0.0345818 0.0998169
4 0.496163 0.564473 0.036186 0.0821291
8 0.724657 0.552901 0.0351501 0.107916
18 0.787154 0.696593 0.0327053 0.124236
7 0.820841 0.518553 0.0310276 0.0781551
12 0.923945 0.521976 0.0354675 0.0963431
12 0.81293 0.458614 0.023452 0.035632
1 0.923321 0.52233 0.034965 0.0964715
6 0.537593 0.60598 0.0266014 0.0983544
16 0.445153 0.620905 0.0359725 0.0818398
9 0.861164 0.588373 0.0345818 0.0998169
4 0.496163 0.564473 0.036186 0.0821291
8 0.724657 0.552901 0.0351501 0.107916
18 0.787154 0.696593 0.0327053 0.124236
7 0.820841 0.518553 0.0310276 0.0781551
12 0.923945 0.521976 0.0354675 0.0963431
12 0.81293 0.458614 0.023452 0.035632
