16 0.46552 0.66182 0.040799 0.0481313
18 0.834014 0.731089 0.0398898 0.132385
6 0.580633 0.632295 0.0274834 0.109607
4 0.507732 0.63199 0.0411581 0.0432351
9 0.893953 0.638944 0.0277615 0.0930183
1 0.833604 0.526529 0.0332401 0.0881048
8 0.78843 0.586358 0.0254852 0.116883
1 0.987284 0.556946 0.0247242 0.104176
8 0.926741 0.555527 0.0290009 0.1035
16 0.46552 0.66182 0.040799 0.0481313
18 0.834014 0.731089 0.0398898 0.132385
6 0.580633 0.632295 0.0274834 0.109607
4 0.507732 0.63199 0.0411581 0.0432351
9 0.893953 0.638944 0.0277615 0.0930183
1 0.833604 0.526529 0.0332401 0.0881048
8 0.78843 0.586358 0.0254852 0.116883
1 0.987284 0.556946 0.0247242 0.104176
8 0.926741 0.555527 0.0290009 0.1035
16 0.46552 0.66182 0.040799 0.0481313
18 0.834014 0.731089 0.0398898 0.132385
6 0.580633 0.632295 0.0274834 0.109607
4 0.507732 0.63199 0.0411581 0.0432351
9 0.893953 0.638944 0.0277615 0.0930183
1 0.833604 0.526529 0.0332401 0.0881048
8 0.78843 0.586358 0.0254852 0.116883
1 0.987284 0.556946 0.0247242 0.104176
8 0.926741 0.555527 0.0290009 0.1035
16 0.46552 0.66182 0.040799 0.0481313
18 0.834014 0.731089 0.0398898 0.132385
6 0.580633 0.632295 0.0274834 0.109607
4 0.507732 0.63199 0.0411581 0.0432351
9 0.893953 0.638944 0.0277615 0.0930183
1 0.833604 0.526529 0.0332401 0.0881048
8 0.78843 0.586358 0.0254852 0.116883
1 0.987284 0.556946 0.0247242 0.104176
8 0.926741 0.555527 0.0290009 0.1035
