4 0.106459 0.516188 0.0290732 0.113213
5 0.697748 0.477196 0.0478899 0.0938383
18 0.82878 0.712043 0.0505936 0.140003
23 0.973157 0.598894 0.0302569 0.112375
6 0.469898 0.614076 0.0345618 0.0971707
1 0.80943 0.437336 0.0229413 0.0704161
8 0.464999 0.541946 0.0241234 0.0572139
16 0.359873 0.723576 0.0397334 0.126636
12 0.874842 0.457458 0.0295719 0.0860297
9 0.853773 0.572726 0.030546 0.102916
12 0.809411 0.437284 0.0247684 0.0702299
7 0.826244 0.495947 0.0277046 0.0829089
1 0.875288 0.458035 0.0302074 0.0872234
4 0.106459 0.516188 0.0290732 0.113213
5 0.697748 0.477196 0.0478899 0.0938383
18 0.82878 0.712043 0.0505936 0.140003
23 0.973157 0.598894 0.0302569 0.112375
6 0.469898 0.614076 0.0345618 0.0971707
1 0.80943 0.437336 0.0229413 0.0704161
8 0.464999 0.541946 0.0241234 0.0572139
16 0.359873 0.723576 0.0397334 0.126636
12 0.874842 0.457458 0.0295719 0.0860297
9 0.853773 0.572726 0.030546 0.102916
12 0.809411 0.437284 0.0247684 0.0702299
7 0.826244 0.495947 0.0277046 0.0829089
1 0.875288 0.458035 0.0302074 0.0872234
4 0.106459 0.516188 0.0290732 0.113213
5 0.697748 0.477196 0.0478899 0.0938383
18 0.82878 0.712043 0.0505936 0.140003
23 0.973157 0.598894 0.0302569 0.112375
6 0.469898 0.614076 0.0345618 0.0971707
1 0.80943 0.437336 0.0229413 0.0704161
8 0.464999 0.541946 0.0241234 0.0572139
16 0.359873 0.723576 0.0397334 0.126636
12 0.874842 0.457458 0.0295719 0.0860297
9 0.853773 0.572726 0.030546 0.102916
12 0.809411 0.437284 0.0247684 0.0702299
7 0.826244 0.495947 0.0277046 0.0829089
1 0.875288 0.458035 0.0302074 0.0872234
4 0.106459 0.516188 0.0290732 0.113213
5 0.697748 0.477196 0.0478899 0.0938383
18 0.82878 0.712043 0.0505936 0.140003
23 0.973157 0.598894 0.0302569 0.112375
6 0.469898 0.614076 0.0345618 0.0971707
1 0.80943 0.437336 0.0229413 0.0704161
8 0.464999 0.541946 0.0241234 0.0572139
16 0.359873 0.723576 0.0397334 0.126636
12 0.874842 0.457458 0.0295719 0.0860297
9 0.853773 0.572726 0.030546 0.102916
12 0.809411 0.437284 0.0247684 0.0702299
7 0.826244 0.495947 0.0277046 0.0829089
1 0.875288 0.458035 0.0302074 0.0872234
