16 0.45883 0.635066 0.0383039 0.0673154
18 0.815049 0.707491 0.0351896 0.129315
8 0.755186 0.557036 0.0252525 0.106768
9 0.879693 0.609707 0.0260239 0.0927605
6 0.560283 0.612028 0.0223092 0.105422
4 0.511051 0.581898 0.0578986 0.0800486
7 0.851605 0.503613 0.0188034 0.0822586
1 0.955807 0.52576 0.0268082 0.104545
16 0.45883 0.635066 0.0383039 0.0673154
18 0.815049 0.707491 0.0351896 0.129315
8 0.755186 0.557036 0.0252525 0.106768
9 0.879693 0.609707 0.0260239 0.0927605
6 0.560283 0.612028 0.0223092 0.105422
4 0.511051 0.581898 0.0578986 0.0800486
7 0.851605 0.503613 0.0188034 0.0822586
1 0.955807 0.52576 0.0268082 0.104545
16 0.45883 0.635066 0.0383039 0.0673154
18 0.815049 0.707491 0.0351896 0.129315
8 0.755186 0.557036 0.0252525 0.106768
9 0.879693 0.609707 0.0260239 0.0927605
6 0.560283 0.612028 0.0223092 0.105422
4 0.511051 0.581898 0.0578986 0.0800486
7 0.851605 0.503613 0.0188034 0.0822586
1 0.955807 0.52576 0.0268082 0.104545
16 0.45883 0.635066 0.0383039 0.0673154
18 0.815049 0.707491 0.0351896 0.129315
8 0.755186 0.557036 0.0252525 0.106768
9 0.879693 0.609707 0.0260239 0.0927605
6 0.560283 0.612028 0.0223092 0.105422
4 0.511051 0.581898 0.0578986 0.0800486
7 0.851605 0.503613 0.0188034 0.0822586
1 0.955807 0.52576 0.0268082 0.104545
