4 0.140089 0.516762 0.029945 0.11432
5 0.701395 0.480627 0.0327282 0.0945688
23 0.986858 0.594305 0.0262838 0.107859
18 0.820143 0.707995 0.0473461 0.127215
9 0.856498 0.566076 0.0379889 0.102661
6 0.471664 0.604352 0.0252798 0.0966562
16 0.365728 0.711886 0.0331479 0.127684
8 0.478367 0.537762 0.0218194 0.0615231
7 0.822478 0.510256 0.0218193 0.0689603
0 0.793245 0.482593 0.0152294 0.0212352
1 0.815241 0.444251 0.0240973 0.0750472
1 0.870793 0.453964 0.0361941 0.0914636
12 0.870593 0.454535 0.035659 0.0921421
4 0.140089 0.516762 0.029945 0.11432
5 0.701395 0.480627 0.0327282 0.0945688
23 0.986858 0.594305 0.0262838 0.107859
18 0.820143 0.707995 0.0473461 0.127215
9 0.856498 0.566076 0.0379889 0.102661
6 0.471664 0.604352 0.0252798 0.0966562
16 0.365728 0.711886 0.0331479 0.127684
8 0.478367 0.537762 0.0218194 0.0615231
7 0.822478 0.510256 0.0218193 0.0689603
0 0.793245 0.482593 0.0152294 0.0212352
1 0.815241 0.444251 0.0240973 0.0750472
1 0.870793 0.453964 0.0361941 0.0914636
12 0.870593 0.454535 0.035659 0.0921421
4 0.140089 0.516762 0.029945 0.11432
5 0.701395 0.480627 0.0327282 0.0945688
23 0.986858 0.594305 0.0262838 0.107859
18 0.820143 0.707995 0.0473461 0.127215
9 0.856498 0.566076 0.0379889 0.102661
6 0.471664 0.604352 0.0252798 0.0966562
16 0.365728 0.711886 0.0331479 0.127684
8 0.478367 0.537762 0.0218194 0.0615231
7 0.822478 0.510256 0.0218193 0.0689603
0 0.793245 0.482593 0.0152294 0.0212352
1 0.815241 0.444251 0.0240973 0.0750472
1 0.870793 0.453964 0.0361941 0.0914636
12 0.870593 0.454535 0.035659 0.0921421
4 0.140089 0.516762 0.029945 0.11432
5 0.701395 0.480627 0.0327282 0.0945688
23 0.986858 0.594305 0.0262838 0.107859
18 0.820143 0.707995 0.0473461 0.127215
9 0.856498 0.566076 0.0379889 0.102661
6 0.471664 0.604352 0.0252798 0.0966562
16 0.365728 0.711886 0.0331479 0.127684
8 0.478367 0.537762 0.0218194 0.0615231
7 0.822478 0.510256 0.0218193 0.0689603
0 0.793245 0.482593 0.0152294 0.0212352
1 0.815241 0.444251 0.0240973 0.0750472
1 0.870793 0.453964 0.0361941 0.0914636
12 0.870593 0.454535 0.035659 0.0921421
