4 0.340178 0.543971 0.0328784 0.0962867
5 0.721883 0.506033 0.0394222 0.0844701
18 0.745264 0.697034 0.0435769 0.13249
6 0.483496 0.604569 0.0308918 0.100861
16 0.403389 0.646425 0.0341511 0.109501
6 0.820446 0.578354 0.0310551 0.105634
12 0.780342 0.460057 0.0197682 0.0499436
8 0.612174 0.556553 0.0285451 0.0890825
17 0.596031 0.528342 0.0200893 0.0729414
4 0.340178 0.543971 0.0328784 0.0962867
5 0.721883 0.506033 0.0394222 0.0844701
18 0.745264 0.697034 0.0435769 0.13249
6 0.483496 0.604569 0.0308918 0.100861
16 0.403389 0.646425 0.0341511 0.109501
6 0.820446 0.578354 0.0310551 0.105634
12 0.780342 0.460057 0.0197682 0.0499436
8 0.612174 0.556553 0.0285451 0.0890825
17 0.596031 0.528342 0.0200893 0.0729414
4 0.340178 0.543971 0.0328784 0.0962867
5 0.721883 0.506033 0.0394222 0.0844701
18 0.745264 0.697034 0.0435769 0.13249
6 0.483496 0.604569 0.0308918 0.100861
16 0.403389 0.646425 0.0341511 0.109501
6 0.820446 0.578354 0.0310551 0.105634
12 0.780342 0.460057 0.0197682 0.0499436
8 0.612174 0.556553 0.0285451 0.0890825
17 0.596031 0.528342 0.0200893 0.0729414
4 0.340178 0.543971 0.0328784 0.0962867
5 0.721883 0.506033 0.0394222 0.0844701
18 0.745264 0.697034 0.0435769 0.13249
6 0.483496 0.604569 0.0308918 0.100861
16 0.403389 0.646425 0.0341511 0.109501
6 0.820446 0.578354 0.0310551 0.105634
12 0.780342 0.460057 0.0197682 0.0499436
8 0.612174 0.556553 0.0285451 0.0890825
17 0.596031 0.528342 0.0200893 0.0729414
