18 0.792579 0.697354 0.0285575 0.122669
4 0.499768 0.566937 0.0346495 0.0838936
1 0.929669 0.522555 0.0331535 0.0961517
6 0.542565 0.605973 0.0260861 0.101515
16 0.449297 0.622063 0.0386351 0.0825715
8 0.732147 0.555057 0.0315539 0.107354
9 0.866481 0.588672 0.0342514 0.0953469
7 0.827343 0.511493 0.0250168 0.0906714
5 0.864831 0.50502 0.0216927 0.0650726
18 0.792579 0.697354 0.0285575 0.122669
4 0.499768 0.566937 0.0346495 0.0838936
1 0.929669 0.522555 0.0331535 0.0961517
6 0.542565 0.605973 0.0260861 0.101515
16 0.449297 0.622063 0.0386351 0.0825715
8 0.732147 0.555057 0.0315539 0.107354
9 0.866481 0.588672 0.0342514 0.0953469
7 0.827343 0.511493 0.0250168 0.0906714
5 0.864831 0.50502 0.0216927 0.0650726
18 0.792579 0.697354 0.0285575 0.122669
4 0.499768 0.566937 0.0346495 0.0838936
1 0.929669 0.522555 0.0331535 0.0961517
6 0.542565 0.605973 0.0260861 0.101515
16 0.449297 0.622063 0.0386351 0.0825715
8 0.732147 0.555057 0.0315539 0.107354
9 0.866481 0.588672 0.0342514 0.0953469
7 0.827343 0.511493 0.0250168 0.0906714
5 0.864831 0.50502 0.0216927 0.0650726
18 0.792579 0.697354 0.0285575 0.122669
4 0.499768 0.566937 0.0346495 0.0838936
1 0.929669 0.522555 0.0331535 0.0961517
6 0.542565 0.605973 0.0260861 0.101515
16 0.449297 0.622063 0.0386351 0.0825715
8 0.732147 0.555057 0.0315539 0.107354
9 0.866481 0.588672 0.0342514 0.0953469
7 0.827343 0.511493 0.0250168 0.0906714
5 0.864831 0.50502 0.0216927 0.0650726
