4 0.156241 0.516231 0.0282353 0.112886
23 0.990465 0.592271 0.019071 0.108569
18 0.812937 0.706404 0.0449429 0.138235
5 0.707348 0.476871 0.0431829 0.0945763
8 0.485428 0.539023 0.0237606 0.0814355
16 0.366449 0.704331 0.03222 0.125652
6 0.472368 0.597828 0.0326764 0.107902
1 0.863782 0.455615 0.0358437 0.0922941
9 0.853675 0.568318 0.0320606 0.105656
12 0.863132 0.45581 0.0349519 0.0912327
12 0.815013 0.438154 0.0211666 0.057909
7 0.819621 0.505 0.0315899 0.0716805
1 0.815234 0.438564 0.0211117 0.0582052
4 0.156241 0.516231 0.0282353 0.112886
23 0.990465 0.592271 0.019071 0.108569
18 0.812937 0.706404 0.0449429 0.138235
5 0.707348 0.476871 0.0431829 0.0945763
8 0.485428 0.539023 0.0237606 0.0814355
16 0.366449 0.704331 0.03222 0.125652
6 0.472368 0.597828 0.0326764 0.107902
1 0.863782 0.455615 0.0358437 0.0922941
9 0.853675 0.568318 0.0320606 0.105656
12 0.863132 0.45581 0.0349519 0.0912327
12 0.815013 0.438154 0.0211666 0.057909
7 0.819621 0.505 0.0315899 0.0716805
1 0.815234 0.438564 0.0211117 0.0582052
4 0.156241 0.516231 0.0282353 0.112886
23 0.990465 0.592271 0.019071 0.108569
18 0.812937 0.706404 0.0449429 0.138235
5 0.707348 0.476871 0.0431829 0.0945763
8 0.485428 0.539023 0.0237606 0.0814355
16 0.366449 0.704331 0.03222 0.125652
6 0.472368 0.597828 0.0326764 0.107902
1 0.863782 0.455615 0.0358437 0.0922941
9 0.853675 0.568318 0.0320606 0.105656
12 0.863132 0.45581 0.0349519 0.0912327
12 0.815013 0.438154 0.0211666 0.057909
7 0.819621 0.505 0.0315899 0.0716805
1 0.815234 0.438564 0.0211117 0.0582052
4 0.156241 0.516231 0.0282353 0.112886
23 0.990465 0.592271 0.019071 0.108569
18 0.812937 0.706404 0.0449429 0.138235
5 0.707348 0.476871 0.0431829 0.0945763
8 0.485428 0.539023 0.0237606 0.0814355
16 0.366449 0.704331 0.03222 0.125652
6 0.472368 0.597828 0.0326764 0.107902
1 0.863782 0.455615 0.0358437 0.0922941
9 0.853675 0.568318 0.0320606 0.105656
12 0.863132 0.45581 0.0349519 0.0912327
12 0.815013 0.438154 0.0211666 0.057909
7 0.819621 0.505 0.0315899 0.0716805
1 0.815234 0.438564 0.0211117 0.0582052
