4 0.362995 0.545556 0.0329256 0.0945849
5 0.724392 0.513406 0.0456781 0.076339
16 0.396989 0.641858 0.0348595 0.109511
6 0.480718 0.604956 0.0303434 0.105281
12 0.767808 0.459818 0.0185343 0.0605808
8 0.613678 0.547518 0.0227486 0.100425
18 0.73405 0.697355 0.037619 0.133827
9 0.809276 0.580945 0.0236914 0.0976295
0 0.697584 0.548752 0.0156227 0.0204626
1 0.808144 0.489624 0.0240632 0.0677589
6 0.809464 0.580804 0.023118 0.0981176
12 0.808067 0.489628 0.0236996 0.0672178
17 0.62988 0.534894 0.0168957 0.0873067
4 0.362995 0.545556 0.0329256 0.0945849
5 0.724392 0.513406 0.0456781 0.076339
16 0.396989 0.641858 0.0348595 0.109511
6 0.480718 0.604956 0.0303434 0.105281
12 0.767808 0.459818 0.0185343 0.0605808
8 0.613678 0.547518 0.0227486 0.100425
18 0.73405 0.697355 0.037619 0.133827
9 0.809276 0.580945 0.0236914 0.0976295
0 0.697584 0.548752 0.0156227 0.0204626
1 0.808144 0.489624 0.0240632 0.0677589
6 0.809464 0.580804 0.023118 0.0981176
12 0.808067 0.489628 0.0236996 0.0672178
17 0.62988 0.534894 0.0168957 0.0873067
4 0.362995 0.545556 0.0329256 0.0945849
5 0.724392 0.513406 0.0456781 0.076339
16 0.396989 0.641858 0.0348595 0.109511
6 0.480718 0.604956 0.0303434 0.105281
12 0.767808 0.459818 0.0185343 0.0605808
8 0.613678 0.547518 0.0227486 0.100425
18 0.73405 0.697355 0.037619 0.133827
9 0.809276 0.580945 0.0236914 0.0976295
0 0.697584 0.548752 0.0156227 0.0204626
1 0.808144 0.489624 0.0240632 0.0677589
6 0.809464 0.580804 0.023118 0.0981176
12 0.808067 0.489628 0.0236996 0.0672178
17 0.62988 0.534894 0.0168957 0.0873067
4 0.362995 0.545556 0.0329256 0.0945849
5 0.724392 0.513406 0.0456781 0.076339
16 0.396989 0.641858 0.0348595 0.109511
6 0.480718 0.604956 0.0303434 0.105281
12 0.767808 0.459818 0.0185343 0.0605808
8 0.613678 0.547518 0.0227486 0.100425
18 0.73405 0.697355 0.037619 0.133827
9 0.809276 0.580945 0.0236914 0.0976295
0 0.697584 0.548752 0.0156227 0.0204626
1 0.808144 0.489624 0.0240632 0.0677589
6 0.809464 0.580804 0.023118 0.0981176
12 0.808067 0.489628 0.0236996 0.0672178
17 0.62988 0.534894 0.0168957 0.0873067
