1 0.899581 0.517648 0.03452 0.0897217
4 0.479502 0.560553 0.0390734 0.0846677
18 0.769852 0.693533 0.0367083 0.127613
6 0.520184 0.607451 0.0316081 0.10323
8 0.701926 0.546881 0.0282085 0.108588
16 0.433505 0.618447 0.033222 0.08966
7 0.795699 0.515046 0.0277162 0.0752967
12 0.80226 0.470345 0.0217921 0.0548473
9 0.844227 0.605106 0.0285217 0.0638935
17 0.752978 0.549313 0.0239523 0.0974348
1 0.899581 0.517648 0.03452 0.0897217
4 0.479502 0.560553 0.0390734 0.0846677
18 0.769852 0.693533 0.0367083 0.127613
6 0.520184 0.607451 0.0316081 0.10323
8 0.701926 0.546881 0.0282085 0.108588
16 0.433505 0.618447 0.033222 0.08966
7 0.795699 0.515046 0.0277162 0.0752967
12 0.80226 0.470345 0.0217921 0.0548473
9 0.844227 0.605106 0.0285217 0.0638935
17 0.752978 0.549313 0.0239523 0.0974348
1 0.899581 0.517648 0.03452 0.0897217
4 0.479502 0.560553 0.0390734 0.0846677
18 0.769852 0.693533 0.0367083 0.127613
6 0.520184 0.607451 0.0316081 0.10323
8 0.701926 0.546881 0.0282085 0.108588
16 0.433505 0.618447 0.033222 0.08966
7 0.795699 0.515046 0.0277162 0.0752967
12 0.80226 0.470345 0.0217921 0.0548473
9 0.844227 0.605106 0.0285217 0.0638935
17 0.752978 0.549313 0.0239523 0.0974348
1 0.899581 0.517648 0.03452 0.0897217
4 0.479502 0.560553 0.0390734 0.0846677
18 0.769852 0.693533 0.0367083 0.127613
6 0.520184 0.607451 0.0316081 0.10323
8 0.701926 0.546881 0.0282085 0.108588
16 0.433505 0.618447 0.033222 0.08966
7 0.795699 0.515046 0.0277162 0.0752967
12 0.80226 0.470345 0.0217921 0.0548473
9 0.844227 0.605106 0.0285217 0.0638935
17 0.752978 0.549313 0.0239523 0.0974348
