4 0.113993 0.516304 0.0295955 0.114917
5 0.697868 0.479899 0.0434502 0.0941064
1 0.811124 0.442001 0.0225552 0.0779022
6 0.471092 0.611349 0.03538 0.09358
16 0.359013 0.72242 0.0373576 0.125983
18 0.83111 0.706217 0.0559074 0.129514
12 0.810887 0.440742 0.023457 0.0728511
8 0.466207 0.54112 0.0255125 0.0586461
9 0.855585 0.572102 0.0332039 0.104214
23 0.978332 0.597845 0.0289015 0.112957
12 0.872836 0.456076 0.0275138 0.0906232
7 0.824092 0.497498 0.0246632 0.0803567
6 0.359514 0.723478 0.0374899 0.128629
4 0.113993 0.516304 0.0295955 0.114917
5 0.697868 0.479899 0.0434502 0.0941064
1 0.811124 0.442001 0.0225552 0.0779022
6 0.471092 0.611349 0.03538 0.09358
16 0.359013 0.72242 0.0373576 0.125983
18 0.83111 0.706217 0.0559074 0.129514
12 0.810887 0.440742 0.023457 0.0728511
8 0.466207 0.54112 0.0255125 0.0586461
9 0.855585 0.572102 0.0332039 0.104214
23 0.978332 0.597845 0.0289015 0.112957
12 0.872836 0.456076 0.0275138 0.0906232
7 0.824092 0.497498 0.0246632 0.0803567
6 0.359514 0.723478 0.0374899 0.128629
4 0.113993 0.516304 0.0295955 0.114917
5 0.697868 0.479899 0.0434502 0.0941064
1 0.811124 0.442001 0.0225552 0.0779022
6 0.471092 0.611349 0.03538 0.09358
16 0.359013 0.72242 0.0373576 0.125983
18 0.83111 0.706217 0.0559074 0.129514
12 0.810887 0.440742 0.023457 0.0728511
8 0.466207 0.54112 0.0255125 0.0586461
9 0.855585 0.572102 0.0332039 0.104214
23 0.978332 0.597845 0.0289015 0.112957
12 0.872836 0.456076 0.0275138 0.0906232
7 0.824092 0.497498 0.0246632 0.0803567
6 0.359514 0.723478 0.0374899 0.128629
4 0.113993 0.516304 0.0295955 0.114917
5 0.697868 0.479899 0.0434502 0.0941064
1 0.811124 0.442001 0.0225552 0.0779022
6 0.471092 0.611349 0.03538 0.09358
16 0.359013 0.72242 0.0373576 0.125983
18 0.83111 0.706217 0.0559074 0.129514
12 0.810887 0.440742 0.023457 0.0728511
8 0.466207 0.54112 0.0255125 0.0586461
9 0.855585 0.572102 0.0332039 0.104214
23 0.978332 0.597845 0.0289015 0.112957
12 0.872836 0.456076 0.0275138 0.0906232
7 0.824092 0.497498 0.0246632 0.0803567
6 0.359514 0.723478 0.0374899 0.128629
