4 0.298423 0.53402 0.0310534 0.0977515
5 0.724 0.503701 0.0394928 0.0797495
18 0.770557 0.697208 0.0466316 0.127215
6 0.494497 0.601125 0.0404375 0.105805
16 0.404366 0.662555 0.0309914 0.111184
9 0.832022 0.577398 0.0318689 0.10884
8 0.585639 0.548881 0.0262104 0.0882694
17 0.567481 0.531945 0.0230438 0.0734643
7 0.796171 0.505337 0.0203123 0.0863746
4 0.298423 0.53402 0.0310534 0.0977515
5 0.724 0.503701 0.0394928 0.0797495
18 0.770557 0.697208 0.0466316 0.127215
6 0.494497 0.601125 0.0404375 0.105805
16 0.404366 0.662555 0.0309914 0.111184
9 0.832022 0.577398 0.0318689 0.10884
8 0.585639 0.548881 0.0262104 0.0882694
17 0.567481 0.531945 0.0230438 0.0734643
7 0.796171 0.505337 0.0203123 0.0863746
4 0.298423 0.53402 0.0310534 0.0977515
5 0.724 0.503701 0.0394928 0.0797495
18 0.770557 0.697208 0.0466316 0.127215
6 0.494497 0.601125 0.0404375 0.105805
16 0.404366 0.662555 0.0309914 0.111184
9 0.832022 0.577398 0.0318689 0.10884
8 0.585639 0.548881 0.0262104 0.0882694
17 0.567481 0.531945 0.0230438 0.0734643
7 0.796171 0.505337 0.0203123 0.0863746
4 0.298423 0.53402 0.0310534 0.0977515
5 0.724 0.503701 0.0394928 0.0797495
18 0.770557 0.697208 0.0466316 0.127215
6 0.494497 0.601125 0.0404375 0.105805
16 0.404366 0.662555 0.0309914 0.111184
9 0.832022 0.577398 0.0318689 0.10884
8 0.585639 0.548881 0.0262104 0.0882694
17 0.567481 0.531945 0.0230438 0.0734643
7 0.796171 0.505337 0.0203123 0.0863746
