5 0.716518 0.48753 0.0386275 0.08982
4 0.244138 0.526911 0.029035 0.100676
18 0.779989 0.694465 0.037549 0.132915
9 0.836095 0.571662 0.0301403 0.101638
16 0.385048 0.6726 0.0300761 0.117129
6 0.481346 0.596914 0.028668 0.108795
8 0.534571 0.542912 0.0217209 0.0838509
17 0.535175 0.543543 0.022176 0.0829367
5 0.716518 0.48753 0.0386275 0.08982
4 0.244138 0.526911 0.029035 0.100676
18 0.779989 0.694465 0.037549 0.132915
9 0.836095 0.571662 0.0301403 0.101638
16 0.385048 0.6726 0.0300761 0.117129
6 0.481346 0.596914 0.028668 0.108795
8 0.534571 0.542912 0.0217209 0.0838509
17 0.535175 0.543543 0.022176 0.0829367
5 0.716518 0.48753 0.0386275 0.08982
4 0.244138 0.526911 0.029035 0.100676
18 0.779989 0.694465 0.037549 0.132915
9 0.836095 0.571662 0.0301403 0.101638
16 0.385048 0.6726 0.0300761 0.117129
6 0.481346 0.596914 0.028668 0.108795
8 0.534571 0.542912 0.0217209 0.0838509
17 0.535175 0.543543 0.022176 0.0829367
5 0.716518 0.48753 0.0386275 0.08982
4 0.244138 0.526911 0.029035 0.100676
18 0.779989 0.694465 0.037549 0.132915
9 0.836095 0.571662 0.0301403 0.101638
16 0.385048 0.6726 0.0300761 0.117129
6 0.481346 0.596914 0.028668 0.108795
8 0.534571 0.542912 0.0217209 0.0838509
17 0.535175 0.543543 0.022176 0.0829367
