4 0.167125 0.516371 0.0292647 0.110379
5 0.707987 0.478264 0.0462032 0.0934656
23 0.992112 0.587758 0.0157757 0.0994141
18 0.80892 0.702088 0.048244 0.130364
9 0.852095 0.567091 0.0323341 0.109606
16 0.36753 0.702438 0.0312315 0.127806
8 0.488108 0.540943 0.0244143 0.0832485
1 0.858761 0.452059 0.0394774 0.0862735
7 0.813584 0.500484 0.0256096 0.0746011
3 0.992934 0.587107 0.0141331 0.101384
6 0.467392 0.598995 0.0270011 0.107038
17 0.488502 0.540758 0.0237543 0.0821808
1 0.813833 0.438736 0.0214272 0.0558615
12 0.813935 0.437822 0.0208183 0.053792
4 0.167125 0.516371 0.0292647 0.110379
5 0.707987 0.478264 0.0462032 0.0934656
23 0.992112 0.587758 0.0157757 0.0994141
18 0.80892 0.702088 0.048244 0.130364
9 0.852095 0.567091 0.0323341 0.109606
16 0.36753 0.702438 0.0312315 0.127806
8 0.488108 0.540943 0.0244143 0.0832485
1 0.858761 0.452059 0.0394774 0.0862735
7 0.813584 0.500484 0.0256096 0.0746011
3 0.992934 0.587107 0.0141331 0.101384
6 0.467392 0.598995 0.0270011 0.107038
17 0.488502 0.540758 0.0237543 0.0821808
1 0.813833 0.438736 0.0214272 0.0558615
12 0.813935 0.437822 0.0208183 0.053792
4 0.167125 0.516371 0.0292647 0.110379
5 0.707987 0.478264 0.0462032 0.0934656
23 0.992112 0.587758 0.0157757 0.0994141
18 0.80892 0.702088 0.048244 0.130364
9 0.852095 0.567091 0.0323341 0.109606
16 0.36753 0.702438 0.0312315 0.127806
8 0.488108 0.540943 0.0244143 0.0832485
1 0.858761 0.452059 0.0394774 0.0862735
7 0.813584 0.500484 0.0256096 0.0746011
3 0.992934 0.587107 0.0141331 0.101384
6 0.467392 0.598995 0.0270011 0.107038
17 0.488502 0.540758 0.0237543 0.0821808
1 0.813833 0.438736 0.0214272 0.0558615
12 0.813935 0.437822 0.0208183 0.053792
4 0.167125 0.516371 0.0292647 0.110379
5 0.707987 0.478264 0.0462032 0.0934656
23 0.992112 0.587758 0.0157757 0.0994141
18 0.80892 0.702088 0.048244 0.130364
9 0.852095 0.567091 0.0323341 0.109606
16 0.36753 0.702438 0.0312315 0.127806
8 0.488108 0.540943 0.0244143 0.0832485
1 0.858761 0.452059 0.0394774 0.0862735
7 0.813584 0.500484 0.0256096 0.0746011
3 0.992934 0.587107 0.0141331 0.101384
6 0.467392 0.598995 0.0270011 0.107038
17 0.488502 0.540758 0.0237543 0.0821808
1 0.813833 0.438736 0.0214272 0.0558615
12 0.813935 0.437822 0.0208183 0.053792
