4 0.20518 0.519006 0.0288799 0.107565
5 0.705802 0.48354 0.0403881 0.0883097
18 0.793238 0.696987 0.0519136 0.132151
16 0.373586 0.684782 0.0307976 0.122628
9 0.840136 0.56869 0.0307381 0.105072
8 0.50298 0.541814 0.0283196 0.0869828
7 0.803168 0.501015 0.0258831 0.0766045
0 0.783932 0.493748 0.0126652 0.0253369
1 0.810517 0.45107 0.0200157 0.0667784
17 0.539755 0.529362 0.032817 0.0883301
8 0.471188 0.594342 0.0264758 0.0998678
12 0.841596 0.454485 0.0353413 0.0783842
1 0.841568 0.454635 0.0360699 0.0795769
17 0.502993 0.541667 0.028254 0.0852601
4 0.20518 0.519006 0.0288799 0.107565
5 0.705802 0.48354 0.0403881 0.0883097
18 0.793238 0.696987 0.0519136 0.132151
16 0.373586 0.684782 0.0307976 0.122628
9 0.840136 0.56869 0.0307381 0.105072
8 0.50298 0.541814 0.0283196 0.0869828
7 0.803168 0.501015 0.0258831 0.0766045
0 0.783932 0.493748 0.0126652 0.0253369
1 0.810517 0.45107 0.0200157 0.0667784
17 0.539755 0.529362 0.032817 0.0883301
8 0.471188 0.594342 0.0264758 0.0998678
12 0.841596 0.454485 0.0353413 0.0783842
1 0.841568 0.454635 0.0360699 0.0795769
17 0.502993 0.541667 0.028254 0.0852601
4 0.20518 0.519006 0.0288799 0.107565
5 0.705802 0.48354 0.0403881 0.0883097
18 0.793238 0.696987 0.0519136 0.132151
16 0.373586 0.684782 0.0307976 0.122628
9 0.840136 0.56869 0.0307381 0.105072
8 0.50298 0.541814 0.0283196 0.0869828
7 0.803168 0.501015 0.0258831 0.0766045
0 0.783932 0.493748 0.0126652 0.0253369
1 0.810517 0.45107 0.0200157 0.0667784
17 0.539755 0.529362 0.032817 0.0883301
8 0.471188 0.594342 0.0264758 0.0998678
12 0.841596 0.454485 0.0353413 0.0783842
1 0.841568 0.454635 0.0360699 0.0795769
17 0.502993 0.541667 0.028254 0.0852601
4 0.20518 0.519006 0.0288799 0.107565
5 0.705802 0.48354 0.0403881 0.0883097
18 0.793238 0.696987 0.0519136 0.132151
16 0.373586 0.684782 0.0307976 0.122628
9 0.840136 0.56869 0.0307381 0.105072
8 0.50298 0.541814 0.0283196 0.0869828
7 0.803168 0.501015 0.0258831 0.0766045
0 0.783932 0.493748 0.0126652 0.0253369
1 0.810517 0.45107 0.0200157 0.0667784
17 0.539755 0.529362 0.032817 0.0883301
8 0.471188 0.594342 0.0264758 0.0998678
12 0.841596 0.454485 0.0353413 0.0783842
1 0.841568 0.454635 0.0360699 0.0795769
17 0.502993 0.541667 0.028254 0.0852601
