12 0.829013 0.530584 0.0319807 0.0918501
18 0.842308 0.741316 0.0391449 0.129956
6 0.584281 0.635247 0.027952 0.11638
1 0.829066 0.530554 0.0322069 0.0916329
4 0.505943 0.635829 0.0343128 0.0501864
16 0.467631 0.666679 0.0430551 0.0499322
8 0.793448 0.591694 0.0284409 0.115392
1 0.989583 0.55535 0.0205978 0.109917
9 0.893849 0.635292 0.0223782 0.101715
12 0.829013 0.530584 0.0319807 0.0918501
18 0.842308 0.741316 0.0391449 0.129956
6 0.584281 0.635247 0.027952 0.11638
1 0.829066 0.530554 0.0322069 0.0916329
4 0.505943 0.635829 0.0343128 0.0501864
16 0.467631 0.666679 0.0430551 0.0499322
8 0.793448 0.591694 0.0284409 0.115392
1 0.989583 0.55535 0.0205978 0.109917
9 0.893849 0.635292 0.0223782 0.101715
12 0.829013 0.530584 0.0319807 0.0918501
18 0.842308 0.741316 0.0391449 0.129956
6 0.584281 0.635247 0.027952 0.11638
1 0.829066 0.530554 0.0322069 0.0916329
4 0.505943 0.635829 0.0343128 0.0501864
16 0.467631 0.666679 0.0430551 0.0499322
8 0.793448 0.591694 0.0284409 0.115392
1 0.989583 0.55535 0.0205978 0.109917
9 0.893849 0.635292 0.0223782 0.101715
12 0.829013 0.530584 0.0319807 0.0918501
18 0.842308 0.741316 0.0391449 0.129956
6 0.584281 0.635247 0.027952 0.11638
1 0.829066 0.530554 0.0322069 0.0916329
4 0.505943 0.635829 0.0343128 0.0501864
16 0.467631 0.666679 0.0430551 0.0499322
8 0.793448 0.591694 0.0284409 0.115392
1 0.989583 0.55535 0.0205978 0.109917
9 0.893849 0.635292 0.0223782 0.101715
