5 0.712886 0.48634 0.0335841 0.0877071
4 0.232298 0.525582 0.0283322 0.103114
18 0.780753 0.695819 0.0404829 0.129405
16 0.380352 0.678755 0.0309273 0.109861
9 0.836655 0.567366 0.026903 0.0970293
8 0.524214 0.543445 0.0224733 0.0875253
17 0.548939 0.526816 0.0257351 0.0884033
6 0.47778 0.598183 0.0299394 0.10658
8 0.477786 0.598161 0.0295704 0.108088
5 0.712886 0.48634 0.0335841 0.0877071
4 0.232298 0.525582 0.0283322 0.103114
18 0.780753 0.695819 0.0404829 0.129405
16 0.380352 0.678755 0.0309273 0.109861
9 0.836655 0.567366 0.026903 0.0970293
8 0.524214 0.543445 0.0224733 0.0875253
17 0.548939 0.526816 0.0257351 0.0884033
6 0.47778 0.598183 0.0299394 0.10658
8 0.477786 0.598161 0.0295704 0.108088
5 0.712886 0.48634 0.0335841 0.0877071
4 0.232298 0.525582 0.0283322 0.103114
18 0.780753 0.695819 0.0404829 0.129405
16 0.380352 0.678755 0.0309273 0.109861
9 0.836655 0.567366 0.026903 0.0970293
8 0.524214 0.543445 0.0224733 0.0875253
17 0.548939 0.526816 0.0257351 0.0884033
6 0.47778 0.598183 0.0299394 0.10658
8 0.477786 0.598161 0.0295704 0.108088
5 0.712886 0.48634 0.0335841 0.0877071
4 0.232298 0.525582 0.0283322 0.103114
18 0.780753 0.695819 0.0404829 0.129405
16 0.380352 0.678755 0.0309273 0.109861
9 0.836655 0.567366 0.026903 0.0970293
8 0.524214 0.543445 0.0224733 0.0875253
17 0.548939 0.526816 0.0257351 0.0884033
6 0.47778 0.598183 0.0299394 0.10658
8 0.477786 0.598161 0.0295704 0.108088
