4 0.351753 0.544645 0.0340551 0.0984428
5 0.723306 0.507471 0.0488976 0.0739575
16 0.398934 0.644055 0.0326086 0.110279
6 0.484506 0.606106 0.0479078 0.104853
18 0.738309 0.697548 0.0312767 0.13185
12 0.773031 0.459032 0.0204638 0.0579556
8 0.611944 0.553595 0.0311771 0.0864973
9 0.812522 0.5719 0.0236088 0.0889006
12 0.801162 0.50192 0.0228985 0.0771988
7 0.779138 0.51098 0.0210763 0.0720288
4 0.351753 0.544645 0.0340551 0.0984428
5 0.723306 0.507471 0.0488976 0.0739575
16 0.398934 0.644055 0.0326086 0.110279
6 0.484506 0.606106 0.0479078 0.104853
18 0.738309 0.697548 0.0312767 0.13185
12 0.773031 0.459032 0.0204638 0.0579556
8 0.611944 0.553595 0.0311771 0.0864973
9 0.812522 0.5719 0.0236088 0.0889006
12 0.801162 0.50192 0.0228985 0.0771988
7 0.779138 0.51098 0.0210763 0.0720288
4 0.351753 0.544645 0.0340551 0.0984428
5 0.723306 0.507471 0.0488976 0.0739575
16 0.398934 0.644055 0.0326086 0.110279
6 0.484506 0.606106 0.0479078 0.104853
18 0.738309 0.697548 0.0312767 0.13185
12 0.773031 0.459032 0.0204638 0.0579556
8 0.611944 0.553595 0.0311771 0.0864973
9 0.812522 0.5719 0.0236088 0.0889006
12 0.801162 0.50192 0.0228985 0.0771988
7 0.779138 0.51098 0.0210763 0.0720288
4 0.351753 0.544645 0.0340551 0.0984428
5 0.723306 0.507471 0.0488976 0.0739575
16 0.398934 0.644055 0.0326086 0.110279
6 0.484506 0.606106 0.0479078 0.104853
18 0.738309 0.697548 0.0312767 0.13185
12 0.773031 0.459032 0.0204638 0.0579556
8 0.611944 0.553595 0.0311771 0.0864973
9 0.812522 0.5719 0.0236088 0.0889006
12 0.801162 0.50192 0.0228985 0.0771988
7 0.779138 0.51098 0.0210763 0.0720288
