4 0.133628 0.516182 0.0273 0.114639
16 0.364044 0.714895 0.0343492 0.130502
5 0.700527 0.480811 0.0317652 0.0912077
6 0.469875 0.608042 0.0265025 0.087552
18 0.823536 0.708617 0.0515125 0.126185
23 0.98487 0.591725 0.030261 0.106932
9 0.858601 0.566762 0.0379227 0.103445
8 0.474933 0.541499 0.0233225 0.0638811
1 0.872678 0.454038 0.0406689 0.0912646
7 0.825213 0.507459 0.0274342 0.0757505
1 0.815442 0.444194 0.0237682 0.0729921
12 0.815836 0.442941 0.022945 0.0711132
12 0.872766 0.453378 0.041404 0.0882497
0 0.793388 0.481783 0.0150146 0.0210524
4 0.133628 0.516182 0.0273 0.114639
16 0.364044 0.714895 0.0343492 0.130502
5 0.700527 0.480811 0.0317652 0.0912077
6 0.469875 0.608042 0.0265025 0.087552
18 0.823536 0.708617 0.0515125 0.126185
23 0.98487 0.591725 0.030261 0.106932
9 0.858601 0.566762 0.0379227 0.103445
8 0.474933 0.541499 0.0233225 0.0638811
1 0.872678 0.454038 0.0406689 0.0912646
7 0.825213 0.507459 0.0274342 0.0757505
1 0.815442 0.444194 0.0237682 0.0729921
12 0.815836 0.442941 0.022945 0.0711132
12 0.872766 0.453378 0.041404 0.0882497
0 0.793388 0.481783 0.0150146 0.0210524
4 0.133628 0.516182 0.0273 0.114639
16 0.364044 0.714895 0.0343492 0.130502
5 0.700527 0.480811 0.0317652 0.0912077
6 0.469875 0.608042 0.0265025 0.087552
18 0.823536 0.708617 0.0515125 0.126185
23 0.98487 0.591725 0.030261 0.106932
9 0.858601 0.566762 0.0379227 0.103445
8 0.474933 0.541499 0.0233225 0.0638811
1 0.872678 0.454038 0.0406689 0.0912646
7 0.825213 0.507459 0.0274342 0.0757505
1 0.815442 0.444194 0.0237682 0.0729921
12 0.815836 0.442941 0.022945 0.0711132
12 0.872766 0.453378 0.041404 0.0882497
0 0.793388 0.481783 0.0150146 0.0210524
4 0.133628 0.516182 0.0273 0.114639
16 0.364044 0.714895 0.0343492 0.130502
5 0.700527 0.480811 0.0317652 0.0912077
6 0.469875 0.608042 0.0265025 0.087552
18 0.823536 0.708617 0.0515125 0.126185
23 0.98487 0.591725 0.030261 0.106932
9 0.858601 0.566762 0.0379227 0.103445
8 0.474933 0.541499 0.0233225 0.0638811
1 0.872678 0.454038 0.0406689 0.0912646
7 0.825213 0.507459 0.0274342 0.0757505
1 0.815442 0.444194 0.0237682 0.0729921
12 0.815836 0.442941 0.022945 0.0711132
12 0.872766 0.453378 0.041404 0.0882497
0 0.793388 0.481783 0.0150146 0.0210524
