5 0.738274 0.507537 0.0283575 0.0854894
1 0.851251 0.511631 0.0475929 0.0853231
4 0.415375 0.555425 0.034182 0.082584
8 0.647463 0.546723 0.0301781 0.10533
6 0.488297 0.605398 0.0428454 0.108666
16 0.397065 0.626939 0.0254909 0.10272
9 0.808088 0.57987 0.0267038 0.0988623
18 0.73307 0.690224 0.0324598 0.126652
12 0.765418 0.47071 0.0238132 0.0646306
8 0.677642 0.54362 0.0247303 0.0931907
17 0.677472 0.543456 0.0238434 0.0940126
7 0.739167 0.507126 0.0287648 0.0871355
5 0.738274 0.507537 0.0283575 0.0854894
1 0.851251 0.511631 0.0475929 0.0853231
4 0.415375 0.555425 0.034182 0.082584
8 0.647463 0.546723 0.0301781 0.10533
6 0.488297 0.605398 0.0428454 0.108666
16 0.397065 0.626939 0.0254909 0.10272
9 0.808088 0.57987 0.0267038 0.0988623
18 0.73307 0.690224 0.0324598 0.126652
12 0.765418 0.47071 0.0238132 0.0646306
8 0.677642 0.54362 0.0247303 0.0931907
17 0.677472 0.543456 0.0238434 0.0940126
7 0.739167 0.507126 0.0287648 0.0871355
5 0.738274 0.507537 0.0283575 0.0854894
1 0.851251 0.511631 0.0475929 0.0853231
4 0.415375 0.555425 0.034182 0.082584
8 0.647463 0.546723 0.0301781 0.10533
6 0.488297 0.605398 0.0428454 0.108666
16 0.397065 0.626939 0.0254909 0.10272
9 0.808088 0.57987 0.0267038 0.0988623
18 0.73307 0.690224 0.0324598 0.126652
12 0.765418 0.47071 0.0238132 0.0646306
8 0.677642 0.54362 0.0247303 0.0931907
17 0.677472 0.543456 0.0238434 0.0940126
7 0.739167 0.507126 0.0287648 0.0871355
5 0.738274 0.507537 0.0283575 0.0854894
1 0.851251 0.511631 0.0475929 0.0853231
4 0.415375 0.555425 0.034182 0.082584
8 0.647463 0.546723 0.0301781 0.10533
6 0.488297 0.605398 0.0428454 0.108666
16 0.397065 0.626939 0.0254909 0.10272
9 0.808088 0.57987 0.0267038 0.0988623
18 0.73307 0.690224 0.0324598 0.126652
12 0.765418 0.47071 0.0238132 0.0646306
8 0.677642 0.54362 0.0247303 0.0931907
17 0.677472 0.543456 0.0238434 0.0940126
7 0.739167 0.507126 0.0287648 0.0871355
