4 0.0504085 0.517945 0.02877 0.114308
5 0.67735 0.478212 0.0446661 0.095762
23 0.947838 0.603109 0.0312691 0.11257
18 0.82955 0.721278 0.0577835 0.136747
1 0.797327 0.438868 0.0257378 0.0831849
8 0.4503 0.560091 0.0267139 0.0787203
16 0.345935 0.743681 0.0373325 0.126833
6 0.459622 0.618268 0.0252247 0.101918
0 0.772633 0.472891 0.0134655 0.0223538
9 0.847115 0.574489 0.0333847 0.103796
9 0.459723 0.616507 0.0240212 0.101752
1 0.875108 0.458333 0.03382 0.0882075
12 0.875799 0.458773 0.0358183 0.0884148
17 0.502406 0.568589 0.0270422 0.090372
4 0.0504085 0.517945 0.02877 0.114308
5 0.67735 0.478212 0.0446661 0.095762
23 0.947838 0.603109 0.0312691 0.11257
18 0.82955 0.721278 0.0577835 0.136747
1 0.797327 0.438868 0.0257378 0.0831849
8 0.4503 0.560091 0.0267139 0.0787203
16 0.345935 0.743681 0.0373325 0.126833
6 0.459622 0.618268 0.0252247 0.101918
0 0.772633 0.472891 0.0134655 0.0223538
9 0.847115 0.574489 0.0333847 0.103796
9 0.459723 0.616507 0.0240212 0.101752
1 0.875108 0.458333 0.03382 0.0882075
12 0.875799 0.458773 0.0358183 0.0884148
17 0.502406 0.568589 0.0270422 0.090372
4 0.0504085 0.517945 0.02877 0.114308
5 0.67735 0.478212 0.0446661 0.095762
23 0.947838 0.603109 0.0312691 0.11257
18 0.82955 0.721278 0.0577835 0.136747
1 0.797327 0.438868 0.0257378 0.0831849
8 0.4503 0.560091 0.0267139 0.0787203
16 0.345935 0.743681 0.0373325 0.126833
6 0.459622 0.618268 0.0252247 0.101918
0 0.772633 0.472891 0.0134655 0.0223538
9 0.847115 0.574489 0.0333847 0.103796
9 0.459723 0.616507 0.0240212 0.101752
1 0.875108 0.458333 0.03382 0.0882075
12 0.875799 0.458773 0.0358183 0.0884148
17 0.502406 0.568589 0.0270422 0.090372
4 0.0504085 0.517945 0.02877 0.114308
5 0.67735 0.478212 0.0446661 0.095762
23 0.947838 0.603109 0.0312691 0.11257
18 0.82955 0.721278 0.0577835 0.136747
1 0.797327 0.438868 0.0257378 0.0831849
8 0.4503 0.560091 0.0267139 0.0787203
16 0.345935 0.743681 0.0373325 0.126833
6 0.459622 0.618268 0.0252247 0.101918
0 0.772633 0.472891 0.0134655 0.0223538
9 0.847115 0.574489 0.0333847 0.103796
9 0.459723 0.616507 0.0240212 0.101752
1 0.875108 0.458333 0.03382 0.0882075
12 0.875799 0.458773 0.0358183 0.0884148
17 0.502406 0.568589 0.0270422 0.090372
