18 0.817069 0.711741 0.0355455 0.129112
16 0.460856 0.640519 0.0492771 0.0686278
1 0.960136 0.527804 0.0257092 0.105193
8 0.759648 0.559493 0.0237688 0.107221
9 0.882788 0.608273 0.023617 0.0957933
4 0.523969 0.588285 0.0415212 0.0685899
6 0.562683 0.615703 0.0231582 0.103282
7 0.853176 0.505707 0.0201881 0.0774218
4 0.502841 0.570096 0.0208242 0.0450963
18 0.817069 0.711741 0.0355455 0.129112
16 0.460856 0.640519 0.0492771 0.0686278
1 0.960136 0.527804 0.0257092 0.105193
8 0.759648 0.559493 0.0237688 0.107221
9 0.882788 0.608273 0.023617 0.0957933
4 0.523969 0.588285 0.0415212 0.0685899
6 0.562683 0.615703 0.0231582 0.103282
7 0.853176 0.505707 0.0201881 0.0774218
4 0.502841 0.570096 0.0208242 0.0450963
18 0.817069 0.711741 0.0355455 0.129112
16 0.460856 0.640519 0.0492771 0.0686278
1 0.960136 0.527804 0.0257092 0.105193
8 0.759648 0.559493 0.0237688 0.107221
9 0.882788 0.608273 0.023617 0.0957933
4 0.523969 0.588285 0.0415212 0.0685899
6 0.562683 0.615703 0.0231582 0.103282
7 0.853176 0.505707 0.0201881 0.0774218
4 0.502841 0.570096 0.0208242 0.0450963
18 0.817069 0.711741 0.0355455 0.129112
16 0.460856 0.640519 0.0492771 0.0686278
1 0.960136 0.527804 0.0257092 0.105193
8 0.759648 0.559493 0.0237688 0.107221
9 0.882788 0.608273 0.023617 0.0957933
4 0.523969 0.588285 0.0415212 0.0685899
6 0.562683 0.615703 0.0231582 0.103282
7 0.853176 0.505707 0.0201881 0.0774218
4 0.502841 0.570096 0.0208242 0.0450963
