16 0.462839 0.654994 0.037357 0.0524207
1 0.836749 0.520403 0.0336119 0.0915114
9 0.895953 0.633396 0.0267699 0.0976924
8 0.783816 0.58282 0.0236212 0.106869
6 0.578439 0.631939 0.0238221 0.0999969
1 0.982682 0.557494 0.0311798 0.105764
7 0.921064 0.547749 0.0289238 0.101899
18 0.833751 0.72479 0.0358276 0.131806
12 0.83666 0.520317 0.0333698 0.0916284
16 0.462839 0.654994 0.037357 0.0524207
1 0.836749 0.520403 0.0336119 0.0915114
9 0.895953 0.633396 0.0267699 0.0976924
8 0.783816 0.58282 0.0236212 0.106869
6 0.578439 0.631939 0.0238221 0.0999969
1 0.982682 0.557494 0.0311798 0.105764
7 0.921064 0.547749 0.0289238 0.101899
18 0.833751 0.72479 0.0358276 0.131806
12 0.83666 0.520317 0.0333698 0.0916284
16 0.462839 0.654994 0.037357 0.0524207
1 0.836749 0.520403 0.0336119 0.0915114
9 0.895953 0.633396 0.0267699 0.0976924
8 0.783816 0.58282 0.0236212 0.106869
6 0.578439 0.631939 0.0238221 0.0999969
1 0.982682 0.557494 0.0311798 0.105764
7 0.921064 0.547749 0.0289238 0.101899
18 0.833751 0.72479 0.0358276 0.131806
12 0.83666 0.520317 0.0333698 0.0916284
16 0.462839 0.654994 0.037357 0.0524207
1 0.836749 0.520403 0.0336119 0.0915114
9 0.895953 0.633396 0.0267699 0.0976924
8 0.783816 0.58282 0.0236212 0.106869
6 0.578439 0.631939 0.0238221 0.0999969
1 0.982682 0.557494 0.0311798 0.105764
7 0.921064 0.547749 0.0289238 0.101899
18 0.833751 0.72479 0.0358276 0.131806
12 0.83666 0.520317 0.0333698 0.0916284
