18 0.843115 0.746261 0.030125 0.13585
16 0.469149 0.667369 0.0378229 0.0576905
4 0.504102 0.638549 0.0334189 0.0561649
6 0.589331 0.640257 0.0308994 0.118423
12 0.809106 0.529681 0.0246757 0.0845547
1 0.810123 0.528494 0.0247 0.0841663
9 0.933079 0.610012 0.0191643 0.11179
9 0.901214 0.635592 0.0238522 0.105641
6 0.800488 0.600563 0.0258705 0.109456
9 0.898363 0.649933 0.0240818 0.103395
8 0.800307 0.600233 0.0246925 0.108544
17 0.932425 0.610243 0.0200825 0.111831
18 0.843115 0.746261 0.030125 0.13585
16 0.469149 0.667369 0.0378229 0.0576905
4 0.504102 0.638549 0.0334189 0.0561649
6 0.589331 0.640257 0.0308994 0.118423
12 0.809106 0.529681 0.0246757 0.0845547
1 0.810123 0.528494 0.0247 0.0841663
9 0.933079 0.610012 0.0191643 0.11179
9 0.901214 0.635592 0.0238522 0.105641
6 0.800488 0.600563 0.0258705 0.109456
9 0.898363 0.649933 0.0240818 0.103395
8 0.800307 0.600233 0.0246925 0.108544
17 0.932425 0.610243 0.0200825 0.111831
18 0.843115 0.746261 0.030125 0.13585
16 0.469149 0.667369 0.0378229 0.0576905
4 0.504102 0.638549 0.0334189 0.0561649
6 0.589331 0.640257 0.0308994 0.118423
12 0.809106 0.529681 0.0246757 0.0845547
1 0.810123 0.528494 0.0247 0.0841663
9 0.933079 0.610012 0.0191643 0.11179
9 0.901214 0.635592 0.0238522 0.105641
6 0.800488 0.600563 0.0258705 0.109456
9 0.898363 0.649933 0.0240818 0.103395
8 0.800307 0.600233 0.0246925 0.108544
17 0.932425 0.610243 0.0200825 0.111831
18 0.843115 0.746261 0.030125 0.13585
16 0.469149 0.667369 0.0378229 0.0576905
4 0.504102 0.638549 0.0334189 0.0561649
6 0.589331 0.640257 0.0308994 0.118423
12 0.809106 0.529681 0.0246757 0.0845547
1 0.810123 0.528494 0.0247 0.0841663
9 0.933079 0.610012 0.0191643 0.11179
9 0.901214 0.635592 0.0238522 0.105641
6 0.800488 0.600563 0.0258705 0.109456
9 0.898363 0.649933 0.0240818 0.103395
8 0.800307 0.600233 0.0246925 0.108544
17 0.932425 0.610243 0.0200825 0.111831
