1 0.846467 0.50772 0.0491093 0.0903561
4 0.406499 0.552814 0.0332519 0.0779071
5 0.734495 0.505608 0.0322687 0.0789387
8 0.640508 0.547632 0.0311935 0.103174
6 0.4857 0.607783 0.044977 0.108751
18 0.730829 0.692901 0.0292006 0.128321
9 0.804817 0.580065 0.0266544 0.0976617
16 0.393628 0.628357 0.0266248 0.102331
12 0.761641 0.468821 0.0246773 0.0653058
17 0.670547 0.543226 0.0236357 0.0932982
5 0.78761 0.504494 0.0218028 0.0785037
0 0.53461 0.602675 0.0149372 0.0217231
8 0.669901 0.542593 0.0219069 0.0907319
7 0.788315 0.503659 0.0214865 0.0770589
1 0.846467 0.50772 0.0491093 0.0903561
4 0.406499 0.552814 0.0332519 0.0779071
5 0.734495 0.505608 0.0322687 0.0789387
8 0.640508 0.547632 0.0311935 0.103174
6 0.4857 0.607783 0.044977 0.108751
18 0.730829 0.692901 0.0292006 0.128321
9 0.804817 0.580065 0.0266544 0.0976617
16 0.393628 0.628357 0.0266248 0.102331
12 0.761641 0.468821 0.0246773 0.0653058
17 0.670547 0.543226 0.0236357 0.0932982
5 0.78761 0.504494 0.0218028 0.0785037
0 0.53461 0.602675 0.0149372 0.0217231
8 0.669901 0.542593 0.0219069 0.0907319
7 0.788315 0.503659 0.0214865 0.0770589
1 0.846467 0.50772 0.0491093 0.0903561
4 0.406499 0.552814 0.0332519 0.0779071
5 0.734495 0.505608 0.0322687 0.0789387
8 0.640508 0.547632 0.0311935 0.103174
6 0.4857 0.607783 0.044977 0.108751
18 0.730829 0.692901 0.0292006 0.128321
9 0.804817 0.580065 0.0266544 0.0976617
16 0.393628 0.628357 0.0266248 0.102331
12 0.761641 0.468821 0.0246773 0.0653058
17 0.670547 0.543226 0.0236357 0.0932982
5 0.78761 0.504494 0.0218028 0.0785037
0 0.53461 0.602675 0.0149372 0.0217231
8 0.669901 0.542593 0.0219069 0.0907319
7 0.788315 0.503659 0.0214865 0.0770589
1 0.846467 0.50772 0.0491093 0.0903561
4 0.406499 0.552814 0.0332519 0.0779071
5 0.734495 0.505608 0.0322687 0.0789387
8 0.640508 0.547632 0.0311935 0.103174
6 0.4857 0.607783 0.044977 0.108751
18 0.730829 0.692901 0.0292006 0.128321
9 0.804817 0.580065 0.0266544 0.0976617
16 0.393628 0.628357 0.0266248 0.102331
12 0.761641 0.468821 0.0246773 0.0653058
17 0.670547 0.543226 0.0236357 0.0932982
5 0.78761 0.504494 0.0218028 0.0785037
0 0.53461 0.602675 0.0149372 0.0217231
8 0.669901 0.542593 0.0219069 0.0907319
7 0.788315 0.503659 0.0214865 0.0770589
