5 0.727775 0.515374 0.0443592 0.0758175
4 0.370298 0.548933 0.0314635 0.0903834
16 0.393886 0.638953 0.030421 0.104562
6 0.479426 0.603461 0.0291288 0.102881
12 0.763894 0.4694 0.0205694 0.0696544
18 0.732154 0.69487 0.0444738 0.128801
8 0.617481 0.543736 0.0217965 0.100563
9 0.806399 0.581241 0.0289221 0.101907
1 0.815872 0.494692 0.0319858 0.0819558
17 0.635357 0.538458 0.0189677 0.0889414
0 0.65845 0.562385 0.016976 0.0258593
12 0.815605 0.494659 0.0316364 0.0826427
8 0.635111 0.539251 0.0191128 0.0877465
6 0.39383 0.638689 0.0303231 0.104802
7 0.776576 0.536347 0.0215143 0.0397108
5 0.727775 0.515374 0.0443592 0.0758175
4 0.370298 0.548933 0.0314635 0.0903834
16 0.393886 0.638953 0.030421 0.104562
6 0.479426 0.603461 0.0291288 0.102881
12 0.763894 0.4694 0.0205694 0.0696544
18 0.732154 0.69487 0.0444738 0.128801
8 0.617481 0.543736 0.0217965 0.100563
9 0.806399 0.581241 0.0289221 0.101907
1 0.815872 0.494692 0.0319858 0.0819558
17 0.635357 0.538458 0.0189677 0.0889414
0 0.65845 0.562385 0.016976 0.0258593
12 0.815605 0.494659 0.0316364 0.0826427
8 0.635111 0.539251 0.0191128 0.0877465
6 0.39383 0.638689 0.0303231 0.104802
7 0.776576 0.536347 0.0215143 0.0397108
5 0.727775 0.515374 0.0443592 0.0758175
4 0.370298 0.548933 0.0314635 0.0903834
16 0.393886 0.638953 0.030421 0.104562
6 0.479426 0.603461 0.0291288 0.102881
12 0.763894 0.4694 0.0205694 0.0696544
18 0.732154 0.69487 0.0444738 0.128801
8 0.617481 0.543736 0.0217965 0.100563
9 0.806399 0.581241 0.0289221 0.101907
1 0.815872 0.494692 0.0319858 0.0819558
17 0.635357 0.538458 0.0189677 0.0889414
0 0.65845 0.562385 0.016976 0.0258593
12 0.815605 0.494659 0.0316364 0.0826427
8 0.635111 0.539251 0.0191128 0.0877465
6 0.39383 0.638689 0.0303231 0.104802
7 0.776576 0.536347 0.0215143 0.0397108
5 0.727775 0.515374 0.0443592 0.0758175
4 0.370298 0.548933 0.0314635 0.0903834
16 0.393886 0.638953 0.030421 0.104562
6 0.479426 0.603461 0.0291288 0.102881
12 0.763894 0.4694 0.0205694 0.0696544
18 0.732154 0.69487 0.0444738 0.128801
8 0.617481 0.543736 0.0217965 0.100563
9 0.806399 0.581241 0.0289221 0.101907
1 0.815872 0.494692 0.0319858 0.0819558
17 0.635357 0.538458 0.0189677 0.0889414
0 0.65845 0.562385 0.016976 0.0258593
12 0.815605 0.494659 0.0316364 0.0826427
8 0.635111 0.539251 0.0191128 0.0877465
6 0.39383 0.638689 0.0303231 0.104802
7 0.776576 0.536347 0.0215143 0.0397108
