4 0.317027 0.539054 0.0321438 0.101069
5 0.72369 0.503081 0.0357143 0.0870433
18 0.76183 0.699451 0.0428611 0.124819
8 0.597474 0.548744 0.0225552 0.0894678
6 0.830903 0.575582 0.0396175 0.103914
16 0.407735 0.653546 0.0362554 0.105979
6 0.49207 0.601869 0.0345558 0.105408
12 0.795644 0.450168 0.0181438 0.0469764
7 0.789555 0.502857 0.0269892 0.0689606
8 0.575395 0.538203 0.0267929 0.077422
4 0.317027 0.539054 0.0321438 0.101069
5 0.72369 0.503081 0.0357143 0.0870433
18 0.76183 0.699451 0.0428611 0.124819
8 0.597474 0.548744 0.0225552 0.0894678
6 0.830903 0.575582 0.0396175 0.103914
16 0.407735 0.653546 0.0362554 0.105979
6 0.49207 0.601869 0.0345558 0.105408
12 0.795644 0.450168 0.0181438 0.0469764
7 0.789555 0.502857 0.0269892 0.0689606
8 0.575395 0.538203 0.0267929 0.077422
4 0.317027 0.539054 0.0321438 0.101069
5 0.72369 0.503081 0.0357143 0.0870433
18 0.76183 0.699451 0.0428611 0.124819
8 0.597474 0.548744 0.0225552 0.0894678
6 0.830903 0.575582 0.0396175 0.103914
16 0.407735 0.653546 0.0362554 0.105979
6 0.49207 0.601869 0.0345558 0.105408
12 0.795644 0.450168 0.0181438 0.0469764
7 0.789555 0.502857 0.0269892 0.0689606
8 0.575395 0.538203 0.0267929 0.077422
4 0.317027 0.539054 0.0321438 0.101069
5 0.72369 0.503081 0.0357143 0.0870433
18 0.76183 0.699451 0.0428611 0.124819
8 0.597474 0.548744 0.0225552 0.0894678
6 0.830903 0.575582 0.0396175 0.103914
16 0.407735 0.653546 0.0362554 0.105979
6 0.49207 0.601869 0.0345558 0.105408
12 0.795644 0.450168 0.0181438 0.0469764
7 0.789555 0.502857 0.0269892 0.0689606
8 0.575395 0.538203 0.0267929 0.077422
