4 0.431445 0.556798 0.0318169 0.0851001
8 0.662009 0.542282 0.0287855 0.11076
6 0.493655 0.60212 0.0311629 0.102235
5 0.751445 0.50782 0.0292976 0.0869546
16 0.404031 0.624676 0.0279827 0.09713
1 0.85504 0.512446 0.0318146 0.0826815
18 0.739878 0.691619 0.035556 0.126013
9 0.816889 0.579681 0.0305466 0.103442
16 0.494161 0.601566 0.0323654 0.102781
12 0.772012 0.472317 0.0208009 0.0695045
7 0.752948 0.507778 0.0310755 0.0885527
5 0.79989 0.50164 0.0183756 0.0710921
4 0.431445 0.556798 0.0318169 0.0851001
8 0.662009 0.542282 0.0287855 0.11076
6 0.493655 0.60212 0.0311629 0.102235
5 0.751445 0.50782 0.0292976 0.0869546
16 0.404031 0.624676 0.0279827 0.09713
1 0.85504 0.512446 0.0318146 0.0826815
18 0.739878 0.691619 0.035556 0.126013
9 0.816889 0.579681 0.0305466 0.103442
16 0.494161 0.601566 0.0323654 0.102781
12 0.772012 0.472317 0.0208009 0.0695045
7 0.752948 0.507778 0.0310755 0.0885527
5 0.79989 0.50164 0.0183756 0.0710921
4 0.431445 0.556798 0.0318169 0.0851001
8 0.662009 0.542282 0.0287855 0.11076
6 0.493655 0.60212 0.0311629 0.102235
5 0.751445 0.50782 0.0292976 0.0869546
16 0.404031 0.624676 0.0279827 0.09713
1 0.85504 0.512446 0.0318146 0.0826815
18 0.739878 0.691619 0.035556 0.126013
9 0.816889 0.579681 0.0305466 0.103442
16 0.494161 0.601566 0.0323654 0.102781
12 0.772012 0.472317 0.0208009 0.0695045
7 0.752948 0.507778 0.0310755 0.0885527
5 0.79989 0.50164 0.0183756 0.0710921
4 0.431445 0.556798 0.0318169 0.0851001
8 0.662009 0.542282 0.0287855 0.11076
6 0.493655 0.60212 0.0311629 0.102235
5 0.751445 0.50782 0.0292976 0.0869546
16 0.404031 0.624676 0.0279827 0.09713
1 0.85504 0.512446 0.0318146 0.0826815
18 0.739878 0.691619 0.035556 0.126013
9 0.816889 0.579681 0.0305466 0.103442
16 0.494161 0.601566 0.0323654 0.102781
12 0.772012 0.472317 0.0208009 0.0695045
7 0.752948 0.507778 0.0310755 0.0885527
5 0.79989 0.50164 0.0183756 0.0710921
