5 0.659783 0.474368 0.0369675 0.100349
4 0.0144928 0.513647 0.0280124 0.108618
23 0.925972 0.596228 0.0376617 0.109759
18 0.833648 0.720318 0.0540596 0.130184
16 0.335398 0.750992 0.0378875 0.129807
9 0.451892 0.62417 0.0272294 0.101554
1 0.786457 0.437334 0.0268486 0.0826814
8 0.439182 0.565744 0.0322824 0.0936207
9 0.839781 0.577443 0.0426434 0.0735505
0 0.756845 0.466602 0.0157871 0.0239731
12 0.875718 0.454677 0.0316423 0.0875643
1 0.483607 0.575041 0.0315193 0.0914227
17 0.483098 0.574653 0.0310335 0.0894336
5 0.659783 0.474368 0.0369675 0.100349
4 0.0144928 0.513647 0.0280124 0.108618
23 0.925972 0.596228 0.0376617 0.109759
18 0.833648 0.720318 0.0540596 0.130184
16 0.335398 0.750992 0.0378875 0.129807
9 0.451892 0.62417 0.0272294 0.101554
1 0.786457 0.437334 0.0268486 0.0826814
8 0.439182 0.565744 0.0322824 0.0936207
9 0.839781 0.577443 0.0426434 0.0735505
0 0.756845 0.466602 0.0157871 0.0239731
12 0.875718 0.454677 0.0316423 0.0875643
1 0.483607 0.575041 0.0315193 0.0914227
17 0.483098 0.574653 0.0310335 0.0894336
5 0.659783 0.474368 0.0369675 0.100349
4 0.0144928 0.513647 0.0280124 0.108618
23 0.925972 0.596228 0.0376617 0.109759
18 0.833648 0.720318 0.0540596 0.130184
16 0.335398 0.750992 0.0378875 0.129807
9 0.451892 0.62417 0.0272294 0.101554
1 0.786457 0.437334 0.0268486 0.0826814
8 0.439182 0.565744 0.0322824 0.0936207
9 0.839781 0.577443 0.0426434 0.0735505
0 0.756845 0.466602 0.0157871 0.0239731
12 0.875718 0.454677 0.0316423 0.0875643
1 0.483607 0.575041 0.0315193 0.0914227
17 0.483098 0.574653 0.0310335 0.0894336
5 0.659783 0.474368 0.0369675 0.100349
4 0.0144928 0.513647 0.0280124 0.108618
23 0.925972 0.596228 0.0376617 0.109759
18 0.833648 0.720318 0.0540596 0.130184
16 0.335398 0.750992 0.0378875 0.129807
9 0.451892 0.62417 0.0272294 0.101554
1 0.786457 0.437334 0.0268486 0.0826814
8 0.439182 0.565744 0.0322824 0.0936207
9 0.839781 0.577443 0.0426434 0.0735505
0 0.756845 0.466602 0.0157871 0.0239731
12 0.875718 0.454677 0.0316423 0.0875643
1 0.483607 0.575041 0.0315193 0.0914227
17 0.483098 0.574653 0.0310335 0.0894336
