4 0.33656 0.541893 0.0325574 0.0933567
5 0.72317 0.504837 0.0367194 0.087301
18 0.748659 0.696505 0.0414768 0.13532
6 0.485968 0.602515 0.0279693 0.102412
16 0.402865 0.648715 0.0319066 0.110659
9 0.822407 0.579566 0.0268246 0.107021
12 0.783044 0.450793 0.0211256 0.0451124
8 0.610822 0.556471 0.0264851 0.0840632
8 0.59175 0.532823 0.0266965 0.0777335
17 0.591497 0.533521 0.0256777 0.0772447
6 0.822471 0.578531 0.0267879 0.106127
4 0.33656 0.541893 0.0325574 0.0933567
5 0.72317 0.504837 0.0367194 0.087301
18 0.748659 0.696505 0.0414768 0.13532
6 0.485968 0.602515 0.0279693 0.102412
16 0.402865 0.648715 0.0319066 0.110659
9 0.822407 0.579566 0.0268246 0.107021
12 0.783044 0.450793 0.0211256 0.0451124
8 0.610822 0.556471 0.0264851 0.0840632
8 0.59175 0.532823 0.0266965 0.0777335
17 0.591497 0.533521 0.0256777 0.0772447
6 0.822471 0.578531 0.0267879 0.106127
4 0.33656 0.541893 0.0325574 0.0933567
5 0.72317 0.504837 0.0367194 0.087301
18 0.748659 0.696505 0.0414768 0.13532
6 0.485968 0.602515 0.0279693 0.102412
16 0.402865 0.648715 0.0319066 0.110659
9 0.822407 0.579566 0.0268246 0.107021
12 0.783044 0.450793 0.0211256 0.0451124
8 0.610822 0.556471 0.0264851 0.0840632
8 0.59175 0.532823 0.0266965 0.0777335
17 0.591497 0.533521 0.0256777 0.0772447
6 0.822471 0.578531 0.0267879 0.106127
4 0.33656 0.541893 0.0325574 0.0933567
5 0.72317 0.504837 0.0367194 0.087301
18 0.748659 0.696505 0.0414768 0.13532
6 0.485968 0.602515 0.0279693 0.102412
16 0.402865 0.648715 0.0319066 0.110659
9 0.822407 0.579566 0.0268246 0.107021
12 0.783044 0.450793 0.0211256 0.0451124
8 0.610822 0.556471 0.0264851 0.0840632
8 0.59175 0.532823 0.0266965 0.0777335
17 0.591497 0.533521 0.0256777 0.0772447
6 0.822471 0.578531 0.0267879 0.106127
