1 0.950727 0.524687 0.0274189 0.104335
18 0.812078 0.705332 0.0310136 0.124973
16 0.458941 0.633468 0.0414497 0.0703248
9 0.878336 0.610783 0.0322521 0.0844505
8 0.751513 0.554962 0.0229638 0.104158
4 0.509061 0.580409 0.053207 0.0804013
6 0.556806 0.6124 0.0261131 0.107179
7 0.887744 0.522528 0.0252817 0.0944872
5 0.887248 0.523066 0.0269702 0.094979
1 0.950727 0.524687 0.0274189 0.104335
18 0.812078 0.705332 0.0310136 0.124973
16 0.458941 0.633468 0.0414497 0.0703248
9 0.878336 0.610783 0.0322521 0.0844505
8 0.751513 0.554962 0.0229638 0.104158
4 0.509061 0.580409 0.053207 0.0804013
6 0.556806 0.6124 0.0261131 0.107179
7 0.887744 0.522528 0.0252817 0.0944872
5 0.887248 0.523066 0.0269702 0.094979
1 0.950727 0.524687 0.0274189 0.104335
18 0.812078 0.705332 0.0310136 0.124973
16 0.458941 0.633468 0.0414497 0.0703248
9 0.878336 0.610783 0.0322521 0.0844505
8 0.751513 0.554962 0.0229638 0.104158
4 0.509061 0.580409 0.053207 0.0804013
6 0.556806 0.6124 0.0261131 0.107179
7 0.887744 0.522528 0.0252817 0.0944872
5 0.887248 0.523066 0.0269702 0.094979
1 0.950727 0.524687 0.0274189 0.104335
18 0.812078 0.705332 0.0310136 0.124973
16 0.458941 0.633468 0.0414497 0.0703248
9 0.878336 0.610783 0.0322521 0.0844505
8 0.751513 0.554962 0.0229638 0.104158
4 0.509061 0.580409 0.053207 0.0804013
6 0.556806 0.6124 0.0261131 0.107179
7 0.887744 0.522528 0.0252817 0.0944872
5 0.887248 0.523066 0.0269702 0.094979
