1 0.906468 0.520567 0.0335224 0.0921166
6 0.526302 0.607491 0.0298838 0.1028
4 0.484691 0.561623 0.0406475 0.0848884
8 0.709108 0.547756 0.031142 0.107783
18 0.776714 0.694185 0.0354658 0.125305
9 0.848801 0.588418 0.0281567 0.0966458
16 0.436352 0.617142 0.0339771 0.086391
17 0.763168 0.549931 0.0231003 0.0974878
1 0.906468 0.520567 0.0335224 0.0921166
6 0.526302 0.607491 0.0298838 0.1028
4 0.484691 0.561623 0.0406475 0.0848884
8 0.709108 0.547756 0.031142 0.107783
18 0.776714 0.694185 0.0354658 0.125305
9 0.848801 0.588418 0.0281567 0.0966458
16 0.436352 0.617142 0.0339771 0.086391
17 0.763168 0.549931 0.0231003 0.0974878
1 0.906468 0.520567 0.0335224 0.0921166
6 0.526302 0.607491 0.0298838 0.1028
4 0.484691 0.561623 0.0406475 0.0848884
8 0.709108 0.547756 0.031142 0.107783
18 0.776714 0.694185 0.0354658 0.125305
9 0.848801 0.588418 0.0281567 0.0966458
16 0.436352 0.617142 0.0339771 0.086391
17 0.763168 0.549931 0.0231003 0.0974878
1 0.906468 0.520567 0.0335224 0.0921166
6 0.526302 0.607491 0.0298838 0.1028
4 0.484691 0.561623 0.0406475 0.0848884
8 0.709108 0.547756 0.031142 0.107783
18 0.776714 0.694185 0.0354658 0.125305
9 0.848801 0.588418 0.0281567 0.0966458
16 0.436352 0.617142 0.0339771 0.086391
17 0.763168 0.549931 0.0231003 0.0974878
