5 0.711404 0.487085 0.03724 0.0894815
4 0.221574 0.522108 0.0272092 0.103823
9 0.841427 0.566845 0.0387144 0.10525
18 0.78384 0.695894 0.0441455 0.12405
8 0.515227 0.542609 0.0253124 0.0866648
16 0.377926 0.678672 0.0331585 0.109644
12 0.834502 0.457267 0.0261257 0.0857859
17 0.515183 0.542007 0.0241009 0.0875262
6 0.47645 0.596776 0.0344128 0.103313
1 0.834099 0.457808 0.0243622 0.0844713
7 0.799791 0.503858 0.0231094 0.0783024
12 0.811002 0.452699 0.016843 0.0534753
17 0.476688 0.598116 0.0327456 0.10651
17 0.54626 0.531186 0.0310402 0.0935753
5 0.711404 0.487085 0.03724 0.0894815
4 0.221574 0.522108 0.0272092 0.103823
9 0.841427 0.566845 0.0387144 0.10525
18 0.78384 0.695894 0.0441455 0.12405
8 0.515227 0.542609 0.0253124 0.0866648
16 0.377926 0.678672 0.0331585 0.109644
12 0.834502 0.457267 0.0261257 0.0857859
17 0.515183 0.542007 0.0241009 0.0875262
6 0.47645 0.596776 0.0344128 0.103313
1 0.834099 0.457808 0.0243622 0.0844713
7 0.799791 0.503858 0.0231094 0.0783024
12 0.811002 0.452699 0.016843 0.0534753
17 0.476688 0.598116 0.0327456 0.10651
17 0.54626 0.531186 0.0310402 0.0935753
5 0.711404 0.487085 0.03724 0.0894815
4 0.221574 0.522108 0.0272092 0.103823
9 0.841427 0.566845 0.0387144 0.10525
18 0.78384 0.695894 0.0441455 0.12405
8 0.515227 0.542609 0.0253124 0.0866648
16 0.377926 0.678672 0.0331585 0.109644
12 0.834502 0.457267 0.0261257 0.0857859
17 0.515183 0.542007 0.0241009 0.0875262
6 0.47645 0.596776 0.0344128 0.103313
1 0.834099 0.457808 0.0243622 0.0844713
7 0.799791 0.503858 0.0231094 0.0783024
12 0.811002 0.452699 0.016843 0.0534753
17 0.476688 0.598116 0.0327456 0.10651
17 0.54626 0.531186 0.0310402 0.0935753
5 0.711404 0.487085 0.03724 0.0894815
4 0.221574 0.522108 0.0272092 0.103823
9 0.841427 0.566845 0.0387144 0.10525
18 0.78384 0.695894 0.0441455 0.12405
8 0.515227 0.542609 0.0253124 0.0866648
16 0.377926 0.678672 0.0331585 0.109644
12 0.834502 0.457267 0.0261257 0.0857859
17 0.515183 0.542007 0.0241009 0.0875262
6 0.47645 0.596776 0.0344128 0.103313
1 0.834099 0.457808 0.0243622 0.0844713
7 0.799791 0.503858 0.0231094 0.0783024
12 0.811002 0.452699 0.016843 0.0534753
17 0.476688 0.598116 0.0327456 0.10651
17 0.54626 0.531186 0.0310402 0.0935753
