4 0.216794 0.521665 0.0286258 0.104633
5 0.708565 0.48523 0.0379911 0.0862942
9 0.842591 0.568328 0.0382141 0.108571
18 0.786493 0.696549 0.0504018 0.127432
16 0.377012 0.681035 0.0306895 0.115871
12 0.835935 0.455968 0.0252174 0.0834616
17 0.511351 0.54193 0.0250795 0.0854611
8 0.511069 0.543413 0.024847 0.0838935
6 0.47556 0.597739 0.0348346 0.102413
7 0.800566 0.503144 0.0243167 0.0835386
17 0.539666 0.53162 0.0254507 0.0921497
1 0.81067 0.453279 0.0192271 0.0597236
4 0.216794 0.521665 0.0286258 0.104633
5 0.708565 0.48523 0.0379911 0.0862942
9 0.842591 0.568328 0.0382141 0.108571
18 0.786493 0.696549 0.0504018 0.127432
16 0.377012 0.681035 0.0306895 0.115871
12 0.835935 0.455968 0.0252174 0.0834616
17 0.511351 0.54193 0.0250795 0.0854611
8 0.511069 0.543413 0.024847 0.0838935
6 0.47556 0.597739 0.0348346 0.102413
7 0.800566 0.503144 0.0243167 0.0835386
17 0.539666 0.53162 0.0254507 0.0921497
1 0.81067 0.453279 0.0192271 0.0597236
4 0.216794 0.521665 0.0286258 0.104633
5 0.708565 0.48523 0.0379911 0.0862942
9 0.842591 0.568328 0.0382141 0.108571
18 0.786493 0.696549 0.0504018 0.127432
16 0.377012 0.681035 0.0306895 0.115871
12 0.835935 0.455968 0.0252174 0.0834616
17 0.511351 0.54193 0.0250795 0.0854611
8 0.511069 0.543413 0.024847 0.0838935
6 0.47556 0.597739 0.0348346 0.102413
7 0.800566 0.503144 0.0243167 0.0835386
17 0.539666 0.53162 0.0254507 0.0921497
1 0.81067 0.453279 0.0192271 0.0597236
4 0.216794 0.521665 0.0286258 0.104633
5 0.708565 0.48523 0.0379911 0.0862942
9 0.842591 0.568328 0.0382141 0.108571
18 0.786493 0.696549 0.0504018 0.127432
16 0.377012 0.681035 0.0306895 0.115871
12 0.835935 0.455968 0.0252174 0.0834616
17 0.511351 0.54193 0.0250795 0.0854611
8 0.511069 0.543413 0.024847 0.0838935
6 0.47556 0.597739 0.0348346 0.102413
7 0.800566 0.503144 0.0243167 0.0835386
17 0.539666 0.53162 0.0254507 0.0921497
1 0.81067 0.453279 0.0192271 0.0597236
