18 0.84358 0.745934 0.0291405 0.134264
16 0.468743 0.665567 0.0394762 0.0572651
6 0.589629 0.640405 0.0322883 0.118936
12 0.81345 0.529458 0.0251526 0.0868661
4 0.50558 0.637703 0.0318953 0.0555944
1 0.813274 0.528923 0.024733 0.0870594
6 0.800325 0.600653 0.0257916 0.112803
9 0.89695 0.661795 0.0231998 0.0797438
7 0.948227 0.557414 0.0215828 0.106074
8 0.800192 0.600325 0.0247446 0.11214
9 0.902038 0.623504 0.0197266 0.0849822
5 0.901628 0.531326 0.0203915 0.0702832
18 0.84358 0.745934 0.0291405 0.134264
16 0.468743 0.665567 0.0394762 0.0572651
6 0.589629 0.640405 0.0322883 0.118936
12 0.81345 0.529458 0.0251526 0.0868661
4 0.50558 0.637703 0.0318953 0.0555944
1 0.813274 0.528923 0.024733 0.0870594
6 0.800325 0.600653 0.0257916 0.112803
9 0.89695 0.661795 0.0231998 0.0797438
7 0.948227 0.557414 0.0215828 0.106074
8 0.800192 0.600325 0.0247446 0.11214
9 0.902038 0.623504 0.0197266 0.0849822
5 0.901628 0.531326 0.0203915 0.0702832
18 0.84358 0.745934 0.0291405 0.134264
16 0.468743 0.665567 0.0394762 0.0572651
6 0.589629 0.640405 0.0322883 0.118936
12 0.81345 0.529458 0.0251526 0.0868661
4 0.50558 0.637703 0.0318953 0.0555944
1 0.813274 0.528923 0.024733 0.0870594
6 0.800325 0.600653 0.0257916 0.112803
9 0.89695 0.661795 0.0231998 0.0797438
7 0.948227 0.557414 0.0215828 0.106074
8 0.800192 0.600325 0.0247446 0.11214
9 0.902038 0.623504 0.0197266 0.0849822
5 0.901628 0.531326 0.0203915 0.0702832
18 0.84358 0.745934 0.0291405 0.134264
16 0.468743 0.665567 0.0394762 0.0572651
6 0.589629 0.640405 0.0322883 0.118936
12 0.81345 0.529458 0.0251526 0.0868661
4 0.50558 0.637703 0.0318953 0.0555944
1 0.813274 0.528923 0.024733 0.0870594
6 0.800325 0.600653 0.0257916 0.112803
9 0.89695 0.661795 0.0231998 0.0797438
7 0.948227 0.557414 0.0215828 0.106074
8 0.800192 0.600325 0.0247446 0.11214
9 0.902038 0.623504 0.0197266 0.0849822
5 0.901628 0.531326 0.0203915 0.0702832
