4 0.293764 0.534467 0.0301773 0.0975463
5 0.721758 0.501843 0.0416644 0.0826499
18 0.770485 0.696409 0.0394075 0.131607
16 0.403055 0.660657 0.031288 0.105879
6 0.492906 0.600623 0.0368614 0.10579
9 0.834444 0.579219 0.0291393 0.102838
8 0.583728 0.547837 0.0259268 0.0880405
8 0.56267 0.531366 0.024958 0.0709069
12 0.808458 0.451036 0.0191568 0.0433972
17 0.562383 0.532696 0.0240971 0.0737328
7 0.796613 0.502497 0.0170629 0.0784875
4 0.293764 0.534467 0.0301773 0.0975463
5 0.721758 0.501843 0.0416644 0.0826499
18 0.770485 0.696409 0.0394075 0.131607
16 0.403055 0.660657 0.031288 0.105879
6 0.492906 0.600623 0.0368614 0.10579
9 0.834444 0.579219 0.0291393 0.102838
8 0.583728 0.547837 0.0259268 0.0880405
8 0.56267 0.531366 0.024958 0.0709069
12 0.808458 0.451036 0.0191568 0.0433972
17 0.562383 0.532696 0.0240971 0.0737328
7 0.796613 0.502497 0.0170629 0.0784875
4 0.293764 0.534467 0.0301773 0.0975463
5 0.721758 0.501843 0.0416644 0.0826499
18 0.770485 0.696409 0.0394075 0.131607
16 0.403055 0.660657 0.031288 0.105879
6 0.492906 0.600623 0.0368614 0.10579
9 0.834444 0.579219 0.0291393 0.102838
8 0.583728 0.547837 0.0259268 0.0880405
8 0.56267 0.531366 0.024958 0.0709069
12 0.808458 0.451036 0.0191568 0.0433972
17 0.562383 0.532696 0.0240971 0.0737328
7 0.796613 0.502497 0.0170629 0.0784875
4 0.293764 0.534467 0.0301773 0.0975463
5 0.721758 0.501843 0.0416644 0.0826499
18 0.770485 0.696409 0.0394075 0.131607
16 0.403055 0.660657 0.031288 0.105879
6 0.492906 0.600623 0.0368614 0.10579
9 0.834444 0.579219 0.0291393 0.102838
8 0.583728 0.547837 0.0259268 0.0880405
8 0.56267 0.531366 0.024958 0.0709069
12 0.808458 0.451036 0.0191568 0.0433972
17 0.562383 0.532696 0.0240971 0.0737328
7 0.796613 0.502497 0.0170629 0.0784875
