5 0.724361 0.503996 0.0386354 0.0887777
4 0.331069 0.542767 0.0312346 0.0992083
18 0.752444 0.696209 0.0356084 0.132506
6 0.487152 0.60138 0.0275646 0.103554
12 0.786479 0.450407 0.0200851 0.0514462
8 0.588688 0.532529 0.0251938 0.0744194
9 0.823642 0.577935 0.0245686 0.102355
16 0.402318 0.649731 0.0297584 0.109168
8 0.609133 0.554391 0.0246349 0.0874144
7 0.785572 0.507502 0.0201111 0.0822633
6 0.823822 0.577453 0.0247803 0.102203
5 0.724361 0.503996 0.0386354 0.0887777
4 0.331069 0.542767 0.0312346 0.0992083
18 0.752444 0.696209 0.0356084 0.132506
6 0.487152 0.60138 0.0275646 0.103554
12 0.786479 0.450407 0.0200851 0.0514462
8 0.588688 0.532529 0.0251938 0.0744194
9 0.823642 0.577935 0.0245686 0.102355
16 0.402318 0.649731 0.0297584 0.109168
8 0.609133 0.554391 0.0246349 0.0874144
7 0.785572 0.507502 0.0201111 0.0822633
6 0.823822 0.577453 0.0247803 0.102203
5 0.724361 0.503996 0.0386354 0.0887777
4 0.331069 0.542767 0.0312346 0.0992083
18 0.752444 0.696209 0.0356084 0.132506
6 0.487152 0.60138 0.0275646 0.103554
12 0.786479 0.450407 0.0200851 0.0514462
8 0.588688 0.532529 0.0251938 0.0744194
9 0.823642 0.577935 0.0245686 0.102355
16 0.402318 0.649731 0.0297584 0.109168
8 0.609133 0.554391 0.0246349 0.0874144
7 0.785572 0.507502 0.0201111 0.0822633
6 0.823822 0.577453 0.0247803 0.102203
5 0.724361 0.503996 0.0386354 0.0887777
4 0.331069 0.542767 0.0312346 0.0992083
18 0.752444 0.696209 0.0356084 0.132506
6 0.487152 0.60138 0.0275646 0.103554
12 0.786479 0.450407 0.0200851 0.0514462
8 0.588688 0.532529 0.0251938 0.0744194
9 0.823642 0.577935 0.0245686 0.102355
16 0.402318 0.649731 0.0297584 0.109168
8 0.609133 0.554391 0.0246349 0.0874144
7 0.785572 0.507502 0.0201111 0.0822633
6 0.823822 0.577453 0.0247803 0.102203
