4 0.199516 0.516859 0.0287799 0.106335
18 0.793943 0.69799 0.0444305 0.13309
5 0.706034 0.483056 0.0430561 0.0924864
16 0.371971 0.687227 0.0322985 0.122111
9 0.841582 0.567666 0.0287411 0.101645
1 0.841248 0.454457 0.0361465 0.0777886
1 0.539296 0.530998 0.0344832 0.0937664
8 0.500537 0.54156 0.0290892 0.0891044
7 0.805368 0.504559 0.0256278 0.0674066
6 0.471615 0.596422 0.0279594 0.10629
1 0.811514 0.444526 0.0171581 0.0500788
8 0.47106 0.596379 0.0269165 0.108094
12 0.841487 0.454146 0.0344078 0.0794542
4 0.199516 0.516859 0.0287799 0.106335
18 0.793943 0.69799 0.0444305 0.13309
5 0.706034 0.483056 0.0430561 0.0924864
16 0.371971 0.687227 0.0322985 0.122111
9 0.841582 0.567666 0.0287411 0.101645
1 0.841248 0.454457 0.0361465 0.0777886
1 0.539296 0.530998 0.0344832 0.0937664
8 0.500537 0.54156 0.0290892 0.0891044
7 0.805368 0.504559 0.0256278 0.0674066
6 0.471615 0.596422 0.0279594 0.10629
1 0.811514 0.444526 0.0171581 0.0500788
8 0.47106 0.596379 0.0269165 0.108094
12 0.841487 0.454146 0.0344078 0.0794542
4 0.199516 0.516859 0.0287799 0.106335
18 0.793943 0.69799 0.0444305 0.13309
5 0.706034 0.483056 0.0430561 0.0924864
16 0.371971 0.687227 0.0322985 0.122111
9 0.841582 0.567666 0.0287411 0.101645
1 0.841248 0.454457 0.0361465 0.0777886
1 0.539296 0.530998 0.0344832 0.0937664
8 0.500537 0.54156 0.0290892 0.0891044
7 0.805368 0.504559 0.0256278 0.0674066
6 0.471615 0.596422 0.0279594 0.10629
1 0.811514 0.444526 0.0171581 0.0500788
8 0.47106 0.596379 0.0269165 0.108094
12 0.841487 0.454146 0.0344078 0.0794542
4 0.199516 0.516859 0.0287799 0.106335
18 0.793943 0.69799 0.0444305 0.13309
5 0.706034 0.483056 0.0430561 0.0924864
16 0.371971 0.687227 0.0322985 0.122111
9 0.841582 0.567666 0.0287411 0.101645
1 0.841248 0.454457 0.0361465 0.0777886
1 0.539296 0.530998 0.0344832 0.0937664
8 0.500537 0.54156 0.0290892 0.0891044
7 0.805368 0.504559 0.0256278 0.0674066
6 0.471615 0.596422 0.0279594 0.10629
1 0.811514 0.444526 0.0171581 0.0500788
8 0.47106 0.596379 0.0269165 0.108094
12 0.841487 0.454146 0.0344078 0.0794542
