4 0.463354 0.559465 0.0397711 0.0824681
6 0.510635 0.604897 0.0286701 0.103089
1 0.884707 0.512763 0.0339466 0.0908086
9 0.834417 0.587957 0.0340139 0.0938921
8 0.687723 0.54101 0.0236691 0.112043
18 0.758959 0.692475 0.0314508 0.125409
12 0.789711 0.464445 0.0162402 0.0500039
7 0.784199 0.517127 0.0215973 0.0673058
16 0.419467 0.617366 0.029221 0.0927812
4 0.463354 0.559465 0.0397711 0.0824681
6 0.510635 0.604897 0.0286701 0.103089
1 0.884707 0.512763 0.0339466 0.0908086
9 0.834417 0.587957 0.0340139 0.0938921
8 0.687723 0.54101 0.0236691 0.112043
18 0.758959 0.692475 0.0314508 0.125409
12 0.789711 0.464445 0.0162402 0.0500039
7 0.784199 0.517127 0.0215973 0.0673058
16 0.419467 0.617366 0.029221 0.0927812
4 0.463354 0.559465 0.0397711 0.0824681
6 0.510635 0.604897 0.0286701 0.103089
1 0.884707 0.512763 0.0339466 0.0908086
9 0.834417 0.587957 0.0340139 0.0938921
8 0.687723 0.54101 0.0236691 0.112043
18 0.758959 0.692475 0.0314508 0.125409
12 0.789711 0.464445 0.0162402 0.0500039
7 0.784199 0.517127 0.0215973 0.0673058
16 0.419467 0.617366 0.029221 0.0927812
4 0.463354 0.559465 0.0397711 0.0824681
6 0.510635 0.604897 0.0286701 0.103089
1 0.884707 0.512763 0.0339466 0.0908086
9 0.834417 0.587957 0.0340139 0.0938921
8 0.687723 0.54101 0.0236691 0.112043
18 0.758959 0.692475 0.0314508 0.125409
12 0.789711 0.464445 0.0162402 0.0500039
7 0.784199 0.517127 0.0215973 0.0673058
16 0.419467 0.617366 0.029221 0.0927812
