23 0.910326 0.592514 0.0292046 0.109495
18 0.833043 0.716753 0.049818 0.135119
5 0.648626 0.464976 0.0371667 0.0962623
1 0.776945 0.429093 0.0282845 0.0795831
1 0.875817 0.446412 0.0384922 0.0908893
16 0.328254 0.755488 0.0365972 0.140208
9 0.829647 0.568013 0.0364063 0.0987981
1 0.472573 0.572688 0.0325512 0.0923286
9 0.442549 0.616109 0.0254305 0.0977386
8 0.438061 0.544866 0.026848 0.0741721
23 0.910326 0.592514 0.0292046 0.109495
18 0.833043 0.716753 0.049818 0.135119
5 0.648626 0.464976 0.0371667 0.0962623
1 0.776945 0.429093 0.0282845 0.0795831
1 0.875817 0.446412 0.0384922 0.0908893
16 0.328254 0.755488 0.0365972 0.140208
9 0.829647 0.568013 0.0364063 0.0987981
1 0.472573 0.572688 0.0325512 0.0923286
9 0.442549 0.616109 0.0254305 0.0977386
8 0.438061 0.544866 0.026848 0.0741721
23 0.910326 0.592514 0.0292046 0.109495
18 0.833043 0.716753 0.049818 0.135119
5 0.648626 0.464976 0.0371667 0.0962623
1 0.776945 0.429093 0.0282845 0.0795831
1 0.875817 0.446412 0.0384922 0.0908893
16 0.328254 0.755488 0.0365972 0.140208
9 0.829647 0.568013 0.0364063 0.0987981
1 0.472573 0.572688 0.0325512 0.0923286
9 0.442549 0.616109 0.0254305 0.0977386
8 0.438061 0.544866 0.026848 0.0741721
23 0.910326 0.592514 0.0292046 0.109495
18 0.833043 0.716753 0.049818 0.135119
5 0.648626 0.464976 0.0371667 0.0962623
1 0.776945 0.429093 0.0282845 0.0795831
1 0.875817 0.446412 0.0384922 0.0908893
16 0.328254 0.755488 0.0365972 0.140208
9 0.829647 0.568013 0.0364063 0.0987981
1 0.472573 0.572688 0.0325512 0.0923286
9 0.442549 0.616109 0.0254305 0.0977386
8 0.438061 0.544866 0.026848 0.0741721
