4 0.423185 0.55554 0.0340891 0.0828927
1 0.855588 0.514054 0.0441747 0.0824636
8 0.654462 0.544705 0.0298477 0.105078
5 0.743797 0.50896 0.0306327 0.0858917
9 0.812981 0.579839 0.0281181 0.100063
6 0.490523 0.603953 0.0332983 0.105797
12 0.768514 0.470369 0.0208555 0.0631257
16 0.399984 0.625848 0.0258356 0.102291
18 0.735849 0.689486 0.0372463 0.130765
8 0.685441 0.545069 0.0226377 0.0949554
17 0.68555 0.544791 0.0224419 0.0957413
5 0.796282 0.505724 0.0198458 0.0760312
4 0.423185 0.55554 0.0340891 0.0828927
1 0.855588 0.514054 0.0441747 0.0824636
8 0.654462 0.544705 0.0298477 0.105078
5 0.743797 0.50896 0.0306327 0.0858917
9 0.812981 0.579839 0.0281181 0.100063
6 0.490523 0.603953 0.0332983 0.105797
12 0.768514 0.470369 0.0208555 0.0631257
16 0.399984 0.625848 0.0258356 0.102291
18 0.735849 0.689486 0.0372463 0.130765
8 0.685441 0.545069 0.0226377 0.0949554
17 0.68555 0.544791 0.0224419 0.0957413
5 0.796282 0.505724 0.0198458 0.0760312
4 0.423185 0.55554 0.0340891 0.0828927
1 0.855588 0.514054 0.0441747 0.0824636
8 0.654462 0.544705 0.0298477 0.105078
5 0.743797 0.50896 0.0306327 0.0858917
9 0.812981 0.579839 0.0281181 0.100063
6 0.490523 0.603953 0.0332983 0.105797
12 0.768514 0.470369 0.0208555 0.0631257
16 0.399984 0.625848 0.0258356 0.102291
18 0.735849 0.689486 0.0372463 0.130765
8 0.685441 0.545069 0.0226377 0.0949554
17 0.68555 0.544791 0.0224419 0.0957413
5 0.796282 0.505724 0.0198458 0.0760312
4 0.423185 0.55554 0.0340891 0.0828927
1 0.855588 0.514054 0.0441747 0.0824636
8 0.654462 0.544705 0.0298477 0.105078
5 0.743797 0.50896 0.0306327 0.0858917
9 0.812981 0.579839 0.0281181 0.100063
6 0.490523 0.603953 0.0332983 0.105797
12 0.768514 0.470369 0.0208555 0.0631257
16 0.399984 0.625848 0.0258356 0.102291
18 0.735849 0.689486 0.0372463 0.130765
8 0.685441 0.545069 0.0226377 0.0949554
17 0.68555 0.544791 0.0224419 0.0957413
5 0.796282 0.505724 0.0198458 0.0760312
