5 0.717234 0.498666 0.0376575 0.0852104
4 0.282426 0.5333 0.029072 0.0970154
18 0.769155 0.697004 0.0337236 0.129872
16 0.399193 0.665146 0.0283788 0.115067
9 0.835929 0.575711 0.0299997 0.105766
8 0.489401 0.600407 0.0286966 0.101225
1 0.813277 0.46266 0.0213509 0.0652686
6 0.836075 0.575348 0.0327585 0.105627
8 0.57411 0.547059 0.0266955 0.0854418
12 0.812678 0.462832 0.0208488 0.0641812
0 0.469912 0.622093 0.00907955 0.0198116
17 0.55579 0.530794 0.0219454 0.076456
5 0.717234 0.498666 0.0376575 0.0852104
4 0.282426 0.5333 0.029072 0.0970154
18 0.769155 0.697004 0.0337236 0.129872
16 0.399193 0.665146 0.0283788 0.115067
9 0.835929 0.575711 0.0299997 0.105766
8 0.489401 0.600407 0.0286966 0.101225
1 0.813277 0.46266 0.0213509 0.0652686
6 0.836075 0.575348 0.0327585 0.105627
8 0.57411 0.547059 0.0266955 0.0854418
12 0.812678 0.462832 0.0208488 0.0641812
0 0.469912 0.622093 0.00907955 0.0198116
17 0.55579 0.530794 0.0219454 0.076456
5 0.717234 0.498666 0.0376575 0.0852104
4 0.282426 0.5333 0.029072 0.0970154
18 0.769155 0.697004 0.0337236 0.129872
16 0.399193 0.665146 0.0283788 0.115067
9 0.835929 0.575711 0.0299997 0.105766
8 0.489401 0.600407 0.0286966 0.101225
1 0.813277 0.46266 0.0213509 0.0652686
6 0.836075 0.575348 0.0327585 0.105627
8 0.57411 0.547059 0.0266955 0.0854418
12 0.812678 0.462832 0.0208488 0.0641812
0 0.469912 0.622093 0.00907955 0.0198116
17 0.55579 0.530794 0.0219454 0.076456
5 0.717234 0.498666 0.0376575 0.0852104
4 0.282426 0.5333 0.029072 0.0970154
18 0.769155 0.697004 0.0337236 0.129872
16 0.399193 0.665146 0.0283788 0.115067
9 0.835929 0.575711 0.0299997 0.105766
8 0.489401 0.600407 0.0286966 0.101225
1 0.813277 0.46266 0.0213509 0.0652686
6 0.836075 0.575348 0.0327585 0.105627
8 0.57411 0.547059 0.0266955 0.0854418
12 0.812678 0.462832 0.0208488 0.0641812
0 0.469912 0.622093 0.00907955 0.0198116
17 0.55579 0.530794 0.0219454 0.076456
