4 0.394518 0.549691 0.0297626 0.0704375
5 0.729832 0.505598 0.033331 0.0737567
6 0.475811 0.608245 0.0417603 0.103255
1 0.836383 0.5013 0.0489113 0.0885549
12 0.759032 0.467325 0.0245094 0.0741719
9 0.802931 0.580621 0.0290131 0.0992192
8 0.629848 0.547579 0.0282799 0.0975123
18 0.726868 0.695381 0.0298871 0.127451
16 0.392589 0.637353 0.0318405 0.0913114
17 0.655912 0.557413 0.0190216 0.0631755
4 0.394518 0.549691 0.0297626 0.0704375
5 0.729832 0.505598 0.033331 0.0737567
6 0.475811 0.608245 0.0417603 0.103255
1 0.836383 0.5013 0.0489113 0.0885549
12 0.759032 0.467325 0.0245094 0.0741719
9 0.802931 0.580621 0.0290131 0.0992192
8 0.629848 0.547579 0.0282799 0.0975123
18 0.726868 0.695381 0.0298871 0.127451
16 0.392589 0.637353 0.0318405 0.0913114
17 0.655912 0.557413 0.0190216 0.0631755
4 0.394518 0.549691 0.0297626 0.0704375
5 0.729832 0.505598 0.033331 0.0737567
6 0.475811 0.608245 0.0417603 0.103255
1 0.836383 0.5013 0.0489113 0.0885549
12 0.759032 0.467325 0.0245094 0.0741719
9 0.802931 0.580621 0.0290131 0.0992192
8 0.629848 0.547579 0.0282799 0.0975123
18 0.726868 0.695381 0.0298871 0.127451
16 0.392589 0.637353 0.0318405 0.0913114
17 0.655912 0.557413 0.0190216 0.0631755
4 0.394518 0.549691 0.0297626 0.0704375
5 0.729832 0.505598 0.033331 0.0737567
6 0.475811 0.608245 0.0417603 0.103255
1 0.836383 0.5013 0.0489113 0.0885549
12 0.759032 0.467325 0.0245094 0.0741719
9 0.802931 0.580621 0.0290131 0.0992192
8 0.629848 0.547579 0.0282799 0.0975123
18 0.726868 0.695381 0.0298871 0.127451
16 0.392589 0.637353 0.0318405 0.0913114
17 0.655912 0.557413 0.0190216 0.0631755
