5 0.731402 0.505168 0.0338207 0.0752591
4 0.401968 0.551267 0.0335988 0.0773368
9 0.803201 0.580102 0.0254711 0.0976019
1 0.841025 0.50502 0.0483677 0.0892542
6 0.481907 0.607101 0.0434702 0.104542
12 0.759567 0.466726 0.0229838 0.0696096
8 0.634595 0.547593 0.0271879 0.101065
18 0.728205 0.693454 0.0293612 0.125373
16 0.392696 0.633158 0.0297132 0.0965555
8 0.662995 0.540882 0.0229201 0.0944613
7 0.784796 0.504561 0.0240875 0.0796977
5 0.784917 0.50516 0.0238092 0.0800461
17 0.662975 0.540431 0.0228783 0.0956099
5 0.731402 0.505168 0.0338207 0.0752591
4 0.401968 0.551267 0.0335988 0.0773368
9 0.803201 0.580102 0.0254711 0.0976019
1 0.841025 0.50502 0.0483677 0.0892542
6 0.481907 0.607101 0.0434702 0.104542
12 0.759567 0.466726 0.0229838 0.0696096
8 0.634595 0.547593 0.0271879 0.101065
18 0.728205 0.693454 0.0293612 0.125373
16 0.392696 0.633158 0.0297132 0.0965555
8 0.662995 0.540882 0.0229201 0.0944613
7 0.784796 0.504561 0.0240875 0.0796977
5 0.784917 0.50516 0.0238092 0.0800461
17 0.662975 0.540431 0.0228783 0.0956099
5 0.731402 0.505168 0.0338207 0.0752591
4 0.401968 0.551267 0.0335988 0.0773368
9 0.803201 0.580102 0.0254711 0.0976019
1 0.841025 0.50502 0.0483677 0.0892542
6 0.481907 0.607101 0.0434702 0.104542
12 0.759567 0.466726 0.0229838 0.0696096
8 0.634595 0.547593 0.0271879 0.101065
18 0.728205 0.693454 0.0293612 0.125373
16 0.392696 0.633158 0.0297132 0.0965555
8 0.662995 0.540882 0.0229201 0.0944613
7 0.784796 0.504561 0.0240875 0.0796977
5 0.784917 0.50516 0.0238092 0.0800461
17 0.662975 0.540431 0.0228783 0.0956099
5 0.731402 0.505168 0.0338207 0.0752591
4 0.401968 0.551267 0.0335988 0.0773368
9 0.803201 0.580102 0.0254711 0.0976019
1 0.841025 0.50502 0.0483677 0.0892542
6 0.481907 0.607101 0.0434702 0.104542
12 0.759567 0.466726 0.0229838 0.0696096
8 0.634595 0.547593 0.0271879 0.101065
18 0.728205 0.693454 0.0293612 0.125373
16 0.392696 0.633158 0.0297132 0.0965555
8 0.662995 0.540882 0.0229201 0.0944613
7 0.784796 0.504561 0.0240875 0.0796977
5 0.784917 0.50516 0.0238092 0.0800461
17 0.662975 0.540431 0.0228783 0.0956099
