16 0.455927 0.628738 0.0414316 0.0756517
4 0.506468 0.572249 0.0320323 0.0816459
1 0.939951 0.523413 0.0284962 0.10324
18 0.80355 0.702439 0.0308964 0.123733
6 0.551458 0.608243 0.0233278 0.10124
8 0.744121 0.554854 0.0293674 0.109111
9 0.873538 0.599471 0.0340649 0.0871172
16 0.455927 0.628738 0.0414316 0.0756517
4 0.506468 0.572249 0.0320323 0.0816459
1 0.939951 0.523413 0.0284962 0.10324
18 0.80355 0.702439 0.0308964 0.123733
6 0.551458 0.608243 0.0233278 0.10124
8 0.744121 0.554854 0.0293674 0.109111
9 0.873538 0.599471 0.0340649 0.0871172
16 0.455927 0.628738 0.0414316 0.0756517
4 0.506468 0.572249 0.0320323 0.0816459
1 0.939951 0.523413 0.0284962 0.10324
18 0.80355 0.702439 0.0308964 0.123733
6 0.551458 0.608243 0.0233278 0.10124
8 0.744121 0.554854 0.0293674 0.109111
9 0.873538 0.599471 0.0340649 0.0871172
16 0.455927 0.628738 0.0414316 0.0756517
4 0.506468 0.572249 0.0320323 0.0816459
1 0.939951 0.523413 0.0284962 0.10324
18 0.80355 0.702439 0.0308964 0.123733
6 0.551458 0.608243 0.0233278 0.10124
8 0.744121 0.554854 0.0293674 0.109111
9 0.873538 0.599471 0.0340649 0.0871172
