23 0.916444 0.597437 0.0310787 0.114509
5 0.651784 0.466484 0.0352808 0.094628
18 0.835321 0.716527 0.0571419 0.131947
9 0.833823 0.567489 0.0402046 0.0907229
9 0.449427 0.620268 0.0292591 0.100678
16 0.33202 0.752195 0.0396516 0.134505
0 0.749612 0.459712 0.0153849 0.0230787
1 0.781021 0.43078 0.0314783 0.0794854
8 0.437432 0.551386 0.0308146 0.0838093
1 0.874712 0.446004 0.0376923 0.0806139
17 0.478657 0.574471 0.0355775 0.0920695
23 0.916444 0.597437 0.0310787 0.114509
5 0.651784 0.466484 0.0352808 0.094628
18 0.835321 0.716527 0.0571419 0.131947
9 0.833823 0.567489 0.0402046 0.0907229
9 0.449427 0.620268 0.0292591 0.100678
16 0.33202 0.752195 0.0396516 0.134505
0 0.749612 0.459712 0.0153849 0.0230787
1 0.781021 0.43078 0.0314783 0.0794854
8 0.437432 0.551386 0.0308146 0.0838093
1 0.874712 0.446004 0.0376923 0.0806139
17 0.478657 0.574471 0.0355775 0.0920695
23 0.916444 0.597437 0.0310787 0.114509
5 0.651784 0.466484 0.0352808 0.094628
18 0.835321 0.716527 0.0571419 0.131947
9 0.833823 0.567489 0.0402046 0.0907229
9 0.449427 0.620268 0.0292591 0.100678
16 0.33202 0.752195 0.0396516 0.134505
0 0.749612 0.459712 0.0153849 0.0230787
1 0.781021 0.43078 0.0314783 0.0794854
8 0.437432 0.551386 0.0308146 0.0838093
1 0.874712 0.446004 0.0376923 0.0806139
17 0.478657 0.574471 0.0355775 0.0920695
23 0.916444 0.597437 0.0310787 0.114509
5 0.651784 0.466484 0.0352808 0.094628
18 0.835321 0.716527 0.0571419 0.131947
9 0.833823 0.567489 0.0402046 0.0907229
9 0.449427 0.620268 0.0292591 0.100678
16 0.33202 0.752195 0.0396516 0.134505
0 0.749612 0.459712 0.0153849 0.0230787
1 0.781021 0.43078 0.0314783 0.0794854
8 0.437432 0.551386 0.0308146 0.0838093
1 0.874712 0.446004 0.0376923 0.0806139
17 0.478657 0.574471 0.0355775 0.0920695
