4 0.128104 0.5162 0.0291416 0.11298
6 0.468895 0.611168 0.0264696 0.0878489
5 0.699623 0.480476 0.0349106 0.0910601
18 0.826778 0.706247 0.058342 0.125863
16 0.361249 0.719759 0.0364117 0.129125
23 0.983242 0.592746 0.0315136 0.107731
8 0.473278 0.54247 0.0223792 0.0650103
9 0.860639 0.569944 0.0395924 0.106558
1 0.874548 0.454732 0.038002 0.0899946
1 0.814722 0.441456 0.0217537 0.0685492
12 0.81507 0.441119 0.021413 0.0672243
12 0.874193 0.455158 0.0377192 0.090721
7 0.826049 0.503483 0.0292381 0.0812194
1 0.535657 0.553876 0.0356133 0.0975073
4 0.128104 0.5162 0.0291416 0.11298
6 0.468895 0.611168 0.0264696 0.0878489
5 0.699623 0.480476 0.0349106 0.0910601
18 0.826778 0.706247 0.058342 0.125863
16 0.361249 0.719759 0.0364117 0.129125
23 0.983242 0.592746 0.0315136 0.107731
8 0.473278 0.54247 0.0223792 0.0650103
9 0.860639 0.569944 0.0395924 0.106558
1 0.874548 0.454732 0.038002 0.0899946
1 0.814722 0.441456 0.0217537 0.0685492
12 0.81507 0.441119 0.021413 0.0672243
12 0.874193 0.455158 0.0377192 0.090721
7 0.826049 0.503483 0.0292381 0.0812194
1 0.535657 0.553876 0.0356133 0.0975073
4 0.128104 0.5162 0.0291416 0.11298
6 0.468895 0.611168 0.0264696 0.0878489
5 0.699623 0.480476 0.0349106 0.0910601
18 0.826778 0.706247 0.058342 0.125863
16 0.361249 0.719759 0.0364117 0.129125
23 0.983242 0.592746 0.0315136 0.107731
8 0.473278 0.54247 0.0223792 0.0650103
9 0.860639 0.569944 0.0395924 0.106558
1 0.874548 0.454732 0.038002 0.0899946
1 0.814722 0.441456 0.0217537 0.0685492
12 0.81507 0.441119 0.021413 0.0672243
12 0.874193 0.455158 0.0377192 0.090721
7 0.826049 0.503483 0.0292381 0.0812194
1 0.535657 0.553876 0.0356133 0.0975073
4 0.128104 0.5162 0.0291416 0.11298
6 0.468895 0.611168 0.0264696 0.0878489
5 0.699623 0.480476 0.0349106 0.0910601
18 0.826778 0.706247 0.058342 0.125863
16 0.361249 0.719759 0.0364117 0.129125
23 0.983242 0.592746 0.0315136 0.107731
8 0.473278 0.54247 0.0223792 0.0650103
9 0.860639 0.569944 0.0395924 0.106558
1 0.874548 0.454732 0.038002 0.0899946
1 0.814722 0.441456 0.0217537 0.0685492
12 0.81507 0.441119 0.021413 0.0672243
12 0.874193 0.455158 0.0377192 0.090721
7 0.826049 0.503483 0.0292381 0.0812194
1 0.535657 0.553876 0.0356133 0.0975073
