18 0.836429 0.754379 0.0435425 0.141497
6 0.587316 0.644273 0.0290132 0.119063
16 0.464285 0.664796 0.0445843 0.0636729
9 0.894166 0.647975 0.0295872 0.123009
9 0.939798 0.616572 0.0248417 0.107353
12 0.789033 0.529489 0.0268052 0.0792618
8 0.799284 0.602766 0.0249252 0.112256
6 0.799116 0.602823 0.0244342 0.113312
1 0.788743 0.529343 0.0259792 0.0783288
8 0.892275 0.646653 0.0333336 0.120272
17 0.939709 0.618918 0.02691 0.106031
18 0.836429 0.754379 0.0435425 0.141497
6 0.587316 0.644273 0.0290132 0.119063
16 0.464285 0.664796 0.0445843 0.0636729
9 0.894166 0.647975 0.0295872 0.123009
9 0.939798 0.616572 0.0248417 0.107353
12 0.789033 0.529489 0.0268052 0.0792618
8 0.799284 0.602766 0.0249252 0.112256
6 0.799116 0.602823 0.0244342 0.113312
1 0.788743 0.529343 0.0259792 0.0783288
8 0.892275 0.646653 0.0333336 0.120272
17 0.939709 0.618918 0.02691 0.106031
18 0.836429 0.754379 0.0435425 0.141497
6 0.587316 0.644273 0.0290132 0.119063
16 0.464285 0.664796 0.0445843 0.0636729
9 0.894166 0.647975 0.0295872 0.123009
9 0.939798 0.616572 0.0248417 0.107353
12 0.789033 0.529489 0.0268052 0.0792618
8 0.799284 0.602766 0.0249252 0.112256
6 0.799116 0.602823 0.0244342 0.113312
1 0.788743 0.529343 0.0259792 0.0783288
8 0.892275 0.646653 0.0333336 0.120272
17 0.939709 0.618918 0.02691 0.106031
18 0.836429 0.754379 0.0435425 0.141497
6 0.587316 0.644273 0.0290132 0.119063
16 0.464285 0.664796 0.0445843 0.0636729
9 0.894166 0.647975 0.0295872 0.123009
9 0.939798 0.616572 0.0248417 0.107353
12 0.789033 0.529489 0.0268052 0.0792618
8 0.799284 0.602766 0.0249252 0.112256
6 0.799116 0.602823 0.0244342 0.113312
1 0.788743 0.529343 0.0259792 0.0783288
8 0.892275 0.646653 0.0333336 0.120272
17 0.939709 0.618918 0.02691 0.106031
