4 0.354202 0.544966 0.0324102 0.0994061
5 0.723577 0.510002 0.0486132 0.0753185
6 0.484355 0.608609 0.0439749 0.10585
16 0.396802 0.644463 0.032499 0.113122
12 0.770867 0.455762 0.0201206 0.0513741
18 0.736219 0.698049 0.0324154 0.131503
9 0.811519 0.577261 0.0235185 0.0944959
8 0.614358 0.54924 0.0320885 0.0994352
12 0.802063 0.50053 0.0251087 0.0756158
4 0.354202 0.544966 0.0324102 0.0994061
5 0.723577 0.510002 0.0486132 0.0753185
6 0.484355 0.608609 0.0439749 0.10585
16 0.396802 0.644463 0.032499 0.113122
12 0.770867 0.455762 0.0201206 0.0513741
18 0.736219 0.698049 0.0324154 0.131503
9 0.811519 0.577261 0.0235185 0.0944959
8 0.614358 0.54924 0.0320885 0.0994352
12 0.802063 0.50053 0.0251087 0.0756158
4 0.354202 0.544966 0.0324102 0.0994061
5 0.723577 0.510002 0.0486132 0.0753185
6 0.484355 0.608609 0.0439749 0.10585
16 0.396802 0.644463 0.032499 0.113122
12 0.770867 0.455762 0.0201206 0.0513741
18 0.736219 0.698049 0.0324154 0.131503
9 0.811519 0.577261 0.0235185 0.0944959
8 0.614358 0.54924 0.0320885 0.0994352
12 0.802063 0.50053 0.0251087 0.0756158
4 0.354202 0.544966 0.0324102 0.0994061
5 0.723577 0.510002 0.0486132 0.0753185
6 0.484355 0.608609 0.0439749 0.10585
16 0.396802 0.644463 0.032499 0.113122
12 0.770867 0.455762 0.0201206 0.0513741
18 0.736219 0.698049 0.0324154 0.131503
9 0.811519 0.577261 0.0235185 0.0944959
8 0.614358 0.54924 0.0320885 0.0994352
12 0.802063 0.50053 0.0251087 0.0756158
