18 0.839817 0.7501 0.0357767 0.137457
6 0.587924 0.642298 0.0287982 0.1185
9 0.93676 0.612771 0.0212658 0.110384
8 0.800393 0.601742 0.024304 0.113236
4 0.500827 0.635494 0.0308361 0.0696953
16 0.466347 0.662357 0.0457777 0.0645656
9 0.892504 0.67159 0.0254303 0.0696454
1 0.991927 0.570162 0.0161456 0.0961729
18 0.839817 0.7501 0.0357767 0.137457
6 0.587924 0.642298 0.0287982 0.1185
9 0.93676 0.612771 0.0212658 0.110384
8 0.800393 0.601742 0.024304 0.113236
4 0.500827 0.635494 0.0308361 0.0696953
16 0.466347 0.662357 0.0457777 0.0645656
9 0.892504 0.67159 0.0254303 0.0696454
1 0.991927 0.570162 0.0161456 0.0961729
18 0.839817 0.7501 0.0357767 0.137457
6 0.587924 0.642298 0.0287982 0.1185
9 0.93676 0.612771 0.0212658 0.110384
8 0.800393 0.601742 0.024304 0.113236
4 0.500827 0.635494 0.0308361 0.0696953
16 0.466347 0.662357 0.0457777 0.0645656
9 0.892504 0.67159 0.0254303 0.0696454
1 0.991927 0.570162 0.0161456 0.0961729
18 0.839817 0.7501 0.0357767 0.137457
6 0.587924 0.642298 0.0287982 0.1185
9 0.93676 0.612771 0.0212658 0.110384
8 0.800393 0.601742 0.024304 0.113236
4 0.500827 0.635494 0.0308361 0.0696953
16 0.466347 0.662357 0.0457777 0.0645656
9 0.892504 0.67159 0.0254303 0.0696454
1 0.991927 0.570162 0.0161456 0.0961729
