18 0.820323 0.714601 0.0347542 0.129098
16 0.460027 0.648576 0.0542319 0.0547031
9 0.885463 0.608978 0.0237013 0.100597
12 0.832995 0.495903 0.0213287 0.0795603
6 0.565427 0.618759 0.0244222 0.105429
1 0.963458 0.532459 0.0274967 0.105393
8 0.762825 0.564548 0.0255301 0.112978
5 0.899197 0.531415 0.0254364 0.0915887
16 0.462554 0.656593 0.0522873 0.0384521
1 0.833218 0.496737 0.022148 0.0793313
18 0.820323 0.714601 0.0347542 0.129098
16 0.460027 0.648576 0.0542319 0.0547031
9 0.885463 0.608978 0.0237013 0.100597
12 0.832995 0.495903 0.0213287 0.0795603
6 0.565427 0.618759 0.0244222 0.105429
1 0.963458 0.532459 0.0274967 0.105393
8 0.762825 0.564548 0.0255301 0.112978
5 0.899197 0.531415 0.0254364 0.0915887
16 0.462554 0.656593 0.0522873 0.0384521
1 0.833218 0.496737 0.022148 0.0793313
18 0.820323 0.714601 0.0347542 0.129098
16 0.460027 0.648576 0.0542319 0.0547031
9 0.885463 0.608978 0.0237013 0.100597
12 0.832995 0.495903 0.0213287 0.0795603
6 0.565427 0.618759 0.0244222 0.105429
1 0.963458 0.532459 0.0274967 0.105393
8 0.762825 0.564548 0.0255301 0.112978
5 0.899197 0.531415 0.0254364 0.0915887
16 0.462554 0.656593 0.0522873 0.0384521
1 0.833218 0.496737 0.022148 0.0793313
18 0.820323 0.714601 0.0347542 0.129098
16 0.460027 0.648576 0.0542319 0.0547031
9 0.885463 0.608978 0.0237013 0.100597
12 0.832995 0.495903 0.0213287 0.0795603
6 0.565427 0.618759 0.0244222 0.105429
1 0.963458 0.532459 0.0274967 0.105393
8 0.762825 0.564548 0.0255301 0.112978
5 0.899197 0.531415 0.0254364 0.0915887
16 0.462554 0.656593 0.0522873 0.0384521
1 0.833218 0.496737 0.022148 0.0793313
