4 0.0196562 0.515528 0.029243 0.113527
5 0.662799 0.473975 0.040217 0.100375
18 0.829088 0.722537 0.0566486 0.128169
1 0.788781 0.43813 0.0244564 0.0835094
16 0.334985 0.75137 0.0330781 0.131499
8 0.440985 0.569615 0.03081 0.095243
9 0.454322 0.623589 0.0269049 0.1054
12 0.8753 0.457973 0.0282767 0.0858468
0 0.760883 0.468539 0.0141674 0.0244274
9 0.837887 0.57349 0.031604 0.0875793
17 0.487087 0.57364 0.0307087 0.0864921
4 0.0196562 0.515528 0.029243 0.113527
5 0.662799 0.473975 0.040217 0.100375
18 0.829088 0.722537 0.0566486 0.128169
1 0.788781 0.43813 0.0244564 0.0835094
16 0.334985 0.75137 0.0330781 0.131499
8 0.440985 0.569615 0.03081 0.095243
9 0.454322 0.623589 0.0269049 0.1054
12 0.8753 0.457973 0.0282767 0.0858468
0 0.760883 0.468539 0.0141674 0.0244274
9 0.837887 0.57349 0.031604 0.0875793
17 0.487087 0.57364 0.0307087 0.0864921
4 0.0196562 0.515528 0.029243 0.113527
5 0.662799 0.473975 0.040217 0.100375
18 0.829088 0.722537 0.0566486 0.128169
1 0.788781 0.43813 0.0244564 0.0835094
16 0.334985 0.75137 0.0330781 0.131499
8 0.440985 0.569615 0.03081 0.095243
9 0.454322 0.623589 0.0269049 0.1054
12 0.8753 0.457973 0.0282767 0.0858468
0 0.760883 0.468539 0.0141674 0.0244274
9 0.837887 0.57349 0.031604 0.0875793
17 0.487087 0.57364 0.0307087 0.0864921
4 0.0196562 0.515528 0.029243 0.113527
5 0.662799 0.473975 0.040217 0.100375
18 0.829088 0.722537 0.0566486 0.128169
1 0.788781 0.43813 0.0244564 0.0835094
16 0.334985 0.75137 0.0330781 0.131499
8 0.440985 0.569615 0.03081 0.095243
9 0.454322 0.623589 0.0269049 0.1054
12 0.8753 0.457973 0.0282767 0.0858468
0 0.760883 0.468539 0.0141674 0.0244274
9 0.837887 0.57349 0.031604 0.0875793
17 0.487087 0.57364 0.0307087 0.0864921
