4 0.325906 0.539978 0.032959 0.0955938
5 0.724939 0.503778 0.0386753 0.0876242
6 0.487699 0.600986 0.0281678 0.104483
16 0.404348 0.652219 0.0313687 0.104786
9 0.825532 0.578986 0.0286064 0.102464
18 0.756343 0.697563 0.0321485 0.125482
8 0.602291 0.551023 0.0236364 0.090781
7 0.787209 0.507573 0.024674 0.0815784
6 0.825958 0.57868 0.0293995 0.101974
17 0.581138 0.536591 0.0240065 0.0741569
12 0.790456 0.449912 0.0221957 0.0522984
8 0.581115 0.538734 0.0255974 0.0792073
4 0.325906 0.539978 0.032959 0.0955938
5 0.724939 0.503778 0.0386753 0.0876242
6 0.487699 0.600986 0.0281678 0.104483
16 0.404348 0.652219 0.0313687 0.104786
9 0.825532 0.578986 0.0286064 0.102464
18 0.756343 0.697563 0.0321485 0.125482
8 0.602291 0.551023 0.0236364 0.090781
7 0.787209 0.507573 0.024674 0.0815784
6 0.825958 0.57868 0.0293995 0.101974
17 0.581138 0.536591 0.0240065 0.0741569
12 0.790456 0.449912 0.0221957 0.0522984
8 0.581115 0.538734 0.0255974 0.0792073
4 0.325906 0.539978 0.032959 0.0955938
5 0.724939 0.503778 0.0386753 0.0876242
6 0.487699 0.600986 0.0281678 0.104483
16 0.404348 0.652219 0.0313687 0.104786
9 0.825532 0.578986 0.0286064 0.102464
18 0.756343 0.697563 0.0321485 0.125482
8 0.602291 0.551023 0.0236364 0.090781
7 0.787209 0.507573 0.024674 0.0815784
6 0.825958 0.57868 0.0293995 0.101974
17 0.581138 0.536591 0.0240065 0.0741569
12 0.790456 0.449912 0.0221957 0.0522984
8 0.581115 0.538734 0.0255974 0.0792073
4 0.325906 0.539978 0.032959 0.0955938
5 0.724939 0.503778 0.0386753 0.0876242
6 0.487699 0.600986 0.0281678 0.104483
16 0.404348 0.652219 0.0313687 0.104786
9 0.825532 0.578986 0.0286064 0.102464
18 0.756343 0.697563 0.0321485 0.125482
8 0.602291 0.551023 0.0236364 0.090781
7 0.787209 0.507573 0.024674 0.0815784
6 0.825958 0.57868 0.0293995 0.101974
17 0.581138 0.536591 0.0240065 0.0741569
12 0.790456 0.449912 0.0221957 0.0522984
8 0.581115 0.538734 0.0255974 0.0792073
