4 0.313777 0.537516 0.0335292 0.0992681
5 0.723023 0.503999 0.0350799 0.0849715
8 0.594454 0.547251 0.0224868 0.0916892
18 0.764354 0.698301 0.0462295 0.1257
6 0.49348 0.602002 0.03957 0.106046
16 0.408043 0.658926 0.0370676 0.113425
6 0.834495 0.575406 0.0449936 0.1072
12 0.797747 0.448291 0.0175226 0.0494351
8 0.571943 0.538142 0.0256731 0.0777169
9 0.833273 0.574753 0.0410923 0.106762
7 0.790547 0.505349 0.0243612 0.077945
9 0.826878 0.575867 0.0299878 0.105378
4 0.313777 0.537516 0.0335292 0.0992681
5 0.723023 0.503999 0.0350799 0.0849715
8 0.594454 0.547251 0.0224868 0.0916892
18 0.764354 0.698301 0.0462295 0.1257
6 0.49348 0.602002 0.03957 0.106046
16 0.408043 0.658926 0.0370676 0.113425
6 0.834495 0.575406 0.0449936 0.1072
12 0.797747 0.448291 0.0175226 0.0494351
8 0.571943 0.538142 0.0256731 0.0777169
9 0.833273 0.574753 0.0410923 0.106762
7 0.790547 0.505349 0.0243612 0.077945
9 0.826878 0.575867 0.0299878 0.105378
4 0.313777 0.537516 0.0335292 0.0992681
5 0.723023 0.503999 0.0350799 0.0849715
8 0.594454 0.547251 0.0224868 0.0916892
18 0.764354 0.698301 0.0462295 0.1257
6 0.49348 0.602002 0.03957 0.106046
16 0.408043 0.658926 0.0370676 0.113425
6 0.834495 0.575406 0.0449936 0.1072
12 0.797747 0.448291 0.0175226 0.0494351
8 0.571943 0.538142 0.0256731 0.0777169
9 0.833273 0.574753 0.0410923 0.106762
7 0.790547 0.505349 0.0243612 0.077945
9 0.826878 0.575867 0.0299878 0.105378
4 0.313777 0.537516 0.0335292 0.0992681
5 0.723023 0.503999 0.0350799 0.0849715
8 0.594454 0.547251 0.0224868 0.0916892
18 0.764354 0.698301 0.0462295 0.1257
6 0.49348 0.602002 0.03957 0.106046
16 0.408043 0.658926 0.0370676 0.113425
6 0.834495 0.575406 0.0449936 0.1072
12 0.797747 0.448291 0.0175226 0.0494351
8 0.571943 0.538142 0.0256731 0.0777169
9 0.833273 0.574753 0.0410923 0.106762
7 0.790547 0.505349 0.0243612 0.077945
9 0.826878 0.575867 0.0299878 0.105378
