5 0.726788 0.51485 0.0420813 0.0793875
4 0.375929 0.551201 0.0330041 0.0850411
6 0.479168 0.603468 0.0296911 0.102411
12 0.76193 0.470284 0.0221399 0.0685956
16 0.391837 0.638696 0.0277205 0.103559
18 0.729455 0.694756 0.0470503 0.126839
9 0.805236 0.581524 0.030412 0.103497
8 0.619284 0.543134 0.0198717 0.0998103
1 0.818546 0.492579 0.0336824 0.0803416
6 0.39143 0.638393 0.026895 0.103186
17 0.63817 0.537664 0.0208458 0.0960066
17 0.619353 0.543715 0.0190773 0.102532
7 0.779532 0.507246 0.0167079 0.0722005
8 0.638136 0.536508 0.0212006 0.0975315
5 0.726788 0.51485 0.0420813 0.0793875
4 0.375929 0.551201 0.0330041 0.0850411
6 0.479168 0.603468 0.0296911 0.102411
12 0.76193 0.470284 0.0221399 0.0685956
16 0.391837 0.638696 0.0277205 0.103559
18 0.729455 0.694756 0.0470503 0.126839
9 0.805236 0.581524 0.030412 0.103497
8 0.619284 0.543134 0.0198717 0.0998103
1 0.818546 0.492579 0.0336824 0.0803416
6 0.39143 0.638393 0.026895 0.103186
17 0.63817 0.537664 0.0208458 0.0960066
17 0.619353 0.543715 0.0190773 0.102532
7 0.779532 0.507246 0.0167079 0.0722005
8 0.638136 0.536508 0.0212006 0.0975315
5 0.726788 0.51485 0.0420813 0.0793875
4 0.375929 0.551201 0.0330041 0.0850411
6 0.479168 0.603468 0.0296911 0.102411
12 0.76193 0.470284 0.0221399 0.0685956
16 0.391837 0.638696 0.0277205 0.103559
18 0.729455 0.694756 0.0470503 0.126839
9 0.805236 0.581524 0.030412 0.103497
8 0.619284 0.543134 0.0198717 0.0998103
1 0.818546 0.492579 0.0336824 0.0803416
6 0.39143 0.638393 0.026895 0.103186
17 0.63817 0.537664 0.0208458 0.0960066
17 0.619353 0.543715 0.0190773 0.102532
7 0.779532 0.507246 0.0167079 0.0722005
8 0.638136 0.536508 0.0212006 0.0975315
5 0.726788 0.51485 0.0420813 0.0793875
4 0.375929 0.551201 0.0330041 0.0850411
6 0.479168 0.603468 0.0296911 0.102411
12 0.76193 0.470284 0.0221399 0.0685956
16 0.391837 0.638696 0.0277205 0.103559
18 0.729455 0.694756 0.0470503 0.126839
9 0.805236 0.581524 0.030412 0.103497
8 0.619284 0.543134 0.0198717 0.0998103
1 0.818546 0.492579 0.0336824 0.0803416
6 0.39143 0.638393 0.026895 0.103186
17 0.63817 0.537664 0.0208458 0.0960066
17 0.619353 0.543715 0.0190773 0.102532
7 0.779532 0.507246 0.0167079 0.0722005
8 0.638136 0.536508 0.0212006 0.0975315
