4 0.145484 0.516219 0.0272713 0.113964
5 0.703729 0.48028 0.0354979 0.0977567
23 0.988634 0.59439 0.0227312 0.10994
9 0.856393 0.566874 0.0351082 0.105673
18 0.816782 0.707214 0.0437515 0.133763
16 0.367271 0.707179 0.0347546 0.125247
6 0.472029 0.603172 0.0265587 0.103716
8 0.480939 0.535403 0.0237892 0.0641545
12 0.868916 0.454416 0.0314941 0.0877858
7 0.819924 0.515684 0.0238964 0.058247
0 0.793409 0.482957 0.0132645 0.0214795
1 0.815119 0.442861 0.0247318 0.070674
1 0.86869 0.453906 0.0324347 0.091272
4 0.145484 0.516219 0.0272713 0.113964
5 0.703729 0.48028 0.0354979 0.0977567
23 0.988634 0.59439 0.0227312 0.10994
9 0.856393 0.566874 0.0351082 0.105673
18 0.816782 0.707214 0.0437515 0.133763
16 0.367271 0.707179 0.0347546 0.125247
6 0.472029 0.603172 0.0265587 0.103716
8 0.480939 0.535403 0.0237892 0.0641545
12 0.868916 0.454416 0.0314941 0.0877858
7 0.819924 0.515684 0.0238964 0.058247
0 0.793409 0.482957 0.0132645 0.0214795
1 0.815119 0.442861 0.0247318 0.070674
1 0.86869 0.453906 0.0324347 0.091272
4 0.145484 0.516219 0.0272713 0.113964
5 0.703729 0.48028 0.0354979 0.0977567
23 0.988634 0.59439 0.0227312 0.10994
9 0.856393 0.566874 0.0351082 0.105673
18 0.816782 0.707214 0.0437515 0.133763
16 0.367271 0.707179 0.0347546 0.125247
6 0.472029 0.603172 0.0265587 0.103716
8 0.480939 0.535403 0.0237892 0.0641545
12 0.868916 0.454416 0.0314941 0.0877858
7 0.819924 0.515684 0.0238964 0.058247
0 0.793409 0.482957 0.0132645 0.0214795
1 0.815119 0.442861 0.0247318 0.070674
1 0.86869 0.453906 0.0324347 0.091272
4 0.145484 0.516219 0.0272713 0.113964
5 0.703729 0.48028 0.0354979 0.0977567
23 0.988634 0.59439 0.0227312 0.10994
9 0.856393 0.566874 0.0351082 0.105673
18 0.816782 0.707214 0.0437515 0.133763
16 0.367271 0.707179 0.0347546 0.125247
6 0.472029 0.603172 0.0265587 0.103716
8 0.480939 0.535403 0.0237892 0.0641545
12 0.868916 0.454416 0.0314941 0.0877858
7 0.819924 0.515684 0.0238964 0.058247
0 0.793409 0.482957 0.0132645 0.0214795
1 0.815119 0.442861 0.0247318 0.070674
1 0.86869 0.453906 0.0324347 0.091272
