16 0.461266 0.653945 0.0515524 0.0435238
9 0.890004 0.611439 0.0263996 0.103885
8 0.768875 0.570848 0.0264831 0.11059
1 0.968138 0.54343 0.0317436 0.101176
9 0.857683 0.582773 0.0253128 0.0935813
12 0.833467 0.503203 0.0244419 0.0863668
18 0.825391 0.720002 0.0304321 0.128223
6 0.568059 0.6228 0.0264626 0.103435
4 0.519871 0.604286 0.0492949 0.0630148
7 0.863231 0.513074 0.0185486 0.0621757
17 0.857629 0.582647 0.0257214 0.09889
16 0.461266 0.653945 0.0515524 0.0435238
9 0.890004 0.611439 0.0263996 0.103885
8 0.768875 0.570848 0.0264831 0.11059
1 0.968138 0.54343 0.0317436 0.101176
9 0.857683 0.582773 0.0253128 0.0935813
12 0.833467 0.503203 0.0244419 0.0863668
18 0.825391 0.720002 0.0304321 0.128223
6 0.568059 0.6228 0.0264626 0.103435
4 0.519871 0.604286 0.0492949 0.0630148
7 0.863231 0.513074 0.0185486 0.0621757
17 0.857629 0.582647 0.0257214 0.09889
16 0.461266 0.653945 0.0515524 0.0435238
9 0.890004 0.611439 0.0263996 0.103885
8 0.768875 0.570848 0.0264831 0.11059
1 0.968138 0.54343 0.0317436 0.101176
9 0.857683 0.582773 0.0253128 0.0935813
12 0.833467 0.503203 0.0244419 0.0863668
18 0.825391 0.720002 0.0304321 0.128223
6 0.568059 0.6228 0.0264626 0.103435
4 0.519871 0.604286 0.0492949 0.0630148
7 0.863231 0.513074 0.0185486 0.0621757
17 0.857629 0.582647 0.0257214 0.09889
16 0.461266 0.653945 0.0515524 0.0435238
9 0.890004 0.611439 0.0263996 0.103885
8 0.768875 0.570848 0.0264831 0.11059
1 0.968138 0.54343 0.0317436 0.101176
9 0.857683 0.582773 0.0253128 0.0935813
12 0.833467 0.503203 0.0244419 0.0863668
18 0.825391 0.720002 0.0304321 0.128223
6 0.568059 0.6228 0.0264626 0.103435
4 0.519871 0.604286 0.0492949 0.0630148
7 0.863231 0.513074 0.0185486 0.0621757
17 0.857629 0.582647 0.0257214 0.09889
