4 0.19393 0.515638 0.0283122 0.105655
5 0.705816 0.482641 0.0435318 0.0912706
18 0.794419 0.699942 0.0393583 0.134878
9 0.844517 0.567191 0.0312033 0.103899
16 0.370693 0.687729 0.0319461 0.120016
1 0.844324 0.454254 0.0345608 0.0808441
1 0.538825 0.53208 0.0310171 0.0964708
7 0.805993 0.50052 0.0258736 0.0810662
8 0.497896 0.539538 0.0293537 0.0883304
8 0.47031 0.596078 0.0247965 0.106128
4 0.19393 0.515638 0.0283122 0.105655
5 0.705816 0.482641 0.0435318 0.0912706
18 0.794419 0.699942 0.0393583 0.134878
9 0.844517 0.567191 0.0312033 0.103899
16 0.370693 0.687729 0.0319461 0.120016
1 0.844324 0.454254 0.0345608 0.0808441
1 0.538825 0.53208 0.0310171 0.0964708
7 0.805993 0.50052 0.0258736 0.0810662
8 0.497896 0.539538 0.0293537 0.0883304
8 0.47031 0.596078 0.0247965 0.106128
4 0.19393 0.515638 0.0283122 0.105655
5 0.705816 0.482641 0.0435318 0.0912706
18 0.794419 0.699942 0.0393583 0.134878
9 0.844517 0.567191 0.0312033 0.103899
16 0.370693 0.687729 0.0319461 0.120016
1 0.844324 0.454254 0.0345608 0.0808441
1 0.538825 0.53208 0.0310171 0.0964708
7 0.805993 0.50052 0.0258736 0.0810662
8 0.497896 0.539538 0.0293537 0.0883304
8 0.47031 0.596078 0.0247965 0.106128
4 0.19393 0.515638 0.0283122 0.105655
5 0.705816 0.482641 0.0435318 0.0912706
18 0.794419 0.699942 0.0393583 0.134878
9 0.844517 0.567191 0.0312033 0.103899
16 0.370693 0.687729 0.0319461 0.120016
1 0.844324 0.454254 0.0345608 0.0808441
1 0.538825 0.53208 0.0310171 0.0964708
7 0.805993 0.50052 0.0258736 0.0810662
8 0.497896 0.539538 0.0293537 0.0883304
8 0.47031 0.596078 0.0247965 0.106128
