1 0.892937 0.516439 0.0372893 0.0864558
4 0.471702 0.559834 0.0387823 0.0835788
6 0.515593 0.60768 0.0325637 0.105317
8 0.694224 0.542354 0.0267237 0.116087
18 0.764392 0.693189 0.0312405 0.126047
9 0.83975 0.586727 0.0271631 0.0961334
16 0.426257 0.615468 0.0271551 0.0912172
12 0.795141 0.466597 0.0170341 0.0481137
7 0.790894 0.519219 0.0277521 0.0676284
1 0.892937 0.516439 0.0372893 0.0864558
4 0.471702 0.559834 0.0387823 0.0835788
6 0.515593 0.60768 0.0325637 0.105317
8 0.694224 0.542354 0.0267237 0.116087
18 0.764392 0.693189 0.0312405 0.126047
9 0.83975 0.586727 0.0271631 0.0961334
16 0.426257 0.615468 0.0271551 0.0912172
12 0.795141 0.466597 0.0170341 0.0481137
7 0.790894 0.519219 0.0277521 0.0676284
1 0.892937 0.516439 0.0372893 0.0864558
4 0.471702 0.559834 0.0387823 0.0835788
6 0.515593 0.60768 0.0325637 0.105317
8 0.694224 0.542354 0.0267237 0.116087
18 0.764392 0.693189 0.0312405 0.126047
9 0.83975 0.586727 0.0271631 0.0961334
16 0.426257 0.615468 0.0271551 0.0912172
12 0.795141 0.466597 0.0170341 0.0481137
7 0.790894 0.519219 0.0277521 0.0676284
1 0.892937 0.516439 0.0372893 0.0864558
4 0.471702 0.559834 0.0387823 0.0835788
6 0.515593 0.60768 0.0325637 0.105317
8 0.694224 0.542354 0.0267237 0.116087
18 0.764392 0.693189 0.0312405 0.126047
9 0.83975 0.586727 0.0271631 0.0961334
16 0.426257 0.615468 0.0271551 0.0912172
12 0.795141 0.466597 0.0170341 0.0481137
7 0.790894 0.519219 0.0277521 0.0676284
