4 0.389691 0.549278 0.031938 0.0730084
5 0.727642 0.508566 0.0365163 0.0756905
6 0.475133 0.608243 0.0398948 0.102217
8 0.626426 0.547575 0.0245997 0.0985364
12 0.759554 0.467956 0.0247075 0.0767525
0 0.582144 0.583123 0.0165242 0.0236715
18 0.726699 0.694436 0.0334843 0.122971
1 0.831965 0.499085 0.0486755 0.091632
16 0.392809 0.638121 0.0329906 0.101115
9 0.801662 0.577607 0.0278577 0.0982873
17 0.651021 0.53859 0.0220116 0.0976157
7 0.781862 0.501836 0.0186924 0.0804956
8 0.651094 0.53844 0.0226039 0.0987924
6 0.392098 0.638684 0.0325577 0.0971107
4 0.389691 0.549278 0.031938 0.0730084
5 0.727642 0.508566 0.0365163 0.0756905
6 0.475133 0.608243 0.0398948 0.102217
8 0.626426 0.547575 0.0245997 0.0985364
12 0.759554 0.467956 0.0247075 0.0767525
0 0.582144 0.583123 0.0165242 0.0236715
18 0.726699 0.694436 0.0334843 0.122971
1 0.831965 0.499085 0.0486755 0.091632
16 0.392809 0.638121 0.0329906 0.101115
9 0.801662 0.577607 0.0278577 0.0982873
17 0.651021 0.53859 0.0220116 0.0976157
7 0.781862 0.501836 0.0186924 0.0804956
8 0.651094 0.53844 0.0226039 0.0987924
6 0.392098 0.638684 0.0325577 0.0971107
4 0.389691 0.549278 0.031938 0.0730084
5 0.727642 0.508566 0.0365163 0.0756905
6 0.475133 0.608243 0.0398948 0.102217
8 0.626426 0.547575 0.0245997 0.0985364
12 0.759554 0.467956 0.0247075 0.0767525
0 0.582144 0.583123 0.0165242 0.0236715
18 0.726699 0.694436 0.0334843 0.122971
1 0.831965 0.499085 0.0486755 0.091632
16 0.392809 0.638121 0.0329906 0.101115
9 0.801662 0.577607 0.0278577 0.0982873
17 0.651021 0.53859 0.0220116 0.0976157
7 0.781862 0.501836 0.0186924 0.0804956
8 0.651094 0.53844 0.0226039 0.0987924
6 0.392098 0.638684 0.0325577 0.0971107
4 0.389691 0.549278 0.031938 0.0730084
5 0.727642 0.508566 0.0365163 0.0756905
6 0.475133 0.608243 0.0398948 0.102217
8 0.626426 0.547575 0.0245997 0.0985364
12 0.759554 0.467956 0.0247075 0.0767525
0 0.582144 0.583123 0.0165242 0.0236715
18 0.726699 0.694436 0.0334843 0.122971
1 0.831965 0.499085 0.0486755 0.091632
16 0.392809 0.638121 0.0329906 0.101115
9 0.801662 0.577607 0.0278577 0.0982873
17 0.651021 0.53859 0.0220116 0.0976157
7 0.781862 0.501836 0.0186924 0.0804956
8 0.651094 0.53844 0.0226039 0.0987924
6 0.392098 0.638684 0.0325577 0.0971107
