16 0.457646 0.63118 0.0449233 0.0743831
1 0.945823 0.522957 0.0273991 0.104006
18 0.808664 0.703651 0.0315505 0.126803
4 0.507929 0.577495 0.0435173 0.0792653
6 0.554072 0.607353 0.0238808 0.104224
8 0.748187 0.555048 0.0257339 0.108074
9 0.875685 0.600389 0.0354881 0.0986808
7 0.840665 0.51041 0.0198889 0.0997756
16 0.457646 0.63118 0.0449233 0.0743831
1 0.945823 0.522957 0.0273991 0.104006
18 0.808664 0.703651 0.0315505 0.126803
4 0.507929 0.577495 0.0435173 0.0792653
6 0.554072 0.607353 0.0238808 0.104224
8 0.748187 0.555048 0.0257339 0.108074
9 0.875685 0.600389 0.0354881 0.0986808
7 0.840665 0.51041 0.0198889 0.0997756
16 0.457646 0.63118 0.0449233 0.0743831
1 0.945823 0.522957 0.0273991 0.104006
18 0.808664 0.703651 0.0315505 0.126803
4 0.507929 0.577495 0.0435173 0.0792653
6 0.554072 0.607353 0.0238808 0.104224
8 0.748187 0.555048 0.0257339 0.108074
9 0.875685 0.600389 0.0354881 0.0986808
7 0.840665 0.51041 0.0198889 0.0997756
16 0.457646 0.63118 0.0449233 0.0743831
1 0.945823 0.522957 0.0273991 0.104006
18 0.808664 0.703651 0.0315505 0.126803
4 0.507929 0.577495 0.0435173 0.0792653
6 0.554072 0.607353 0.0238808 0.104224
8 0.748187 0.555048 0.0257339 0.108074
9 0.875685 0.600389 0.0354881 0.0986808
7 0.840665 0.51041 0.0198889 0.0997756
