4 0.289389 0.534312 0.0327828 0.0991002
5 0.719162 0.500484 0.0400377 0.0825989
18 0.770025 0.697788 0.0357795 0.134005
16 0.401944 0.663792 0.0310909 0.111428
9 0.836012 0.576385 0.0338032 0.101485
6 0.491776 0.600093 0.0329351 0.102149
8 0.577926 0.548267 0.0256875 0.0865929
17 0.55824 0.530121 0.0245046 0.0793393
8 0.560271 0.535001 0.0271594 0.0872833
4 0.289389 0.534312 0.0327828 0.0991002
5 0.719162 0.500484 0.0400377 0.0825989
18 0.770025 0.697788 0.0357795 0.134005
16 0.401944 0.663792 0.0310909 0.111428
9 0.836012 0.576385 0.0338032 0.101485
6 0.491776 0.600093 0.0329351 0.102149
8 0.577926 0.548267 0.0256875 0.0865929
17 0.55824 0.530121 0.0245046 0.0793393
8 0.560271 0.535001 0.0271594 0.0872833
4 0.289389 0.534312 0.0327828 0.0991002
5 0.719162 0.500484 0.0400377 0.0825989
18 0.770025 0.697788 0.0357795 0.134005
16 0.401944 0.663792 0.0310909 0.111428
9 0.836012 0.576385 0.0338032 0.101485
6 0.491776 0.600093 0.0329351 0.102149
8 0.577926 0.548267 0.0256875 0.0865929
17 0.55824 0.530121 0.0245046 0.0793393
8 0.560271 0.535001 0.0271594 0.0872833
4 0.289389 0.534312 0.0327828 0.0991002
5 0.719162 0.500484 0.0400377 0.0825989
18 0.770025 0.697788 0.0357795 0.134005
16 0.401944 0.663792 0.0310909 0.111428
9 0.836012 0.576385 0.0338032 0.101485
6 0.491776 0.600093 0.0329351 0.102149
8 0.577926 0.548267 0.0256875 0.0865929
17 0.55824 0.530121 0.0245046 0.0793393
8 0.560271 0.535001 0.0271594 0.0872833
