4 0.303862 0.533399 0.0325845 0.098096
18 0.769129 0.695554 0.0507592 0.119107
5 0.725994 0.506236 0.0313096 0.0793643
6 0.494393 0.601596 0.0432354 0.105456
9 0.833259 0.577368 0.0363358 0.11125
8 0.588022 0.548261 0.0259542 0.090566
16 0.406137 0.662258 0.0342905 0.112727
17 0.567021 0.535024 0.0238065 0.0726008
12 0.803707 0.445821 0.0149366 0.0378684
1 0.81345 0.492936 0.0203197 0.074386
7 0.794683 0.505934 0.0198362 0.0889381
4 0.303862 0.533399 0.0325845 0.098096
18 0.769129 0.695554 0.0507592 0.119107
5 0.725994 0.506236 0.0313096 0.0793643
6 0.494393 0.601596 0.0432354 0.105456
9 0.833259 0.577368 0.0363358 0.11125
8 0.588022 0.548261 0.0259542 0.090566
16 0.406137 0.662258 0.0342905 0.112727
17 0.567021 0.535024 0.0238065 0.0726008
12 0.803707 0.445821 0.0149366 0.0378684
1 0.81345 0.492936 0.0203197 0.074386
7 0.794683 0.505934 0.0198362 0.0889381
4 0.303862 0.533399 0.0325845 0.098096
18 0.769129 0.695554 0.0507592 0.119107
5 0.725994 0.506236 0.0313096 0.0793643
6 0.494393 0.601596 0.0432354 0.105456
9 0.833259 0.577368 0.0363358 0.11125
8 0.588022 0.548261 0.0259542 0.090566
16 0.406137 0.662258 0.0342905 0.112727
17 0.567021 0.535024 0.0238065 0.0726008
12 0.803707 0.445821 0.0149366 0.0378684
1 0.81345 0.492936 0.0203197 0.074386
7 0.794683 0.505934 0.0198362 0.0889381
4 0.303862 0.533399 0.0325845 0.098096
18 0.769129 0.695554 0.0507592 0.119107
5 0.725994 0.506236 0.0313096 0.0793643
6 0.494393 0.601596 0.0432354 0.105456
9 0.833259 0.577368 0.0363358 0.11125
8 0.588022 0.548261 0.0259542 0.090566
16 0.406137 0.662258 0.0342905 0.112727
17 0.567021 0.535024 0.0238065 0.0726008
12 0.803707 0.445821 0.0149366 0.0378684
1 0.81345 0.492936 0.0203197 0.074386
7 0.794683 0.505934 0.0198362 0.0889381
