18 0.834281 0.757449 0.0422485 0.141278
6 0.586987 0.646696 0.0286813 0.11879
9 0.891116 0.651326 0.0344189 0.12262
16 0.465483 0.673735 0.0236185 0.0516924
8 0.798966 0.604892 0.0260615 0.112751
9 0.94322 0.622913 0.026199 0.0966943
8 0.890698 0.650459 0.0349945 0.121792
7 0.905605 0.545785 0.0202896 0.0887123
5 0.904859 0.544637 0.022156 0.0905908
18 0.834281 0.757449 0.0422485 0.141278
6 0.586987 0.646696 0.0286813 0.11879
9 0.891116 0.651326 0.0344189 0.12262
16 0.465483 0.673735 0.0236185 0.0516924
8 0.798966 0.604892 0.0260615 0.112751
9 0.94322 0.622913 0.026199 0.0966943
8 0.890698 0.650459 0.0349945 0.121792
7 0.905605 0.545785 0.0202896 0.0887123
5 0.904859 0.544637 0.022156 0.0905908
18 0.834281 0.757449 0.0422485 0.141278
6 0.586987 0.646696 0.0286813 0.11879
9 0.891116 0.651326 0.0344189 0.12262
16 0.465483 0.673735 0.0236185 0.0516924
8 0.798966 0.604892 0.0260615 0.112751
9 0.94322 0.622913 0.026199 0.0966943
8 0.890698 0.650459 0.0349945 0.121792
7 0.905605 0.545785 0.0202896 0.0887123
5 0.904859 0.544637 0.022156 0.0905908
18 0.834281 0.757449 0.0422485 0.141278
6 0.586987 0.646696 0.0286813 0.11879
9 0.891116 0.651326 0.0344189 0.12262
16 0.465483 0.673735 0.0236185 0.0516924
8 0.798966 0.604892 0.0260615 0.112751
9 0.94322 0.622913 0.026199 0.0966943
8 0.890698 0.650459 0.0349945 0.121792
7 0.905605 0.545785 0.0202896 0.0887123
5 0.904859 0.544637 0.022156 0.0905908
