5 0.722129 0.512564 0.0458256 0.0743434
16 0.39708 0.642839 0.0339271 0.112159
4 0.358474 0.545034 0.0308542 0.0951334
6 0.482412 0.605903 0.0355223 0.106493
9 0.811652 0.580367 0.0247997 0.0942193
12 0.768875 0.457397 0.0209494 0.0618972
18 0.735083 0.698036 0.0337643 0.126877
8 0.612376 0.54886 0.0239705 0.0955058
9 0.612694 0.550369 0.0256072 0.0963009
5 0.722129 0.512564 0.0458256 0.0743434
16 0.39708 0.642839 0.0339271 0.112159
4 0.358474 0.545034 0.0308542 0.0951334
6 0.482412 0.605903 0.0355223 0.106493
9 0.811652 0.580367 0.0247997 0.0942193
12 0.768875 0.457397 0.0209494 0.0618972
18 0.735083 0.698036 0.0337643 0.126877
8 0.612376 0.54886 0.0239705 0.0955058
9 0.612694 0.550369 0.0256072 0.0963009
5 0.722129 0.512564 0.0458256 0.0743434
16 0.39708 0.642839 0.0339271 0.112159
4 0.358474 0.545034 0.0308542 0.0951334
6 0.482412 0.605903 0.0355223 0.106493
9 0.811652 0.580367 0.0247997 0.0942193
12 0.768875 0.457397 0.0209494 0.0618972
18 0.735083 0.698036 0.0337643 0.126877
8 0.612376 0.54886 0.0239705 0.0955058
9 0.612694 0.550369 0.0256072 0.0963009
5 0.722129 0.512564 0.0458256 0.0743434
16 0.39708 0.642839 0.0339271 0.112159
4 0.358474 0.545034 0.0308542 0.0951334
6 0.482412 0.605903 0.0355223 0.106493
9 0.811652 0.580367 0.0247997 0.0942193
12 0.768875 0.457397 0.0209494 0.0618972
18 0.735083 0.698036 0.0337643 0.126877
8 0.612376 0.54886 0.0239705 0.0955058
9 0.612694 0.550369 0.0256072 0.0963009
