4 0.36635 0.547136 0.0319903 0.0917002
5 0.725977 0.513881 0.0451609 0.0728131
16 0.395683 0.639684 0.0332553 0.106144
6 0.479902 0.603901 0.0287296 0.103836
12 0.765101 0.466721 0.0207016 0.0639251
18 0.73289 0.696645 0.0416982 0.131286
8 0.615615 0.543855 0.022192 0.0986899
9 0.806602 0.581135 0.0271111 0.102797
17 0.634227 0.535265 0.0223024 0.0914224
12 0.810799 0.490597 0.0259261 0.0738946
1 0.81114 0.488939 0.0249943 0.0753733
7 0.777454 0.513994 0.023049 0.078138
4 0.36635 0.547136 0.0319903 0.0917002
5 0.725977 0.513881 0.0451609 0.0728131
16 0.395683 0.639684 0.0332553 0.106144
6 0.479902 0.603901 0.0287296 0.103836
12 0.765101 0.466721 0.0207016 0.0639251
18 0.73289 0.696645 0.0416982 0.131286
8 0.615615 0.543855 0.022192 0.0986899
9 0.806602 0.581135 0.0271111 0.102797
17 0.634227 0.535265 0.0223024 0.0914224
12 0.810799 0.490597 0.0259261 0.0738946
1 0.81114 0.488939 0.0249943 0.0753733
7 0.777454 0.513994 0.023049 0.078138
4 0.36635 0.547136 0.0319903 0.0917002
5 0.725977 0.513881 0.0451609 0.0728131
16 0.395683 0.639684 0.0332553 0.106144
6 0.479902 0.603901 0.0287296 0.103836
12 0.765101 0.466721 0.0207016 0.0639251
18 0.73289 0.696645 0.0416982 0.131286
8 0.615615 0.543855 0.022192 0.0986899
9 0.806602 0.581135 0.0271111 0.102797
17 0.634227 0.535265 0.0223024 0.0914224
12 0.810799 0.490597 0.0259261 0.0738946
1 0.81114 0.488939 0.0249943 0.0753733
7 0.777454 0.513994 0.023049 0.078138
4 0.36635 0.547136 0.0319903 0.0917002
5 0.725977 0.513881 0.0451609 0.0728131
16 0.395683 0.639684 0.0332553 0.106144
6 0.479902 0.603901 0.0287296 0.103836
12 0.765101 0.466721 0.0207016 0.0639251
18 0.73289 0.696645 0.0416982 0.131286
8 0.615615 0.543855 0.022192 0.0986899
9 0.806602 0.581135 0.0271111 0.102797
17 0.634227 0.535265 0.0223024 0.0914224
12 0.810799 0.490597 0.0259261 0.0738946
1 0.81114 0.488939 0.0249943 0.0753733
7 0.777454 0.513994 0.023049 0.078138
