18 0.836088 0.756225 0.0423344 0.140799
9 0.891776 0.649274 0.033009 0.119749
6 0.586608 0.645678 0.0270549 0.117705
8 0.798577 0.603745 0.0261869 0.113289
9 0.941893 0.625807 0.0265209 0.0893647
8 0.891431 0.648117 0.0333111 0.11796
6 0.798337 0.60371 0.0260417 0.114227
12 0.786921 0.530621 0.0270468 0.0825029
16 0.466348 0.673473 0.0308903 0.0496696
7 0.90445 0.541943 0.0209522 0.0851423
18 0.836088 0.756225 0.0423344 0.140799
9 0.891776 0.649274 0.033009 0.119749
6 0.586608 0.645678 0.0270549 0.117705
8 0.798577 0.603745 0.0261869 0.113289
9 0.941893 0.625807 0.0265209 0.0893647
8 0.891431 0.648117 0.0333111 0.11796
6 0.798337 0.60371 0.0260417 0.114227
12 0.786921 0.530621 0.0270468 0.0825029
16 0.466348 0.673473 0.0308903 0.0496696
7 0.90445 0.541943 0.0209522 0.0851423
18 0.836088 0.756225 0.0423344 0.140799
9 0.891776 0.649274 0.033009 0.119749
6 0.586608 0.645678 0.0270549 0.117705
8 0.798577 0.603745 0.0261869 0.113289
9 0.941893 0.625807 0.0265209 0.0893647
8 0.891431 0.648117 0.0333111 0.11796
6 0.798337 0.60371 0.0260417 0.114227
12 0.786921 0.530621 0.0270468 0.0825029
16 0.466348 0.673473 0.0308903 0.0496696
7 0.90445 0.541943 0.0209522 0.0851423
18 0.836088 0.756225 0.0423344 0.140799
9 0.891776 0.649274 0.033009 0.119749
6 0.586608 0.645678 0.0270549 0.117705
8 0.798577 0.603745 0.0261869 0.113289
9 0.941893 0.625807 0.0265209 0.0893647
8 0.891431 0.648117 0.0333111 0.11796
6 0.798337 0.60371 0.0260417 0.114227
12 0.786921 0.530621 0.0270468 0.0825029
16 0.466348 0.673473 0.0308903 0.0496696
7 0.90445 0.541943 0.0209522 0.0851423
