18 0.845658 0.743621 0.0389107 0.13402
4 0.505766 0.638117 0.0315606 0.0512163
9 0.894922 0.642911 0.0294163 0.109706
12 0.822967 0.529488 0.0328134 0.0897991
6 0.587481 0.638053 0.0292641 0.115978
16 0.470443 0.667678 0.0441935 0.0577995
8 0.798628 0.598337 0.029784 0.112161
1 0.823228 0.529878 0.0319531 0.0888838
7 0.896465 0.532673 0.0212208 0.0791619
18 0.845658 0.743621 0.0389107 0.13402
4 0.505766 0.638117 0.0315606 0.0512163
9 0.894922 0.642911 0.0294163 0.109706
12 0.822967 0.529488 0.0328134 0.0897991
6 0.587481 0.638053 0.0292641 0.115978
16 0.470443 0.667678 0.0441935 0.0577995
8 0.798628 0.598337 0.029784 0.112161
1 0.823228 0.529878 0.0319531 0.0888838
7 0.896465 0.532673 0.0212208 0.0791619
18 0.845658 0.743621 0.0389107 0.13402
4 0.505766 0.638117 0.0315606 0.0512163
9 0.894922 0.642911 0.0294163 0.109706
12 0.822967 0.529488 0.0328134 0.0897991
6 0.587481 0.638053 0.0292641 0.115978
16 0.470443 0.667678 0.0441935 0.0577995
8 0.798628 0.598337 0.029784 0.112161
1 0.823228 0.529878 0.0319531 0.0888838
7 0.896465 0.532673 0.0212208 0.0791619
18 0.845658 0.743621 0.0389107 0.13402
4 0.505766 0.638117 0.0315606 0.0512163
9 0.894922 0.642911 0.0294163 0.109706
12 0.822967 0.529488 0.0328134 0.0897991
6 0.587481 0.638053 0.0292641 0.115978
16 0.470443 0.667678 0.0441935 0.0577995
8 0.798628 0.598337 0.029784 0.112161
1 0.823228 0.529878 0.0319531 0.0888838
7 0.896465 0.532673 0.0212208 0.0791619
