6 0.497461 0.601041 0.0301972 0.105264
4 0.440418 0.557521 0.0353186 0.0835069
8 0.668093 0.541355 0.02836 0.111421
1 0.862089 0.516193 0.0352394 0.0843926
18 0.744524 0.692424 0.0340785 0.125351
9 0.821399 0.577728 0.0352615 0.10302
16 0.407137 0.622782 0.0275542 0.0947647
12 0.77655 0.471692 0.0241865 0.0701262
8 0.70363 0.547104 0.0258469 0.0950356
7 0.758508 0.505795 0.0293536 0.0881505
17 0.703797 0.547337 0.0245052 0.0950415
6 0.497461 0.601041 0.0301972 0.105264
4 0.440418 0.557521 0.0353186 0.0835069
8 0.668093 0.541355 0.02836 0.111421
1 0.862089 0.516193 0.0352394 0.0843926
18 0.744524 0.692424 0.0340785 0.125351
9 0.821399 0.577728 0.0352615 0.10302
16 0.407137 0.622782 0.0275542 0.0947647
12 0.77655 0.471692 0.0241865 0.0701262
8 0.70363 0.547104 0.0258469 0.0950356
7 0.758508 0.505795 0.0293536 0.0881505
17 0.703797 0.547337 0.0245052 0.0950415
6 0.497461 0.601041 0.0301972 0.105264
4 0.440418 0.557521 0.0353186 0.0835069
8 0.668093 0.541355 0.02836 0.111421
1 0.862089 0.516193 0.0352394 0.0843926
18 0.744524 0.692424 0.0340785 0.125351
9 0.821399 0.577728 0.0352615 0.10302
16 0.407137 0.622782 0.0275542 0.0947647
12 0.77655 0.471692 0.0241865 0.0701262
8 0.70363 0.547104 0.0258469 0.0950356
7 0.758508 0.505795 0.0293536 0.0881505
17 0.703797 0.547337 0.0245052 0.0950415
6 0.497461 0.601041 0.0301972 0.105264
4 0.440418 0.557521 0.0353186 0.0835069
8 0.668093 0.541355 0.02836 0.111421
1 0.862089 0.516193 0.0352394 0.0843926
18 0.744524 0.692424 0.0340785 0.125351
9 0.821399 0.577728 0.0352615 0.10302
16 0.407137 0.622782 0.0275542 0.0947647
12 0.77655 0.471692 0.0241865 0.0701262
8 0.70363 0.547104 0.0258469 0.0950356
7 0.758508 0.505795 0.0293536 0.0881505
17 0.703797 0.547337 0.0245052 0.0950415
