18 0.845551 0.744007 0.0341761 0.131134
4 0.505748 0.638669 0.0324549 0.0516296
12 0.820499 0.530121 0.02817 0.0852292
9 0.896292 0.643521 0.0277557 0.110894
6 0.588252 0.639607 0.0291382 0.116722
16 0.469643 0.667083 0.0425527 0.059031
8 0.799894 0.599041 0.0278294 0.111052
18 0.845551 0.744007 0.0341761 0.131134
4 0.505748 0.638669 0.0324549 0.0516296
12 0.820499 0.530121 0.02817 0.0852292
9 0.896292 0.643521 0.0277557 0.110894
6 0.588252 0.639607 0.0291382 0.116722
16 0.469643 0.667083 0.0425527 0.059031
8 0.799894 0.599041 0.0278294 0.111052
18 0.845551 0.744007 0.0341761 0.131134
4 0.505748 0.638669 0.0324549 0.0516296
12 0.820499 0.530121 0.02817 0.0852292
9 0.896292 0.643521 0.0277557 0.110894
6 0.588252 0.639607 0.0291382 0.116722
16 0.469643 0.667083 0.0425527 0.059031
8 0.799894 0.599041 0.0278294 0.111052
18 0.845551 0.744007 0.0341761 0.131134
4 0.505748 0.638669 0.0324549 0.0516296
12 0.820499 0.530121 0.02817 0.0852292
9 0.896292 0.643521 0.0277557 0.110894
6 0.588252 0.639607 0.0291382 0.116722
16 0.469643 0.667083 0.0425527 0.059031
8 0.799894 0.599041 0.0278294 0.111052
