4 0.272542 0.53221 0.0305712 0.0977685
5 0.719786 0.49507 0.0407074 0.0848608
18 0.772157 0.69647 0.0384106 0.127557
16 0.394502 0.667521 0.0292135 0.114191
9 0.837054 0.569085 0.0293552 0.104973
6 0.487968 0.597941 0.0289183 0.0990078
8 0.487829 0.597343 0.0290741 0.100435
8 0.56562 0.543878 0.0253729 0.0880756
1 0.814832 0.457474 0.0208328 0.0663508
4 0.272542 0.53221 0.0305712 0.0977685
5 0.719786 0.49507 0.0407074 0.0848608
18 0.772157 0.69647 0.0384106 0.127557
16 0.394502 0.667521 0.0292135 0.114191
9 0.837054 0.569085 0.0293552 0.104973
6 0.487968 0.597941 0.0289183 0.0990078
8 0.487829 0.597343 0.0290741 0.100435
8 0.56562 0.543878 0.0253729 0.0880756
1 0.814832 0.457474 0.0208328 0.0663508
4 0.272542 0.53221 0.0305712 0.0977685
5 0.719786 0.49507 0.0407074 0.0848608
18 0.772157 0.69647 0.0384106 0.127557
16 0.394502 0.667521 0.0292135 0.114191
9 0.837054 0.569085 0.0293552 0.104973
6 0.487968 0.597941 0.0289183 0.0990078
8 0.487829 0.597343 0.0290741 0.100435
8 0.56562 0.543878 0.0253729 0.0880756
1 0.814832 0.457474 0.0208328 0.0663508
4 0.272542 0.53221 0.0305712 0.0977685
5 0.719786 0.49507 0.0407074 0.0848608
18 0.772157 0.69647 0.0384106 0.127557
16 0.394502 0.667521 0.0292135 0.114191
9 0.837054 0.569085 0.0293552 0.104973
6 0.487968 0.597941 0.0289183 0.0990078
8 0.487829 0.597343 0.0290741 0.100435
8 0.56562 0.543878 0.0253729 0.0880756
1 0.814832 0.457474 0.0208328 0.0663508
