4 0.50391 0.571955 0.0319838 0.082149
1 0.935843 0.523322 0.0320333 0.100677
6 0.547366 0.606014 0.0239409 0.10385
16 0.446286 0.624102 0.0280058 0.0814211
9 0.870949 0.592639 0.0373886 0.0928748
18 0.799009 0.699161 0.0311371 0.125873
7 0.832865 0.54084 0.0223845 0.0431549
8 0.738483 0.554251 0.0306618 0.107894
12 0.817369 0.479148 0.0244579 0.0738971
12 0.936421 0.522411 0.0318036 0.0984743
4 0.50391 0.571955 0.0319838 0.082149
1 0.935843 0.523322 0.0320333 0.100677
6 0.547366 0.606014 0.0239409 0.10385
16 0.446286 0.624102 0.0280058 0.0814211
9 0.870949 0.592639 0.0373886 0.0928748
18 0.799009 0.699161 0.0311371 0.125873
7 0.832865 0.54084 0.0223845 0.0431549
8 0.738483 0.554251 0.0306618 0.107894
12 0.817369 0.479148 0.0244579 0.0738971
12 0.936421 0.522411 0.0318036 0.0984743
4 0.50391 0.571955 0.0319838 0.082149
1 0.935843 0.523322 0.0320333 0.100677
6 0.547366 0.606014 0.0239409 0.10385
16 0.446286 0.624102 0.0280058 0.0814211
9 0.870949 0.592639 0.0373886 0.0928748
18 0.799009 0.699161 0.0311371 0.125873
7 0.832865 0.54084 0.0223845 0.0431549
8 0.738483 0.554251 0.0306618 0.107894
12 0.817369 0.479148 0.0244579 0.0738971
12 0.936421 0.522411 0.0318036 0.0984743
4 0.50391 0.571955 0.0319838 0.082149
1 0.935843 0.523322 0.0320333 0.100677
6 0.547366 0.606014 0.0239409 0.10385
16 0.446286 0.624102 0.0280058 0.0814211
9 0.870949 0.592639 0.0373886 0.0928748
18 0.799009 0.699161 0.0311371 0.125873
7 0.832865 0.54084 0.0223845 0.0431549
8 0.738483 0.554251 0.0306618 0.107894
12 0.817369 0.479148 0.0244579 0.0738971
12 0.936421 0.522411 0.0318036 0.0984743
