4 0.18195 0.514885 0.0283677 0.106554
5 0.705677 0.482641 0.0403463 0.0892057
9 0.846379 0.559759 0.0301651 0.099666
18 0.797146 0.700778 0.0370606 0.12972
16 0.3705 0.68791 0.0342213 0.115318
1 0.848005 0.454301 0.0258362 0.0843413
8 0.493628 0.540367 0.029293 0.0922689
12 0.848462 0.453967 0.0256409 0.0821545
7 0.810964 0.498675 0.0227116 0.0820499
8 0.468262 0.600054 0.0247509 0.105634
6 0.468442 0.599923 0.0252465 0.104651
23 0.992436 0.592264 0.0151283 0.096562
18 0.370097 0.687729 0.0336617 0.114673
17 0.537819 0.53757 0.027565 0.09727
4 0.18195 0.514885 0.0283677 0.106554
5 0.705677 0.482641 0.0403463 0.0892057
9 0.846379 0.559759 0.0301651 0.099666
18 0.797146 0.700778 0.0370606 0.12972
16 0.3705 0.68791 0.0342213 0.115318
1 0.848005 0.454301 0.0258362 0.0843413
8 0.493628 0.540367 0.029293 0.0922689
12 0.848462 0.453967 0.0256409 0.0821545
7 0.810964 0.498675 0.0227116 0.0820499
8 0.468262 0.600054 0.0247509 0.105634
6 0.468442 0.599923 0.0252465 0.104651
23 0.992436 0.592264 0.0151283 0.096562
18 0.370097 0.687729 0.0336617 0.114673
17 0.537819 0.53757 0.027565 0.09727
4 0.18195 0.514885 0.0283677 0.106554
5 0.705677 0.482641 0.0403463 0.0892057
9 0.846379 0.559759 0.0301651 0.099666
18 0.797146 0.700778 0.0370606 0.12972
16 0.3705 0.68791 0.0342213 0.115318
1 0.848005 0.454301 0.0258362 0.0843413
8 0.493628 0.540367 0.029293 0.0922689
12 0.848462 0.453967 0.0256409 0.0821545
7 0.810964 0.498675 0.0227116 0.0820499
8 0.468262 0.600054 0.0247509 0.105634
6 0.468442 0.599923 0.0252465 0.104651
23 0.992436 0.592264 0.0151283 0.096562
18 0.370097 0.687729 0.0336617 0.114673
17 0.537819 0.53757 0.027565 0.09727
4 0.18195 0.514885 0.0283677 0.106554
5 0.705677 0.482641 0.0403463 0.0892057
9 0.846379 0.559759 0.0301651 0.099666
18 0.797146 0.700778 0.0370606 0.12972
16 0.3705 0.68791 0.0342213 0.115318
1 0.848005 0.454301 0.0258362 0.0843413
8 0.493628 0.540367 0.029293 0.0922689
12 0.848462 0.453967 0.0256409 0.0821545
7 0.810964 0.498675 0.0227116 0.0820499
8 0.468262 0.600054 0.0247509 0.105634
6 0.468442 0.599923 0.0252465 0.104651
23 0.992436 0.592264 0.0151283 0.096562
18 0.370097 0.687729 0.0336617 0.114673
17 0.537819 0.53757 0.027565 0.09727
