23 0.943817 0.602801 0.0284924 0.111229
4 0.0435595 0.517021 0.0292909 0.113301
5 0.674171 0.475759 0.0459484 0.097148
18 0.825353 0.721705 0.0567343 0.1362
1 0.795311 0.440584 0.0277905 0.083146
8 0.445913 0.563041 0.0243769 0.0859029
0 0.77087 0.473099 0.012678 0.0217339
6 0.458215 0.61783 0.0251167 0.10223
16 0.343138 0.747433 0.0334547 0.132558
9 0.844437 0.576596 0.0295403 0.100792
1 0.877839 0.458315 0.0414072 0.0866921
7 0.822245 0.501818 0.0248482 0.0863995
9 0.458315 0.615766 0.0235739 0.102188
17 0.499948 0.572065 0.0275251 0.0934632
23 0.943817 0.602801 0.0284924 0.111229
4 0.0435595 0.517021 0.0292909 0.113301
5 0.674171 0.475759 0.0459484 0.097148
18 0.825353 0.721705 0.0567343 0.1362
1 0.795311 0.440584 0.0277905 0.083146
8 0.445913 0.563041 0.0243769 0.0859029
0 0.77087 0.473099 0.012678 0.0217339
6 0.458215 0.61783 0.0251167 0.10223
16 0.343138 0.747433 0.0334547 0.132558
9 0.844437 0.576596 0.0295403 0.100792
1 0.877839 0.458315 0.0414072 0.0866921
7 0.822245 0.501818 0.0248482 0.0863995
9 0.458315 0.615766 0.0235739 0.102188
17 0.499948 0.572065 0.0275251 0.0934632
23 0.943817 0.602801 0.0284924 0.111229
4 0.0435595 0.517021 0.0292909 0.113301
5 0.674171 0.475759 0.0459484 0.097148
18 0.825353 0.721705 0.0567343 0.1362
1 0.795311 0.440584 0.0277905 0.083146
8 0.445913 0.563041 0.0243769 0.0859029
0 0.77087 0.473099 0.012678 0.0217339
6 0.458215 0.61783 0.0251167 0.10223
16 0.343138 0.747433 0.0334547 0.132558
9 0.844437 0.576596 0.0295403 0.100792
1 0.877839 0.458315 0.0414072 0.0866921
7 0.822245 0.501818 0.0248482 0.0863995
9 0.458315 0.615766 0.0235739 0.102188
17 0.499948 0.572065 0.0275251 0.0934632
23 0.943817 0.602801 0.0284924 0.111229
4 0.0435595 0.517021 0.0292909 0.113301
5 0.674171 0.475759 0.0459484 0.097148
18 0.825353 0.721705 0.0567343 0.1362
1 0.795311 0.440584 0.0277905 0.083146
8 0.445913 0.563041 0.0243769 0.0859029
0 0.77087 0.473099 0.012678 0.0217339
6 0.458215 0.61783 0.0251167 0.10223
16 0.343138 0.747433 0.0334547 0.132558
9 0.844437 0.576596 0.0295403 0.100792
1 0.877839 0.458315 0.0414072 0.0866921
7 0.822245 0.501818 0.0248482 0.0863995
9 0.458315 0.615766 0.0235739 0.102188
17 0.499948 0.572065 0.0275251 0.0934632
