4 0.456043 0.559942 0.0392199 0.0842647
1 0.877482 0.509726 0.0338894 0.0953101
8 0.680501 0.54062 0.0266513 0.112849
6 0.506338 0.6021 0.0282822 0.101043
9 0.828746 0.58059 0.0347916 0.101308
18 0.753568 0.692194 0.0315413 0.122792
16 0.414908 0.618791 0.0259016 0.0927998
12 0.783413 0.465769 0.018117 0.0547397
7 0.775824 0.517289 0.0232653 0.069465
4 0.456043 0.559942 0.0392199 0.0842647
1 0.877482 0.509726 0.0338894 0.0953101
8 0.680501 0.54062 0.0266513 0.112849
6 0.506338 0.6021 0.0282822 0.101043
9 0.828746 0.58059 0.0347916 0.101308
18 0.753568 0.692194 0.0315413 0.122792
16 0.414908 0.618791 0.0259016 0.0927998
12 0.783413 0.465769 0.018117 0.0547397
7 0.775824 0.517289 0.0232653 0.069465
4 0.456043 0.559942 0.0392199 0.0842647
1 0.877482 0.509726 0.0338894 0.0953101
8 0.680501 0.54062 0.0266513 0.112849
6 0.506338 0.6021 0.0282822 0.101043
9 0.828746 0.58059 0.0347916 0.101308
18 0.753568 0.692194 0.0315413 0.122792
16 0.414908 0.618791 0.0259016 0.0927998
12 0.783413 0.465769 0.018117 0.0547397
7 0.775824 0.517289 0.0232653 0.069465
4 0.456043 0.559942 0.0392199 0.0842647
1 0.877482 0.509726 0.0338894 0.0953101
8 0.680501 0.54062 0.0266513 0.112849
6 0.506338 0.6021 0.0282822 0.101043
9 0.828746 0.58059 0.0347916 0.101308
18 0.753568 0.692194 0.0315413 0.122792
16 0.414908 0.618791 0.0259016 0.0927998
12 0.783413 0.465769 0.018117 0.0547397
7 0.775824 0.517289 0.0232653 0.069465
