4 0.240052 0.524781 0.032238 0.100804
5 0.714391 0.487298 0.0362902 0.0884092
9 0.836635 0.569121 0.0294451 0.0995673
18 0.778658 0.695043 0.036212 0.131028
16 0.382492 0.675724 0.0305419 0.114451
6 0.479338 0.596564 0.0283892 0.107509
8 0.528148 0.54337 0.0224529 0.0849791
4 0.240052 0.524781 0.032238 0.100804
5 0.714391 0.487298 0.0362902 0.0884092
9 0.836635 0.569121 0.0294451 0.0995673
18 0.778658 0.695043 0.036212 0.131028
16 0.382492 0.675724 0.0305419 0.114451
6 0.479338 0.596564 0.0283892 0.107509
8 0.528148 0.54337 0.0224529 0.0849791
4 0.240052 0.524781 0.032238 0.100804
5 0.714391 0.487298 0.0362902 0.0884092
9 0.836635 0.569121 0.0294451 0.0995673
18 0.778658 0.695043 0.036212 0.131028
16 0.382492 0.675724 0.0305419 0.114451
6 0.479338 0.596564 0.0283892 0.107509
8 0.528148 0.54337 0.0224529 0.0849791
4 0.240052 0.524781 0.032238 0.100804
5 0.714391 0.487298 0.0362902 0.0884092
9 0.836635 0.569121 0.0294451 0.0995673
18 0.778658 0.695043 0.036212 0.131028
16 0.382492 0.675724 0.0305419 0.114451
6 0.479338 0.596564 0.0283892 0.107509
8 0.528148 0.54337 0.0224529 0.0849791
