1 0.972012 0.550175 0.0337826 0.101377
4 0.517996 0.613502 0.0501789 0.0410269
16 0.465802 0.657121 0.0565273 0.0435749
9 0.891233 0.614287 0.024073 0.108594
12 0.838575 0.511383 0.0273823 0.0916384
8 0.775546 0.579245 0.0275638 0.109733
18 0.829157 0.724183 0.0316451 0.131743
6 0.571114 0.63173 0.0271534 0.0973867
16 0.457289 0.657508 0.0404114 0.0440885
1 0.838629 0.511002 0.0276211 0.0914691
9 0.865393 0.587153 0.0263788 0.0922109
7 0.869027 0.5147 0.0181726 0.0587628
17 0.865721 0.587035 0.0254948 0.0965629
1 0.972012 0.550175 0.0337826 0.101377
4 0.517996 0.613502 0.0501789 0.0410269
16 0.465802 0.657121 0.0565273 0.0435749
9 0.891233 0.614287 0.024073 0.108594
12 0.838575 0.511383 0.0273823 0.0916384
8 0.775546 0.579245 0.0275638 0.109733
18 0.829157 0.724183 0.0316451 0.131743
6 0.571114 0.63173 0.0271534 0.0973867
16 0.457289 0.657508 0.0404114 0.0440885
1 0.838629 0.511002 0.0276211 0.0914691
9 0.865393 0.587153 0.0263788 0.0922109
7 0.869027 0.5147 0.0181726 0.0587628
17 0.865721 0.587035 0.0254948 0.0965629
1 0.972012 0.550175 0.0337826 0.101377
4 0.517996 0.613502 0.0501789 0.0410269
16 0.465802 0.657121 0.0565273 0.0435749
9 0.891233 0.614287 0.024073 0.108594
12 0.838575 0.511383 0.0273823 0.0916384
8 0.775546 0.579245 0.0275638 0.109733
18 0.829157 0.724183 0.0316451 0.131743
6 0.571114 0.63173 0.0271534 0.0973867
16 0.457289 0.657508 0.0404114 0.0440885
1 0.838629 0.511002 0.0276211 0.0914691
9 0.865393 0.587153 0.0263788 0.0922109
7 0.869027 0.5147 0.0181726 0.0587628
17 0.865721 0.587035 0.0254948 0.0965629
1 0.972012 0.550175 0.0337826 0.101377
4 0.517996 0.613502 0.0501789 0.0410269
16 0.465802 0.657121 0.0565273 0.0435749
9 0.891233 0.614287 0.024073 0.108594
12 0.838575 0.511383 0.0273823 0.0916384
8 0.775546 0.579245 0.0275638 0.109733
18 0.829157 0.724183 0.0316451 0.131743
6 0.571114 0.63173 0.0271534 0.0973867
16 0.457289 0.657508 0.0404114 0.0440885
1 0.838629 0.511002 0.0276211 0.0914691
9 0.865393 0.587153 0.0263788 0.0922109
7 0.869027 0.5147 0.0181726 0.0587628
17 0.865721 0.587035 0.0254948 0.0965629
