4 0.255964 0.529359 0.0295993 0.0990368
5 0.719636 0.488701 0.0449898 0.0893392
9 0.837234 0.570416 0.0328709 0.108429
18 0.778721 0.690708 0.0449951 0.128445
16 0.38937 0.666806 0.0293451 0.113249
6 0.484852 0.595048 0.0329845 0.108425
8 0.545396 0.542559 0.0217852 0.0838088
4 0.255964 0.529359 0.0295993 0.0990368
5 0.719636 0.488701 0.0449898 0.0893392
9 0.837234 0.570416 0.0328709 0.108429
18 0.778721 0.690708 0.0449951 0.128445
16 0.38937 0.666806 0.0293451 0.113249
6 0.484852 0.595048 0.0329845 0.108425
8 0.545396 0.542559 0.0217852 0.0838088
4 0.255964 0.529359 0.0295993 0.0990368
5 0.719636 0.488701 0.0449898 0.0893392
9 0.837234 0.570416 0.0328709 0.108429
18 0.778721 0.690708 0.0449951 0.128445
16 0.38937 0.666806 0.0293451 0.113249
6 0.484852 0.595048 0.0329845 0.108425
8 0.545396 0.542559 0.0217852 0.0838088
4 0.255964 0.529359 0.0295993 0.0990368
5 0.719636 0.488701 0.0449898 0.0893392
9 0.837234 0.570416 0.0328709 0.108429
18 0.778721 0.690708 0.0449951 0.128445
16 0.38937 0.666806 0.0293451 0.113249
6 0.484852 0.595048 0.0329845 0.108425
8 0.545396 0.542559 0.0217852 0.0838088
