4 0.170756 0.514711 0.0270662 0.108976
5 0.706439 0.479809 0.04226 0.0928579
23 0.991978 0.58872 0.0160452 0.0950743
18 0.805316 0.701143 0.0477057 0.130603
16 0.368262 0.69855 0.0318218 0.128432
9 0.851959 0.565911 0.0356701 0.109994
8 0.488967 0.541182 0.0274414 0.087571
1 0.854759 0.452722 0.0340338 0.0846137
7 0.813051 0.502613 0.0279156 0.0833423
6 0.46789 0.600893 0.0263935 0.106814
1 0.813266 0.438579 0.0208458 0.054251
8 0.467584 0.601645 0.0249568 0.109101
3 0.992906 0.589094 0.0141885 0.09658
4 0.170756 0.514711 0.0270662 0.108976
5 0.706439 0.479809 0.04226 0.0928579
23 0.991978 0.58872 0.0160452 0.0950743
18 0.805316 0.701143 0.0477057 0.130603
16 0.368262 0.69855 0.0318218 0.128432
9 0.851959 0.565911 0.0356701 0.109994
8 0.488967 0.541182 0.0274414 0.087571
1 0.854759 0.452722 0.0340338 0.0846137
7 0.813051 0.502613 0.0279156 0.0833423
6 0.46789 0.600893 0.0263935 0.106814
1 0.813266 0.438579 0.0208458 0.054251
8 0.467584 0.601645 0.0249568 0.109101
3 0.992906 0.589094 0.0141885 0.09658
4 0.170756 0.514711 0.0270662 0.108976
5 0.706439 0.479809 0.04226 0.0928579
23 0.991978 0.58872 0.0160452 0.0950743
18 0.805316 0.701143 0.0477057 0.130603
16 0.368262 0.69855 0.0318218 0.128432
9 0.851959 0.565911 0.0356701 0.109994
8 0.488967 0.541182 0.0274414 0.087571
1 0.854759 0.452722 0.0340338 0.0846137
7 0.813051 0.502613 0.0279156 0.0833423
6 0.46789 0.600893 0.0263935 0.106814
1 0.813266 0.438579 0.0208458 0.054251
8 0.467584 0.601645 0.0249568 0.109101
3 0.992906 0.589094 0.0141885 0.09658
4 0.170756 0.514711 0.0270662 0.108976
5 0.706439 0.479809 0.04226 0.0928579
23 0.991978 0.58872 0.0160452 0.0950743
18 0.805316 0.701143 0.0477057 0.130603
16 0.368262 0.69855 0.0318218 0.128432
9 0.851959 0.565911 0.0356701 0.109994
8 0.488967 0.541182 0.0274414 0.087571
1 0.854759 0.452722 0.0340338 0.0846137
7 0.813051 0.502613 0.0279156 0.0833423
6 0.46789 0.600893 0.0263935 0.106814
1 0.813266 0.438579 0.0208458 0.054251
8 0.467584 0.601645 0.0249568 0.109101
3 0.992906 0.589094 0.0141885 0.09658
