5 0.726471 0.51191 0.0374214 0.0791519
4 0.378973 0.549711 0.0330649 0.0797806
6 0.47697 0.605023 0.0331944 0.104014
16 0.391411 0.639145 0.0278717 0.104017
18 0.727357 0.696478 0.0458185 0.12627
12 0.761234 0.468021 0.0231394 0.0755356
9 0.803244 0.576967 0.0276367 0.0974794
8 0.622096 0.543878 0.0228014 0.0991859
17 0.642791 0.53674 0.0203963 0.0956925
6 0.390901 0.638683 0.0270647 0.102805
17 0.622651 0.543712 0.0231754 0.10042
1 0.822836 0.493007 0.0388565 0.08008
5 0.726471 0.51191 0.0374214 0.0791519
4 0.378973 0.549711 0.0330649 0.0797806
6 0.47697 0.605023 0.0331944 0.104014
16 0.391411 0.639145 0.0278717 0.104017
18 0.727357 0.696478 0.0458185 0.12627
12 0.761234 0.468021 0.0231394 0.0755356
9 0.803244 0.576967 0.0276367 0.0974794
8 0.622096 0.543878 0.0228014 0.0991859
17 0.642791 0.53674 0.0203963 0.0956925
6 0.390901 0.638683 0.0270647 0.102805
17 0.622651 0.543712 0.0231754 0.10042
1 0.822836 0.493007 0.0388565 0.08008
5 0.726471 0.51191 0.0374214 0.0791519
4 0.378973 0.549711 0.0330649 0.0797806
6 0.47697 0.605023 0.0331944 0.104014
16 0.391411 0.639145 0.0278717 0.104017
18 0.727357 0.696478 0.0458185 0.12627
12 0.761234 0.468021 0.0231394 0.0755356
9 0.803244 0.576967 0.0276367 0.0974794
8 0.622096 0.543878 0.0228014 0.0991859
17 0.642791 0.53674 0.0203963 0.0956925
6 0.390901 0.638683 0.0270647 0.102805
17 0.622651 0.543712 0.0231754 0.10042
1 0.822836 0.493007 0.0388565 0.08008
5 0.726471 0.51191 0.0374214 0.0791519
4 0.378973 0.549711 0.0330649 0.0797806
6 0.47697 0.605023 0.0331944 0.104014
16 0.391411 0.639145 0.0278717 0.104017
18 0.727357 0.696478 0.0458185 0.12627
12 0.761234 0.468021 0.0231394 0.0755356
9 0.803244 0.576967 0.0276367 0.0974794
8 0.622096 0.543878 0.0228014 0.0991859
17 0.642791 0.53674 0.0203963 0.0956925
6 0.390901 0.638683 0.0270647 0.102805
17 0.622651 0.543712 0.0231754 0.10042
1 0.822836 0.493007 0.0388565 0.08008
