5 0.726779 0.511264 0.0378137 0.0799498
4 0.383127 0.550382 0.0311603 0.077823
0 0.598091 0.579098 0.0153002 0.0242476
6 0.475178 0.606736 0.0376745 0.103022
8 0.624863 0.544996 0.0215097 0.096404
12 0.759955 0.468795 0.0227758 0.0736749
16 0.391604 0.638292 0.0292631 0.100161
17 0.64714 0.537932 0.0216318 0.0978011
18 0.726743 0.694894 0.0390094 0.124689
7 0.779764 0.504076 0.0199788 0.0841088
6 0.391224 0.63795 0.0297968 0.099074
9 0.801608 0.57653 0.0262054 0.0958737
17 0.624804 0.54631 0.0221479 0.0971703
5 0.780368 0.506063 0.0205292 0.0859704
5 0.726779 0.511264 0.0378137 0.0799498
4 0.383127 0.550382 0.0311603 0.077823
0 0.598091 0.579098 0.0153002 0.0242476
6 0.475178 0.606736 0.0376745 0.103022
8 0.624863 0.544996 0.0215097 0.096404
12 0.759955 0.468795 0.0227758 0.0736749
16 0.391604 0.638292 0.0292631 0.100161
17 0.64714 0.537932 0.0216318 0.0978011
18 0.726743 0.694894 0.0390094 0.124689
7 0.779764 0.504076 0.0199788 0.0841088
6 0.391224 0.63795 0.0297968 0.099074
9 0.801608 0.57653 0.0262054 0.0958737
17 0.624804 0.54631 0.0221479 0.0971703
5 0.780368 0.506063 0.0205292 0.0859704
5 0.726779 0.511264 0.0378137 0.0799498
4 0.383127 0.550382 0.0311603 0.077823
0 0.598091 0.579098 0.0153002 0.0242476
6 0.475178 0.606736 0.0376745 0.103022
8 0.624863 0.544996 0.0215097 0.096404
12 0.759955 0.468795 0.0227758 0.0736749
16 0.391604 0.638292 0.0292631 0.100161
17 0.64714 0.537932 0.0216318 0.0978011
18 0.726743 0.694894 0.0390094 0.124689
7 0.779764 0.504076 0.0199788 0.0841088
6 0.391224 0.63795 0.0297968 0.099074
9 0.801608 0.57653 0.0262054 0.0958737
17 0.624804 0.54631 0.0221479 0.0971703
5 0.780368 0.506063 0.0205292 0.0859704
5 0.726779 0.511264 0.0378137 0.0799498
4 0.383127 0.550382 0.0311603 0.077823
0 0.598091 0.579098 0.0153002 0.0242476
6 0.475178 0.606736 0.0376745 0.103022
8 0.624863 0.544996 0.0215097 0.096404
12 0.759955 0.468795 0.0227758 0.0736749
16 0.391604 0.638292 0.0292631 0.100161
17 0.64714 0.537932 0.0216318 0.0978011
18 0.726743 0.694894 0.0390094 0.124689
7 0.779764 0.504076 0.0199788 0.0841088
6 0.391224 0.63795 0.0297968 0.099074
9 0.801608 0.57653 0.0262054 0.0958737
17 0.624804 0.54631 0.0221479 0.0971703
5 0.780368 0.506063 0.0205292 0.0859704
