4 0.262234 0.528319 0.0329359 0.0981493
5 0.721472 0.490535 0.0458797 0.0874229
9 0.83802 0.570385 0.0329926 0.107365
18 0.77623 0.692405 0.0463094 0.126934
16 0.39114 0.666313 0.0299157 0.113148
6 0.486199 0.594527 0.0318855 0.104487
12 0.82094 0.465559 0.0288778 0.0884558
4 0.262234 0.528319 0.0329359 0.0981493
5 0.721472 0.490535 0.0458797 0.0874229
9 0.83802 0.570385 0.0329926 0.107365
18 0.77623 0.692405 0.0463094 0.126934
16 0.39114 0.666313 0.0299157 0.113148
6 0.486199 0.594527 0.0318855 0.104487
12 0.82094 0.465559 0.0288778 0.0884558
4 0.262234 0.528319 0.0329359 0.0981493
5 0.721472 0.490535 0.0458797 0.0874229
9 0.83802 0.570385 0.0329926 0.107365
18 0.77623 0.692405 0.0463094 0.126934
16 0.39114 0.666313 0.0299157 0.113148
6 0.486199 0.594527 0.0318855 0.104487
12 0.82094 0.465559 0.0288778 0.0884558
4 0.262234 0.528319 0.0329359 0.0981493
5 0.721472 0.490535 0.0458797 0.0874229
9 0.83802 0.570385 0.0329926 0.107365
18 0.77623 0.692405 0.0463094 0.126934
16 0.39114 0.666313 0.0299157 0.113148
6 0.486199 0.594527 0.0318855 0.104487
12 0.82094 0.465559 0.0288778 0.0884558
