4 0.160074 0.516163 0.0265332 0.113296
5 0.70794 0.476746 0.0465897 0.0928947
23 0.991509 0.586388 0.0169827 0.101472
18 0.812027 0.704054 0.0465471 0.133145
9 0.851992 0.567219 0.031428 0.110265
16 0.366514 0.703527 0.0309115 0.127078
8 0.486872 0.539927 0.0249397 0.0850014
1 0.860977 0.452006 0.0357147 0.0861021
6 0.468473 0.5983 0.0305368 0.106592
12 0.814106 0.438758 0.0222321 0.0578464
0 0.796468 0.532118 0.0105521 0.0234344
1 0.813854 0.440124 0.0232168 0.0604699
7 0.816059 0.505987 0.0292957 0.0626041
12 0.861128 0.452267 0.035664 0.0843745
4 0.160074 0.516163 0.0265332 0.113296
5 0.70794 0.476746 0.0465897 0.0928947
23 0.991509 0.586388 0.0169827 0.101472
18 0.812027 0.704054 0.0465471 0.133145
9 0.851992 0.567219 0.031428 0.110265
16 0.366514 0.703527 0.0309115 0.127078
8 0.486872 0.539927 0.0249397 0.0850014
1 0.860977 0.452006 0.0357147 0.0861021
6 0.468473 0.5983 0.0305368 0.106592
12 0.814106 0.438758 0.0222321 0.0578464
0 0.796468 0.532118 0.0105521 0.0234344
1 0.813854 0.440124 0.0232168 0.0604699
7 0.816059 0.505987 0.0292957 0.0626041
12 0.861128 0.452267 0.035664 0.0843745
4 0.160074 0.516163 0.0265332 0.113296
5 0.70794 0.476746 0.0465897 0.0928947
23 0.991509 0.586388 0.0169827 0.101472
18 0.812027 0.704054 0.0465471 0.133145
9 0.851992 0.567219 0.031428 0.110265
16 0.366514 0.703527 0.0309115 0.127078
8 0.486872 0.539927 0.0249397 0.0850014
1 0.860977 0.452006 0.0357147 0.0861021
6 0.468473 0.5983 0.0305368 0.106592
12 0.814106 0.438758 0.0222321 0.0578464
0 0.796468 0.532118 0.0105521 0.0234344
1 0.813854 0.440124 0.0232168 0.0604699
7 0.816059 0.505987 0.0292957 0.0626041
12 0.861128 0.452267 0.035664 0.0843745
4 0.160074 0.516163 0.0265332 0.113296
5 0.70794 0.476746 0.0465897 0.0928947
23 0.991509 0.586388 0.0169827 0.101472
18 0.812027 0.704054 0.0465471 0.133145
9 0.851992 0.567219 0.031428 0.110265
16 0.366514 0.703527 0.0309115 0.127078
8 0.486872 0.539927 0.0249397 0.0850014
1 0.860977 0.452006 0.0357147 0.0861021
6 0.468473 0.5983 0.0305368 0.106592
12 0.814106 0.438758 0.0222321 0.0578464
0 0.796468 0.532118 0.0105521 0.0234344
1 0.813854 0.440124 0.0232168 0.0604699
7 0.816059 0.505987 0.0292957 0.0626041
12 0.861128 0.452267 0.035664 0.0843745
