4 0.0360847 0.516006 0.0303932 0.113701
23 0.941455 0.602502 0.0313152 0.112494
5 0.67162 0.473893 0.0457883 0.100423
0 0.767957 0.472068 0.0129303 0.0226018
18 0.824202 0.722617 0.0517049 0.134665
8 0.444915 0.563874 0.0254191 0.0853402
1 0.793217 0.440964 0.0271098 0.0835956
16 0.33951 0.748099 0.0319328 0.133243
1 0.878399 0.458307 0.0368597 0.0859853
6 0.460802 0.620295 0.0304274 0.104332
9 0.843008 0.575578 0.0339381 0.098558
7 0.822296 0.497149 0.0220076 0.0816662
9 0.460674 0.61907 0.0280936 0.105081
17 0.496049 0.575449 0.0223874 0.0936739
8 0.452343 0.601795 0.021459 0.124172
4 0.0360847 0.516006 0.0303932 0.113701
23 0.941455 0.602502 0.0313152 0.112494
5 0.67162 0.473893 0.0457883 0.100423
0 0.767957 0.472068 0.0129303 0.0226018
18 0.824202 0.722617 0.0517049 0.134665
8 0.444915 0.563874 0.0254191 0.0853402
1 0.793217 0.440964 0.0271098 0.0835956
16 0.33951 0.748099 0.0319328 0.133243
1 0.878399 0.458307 0.0368597 0.0859853
6 0.460802 0.620295 0.0304274 0.104332
9 0.843008 0.575578 0.0339381 0.098558
7 0.822296 0.497149 0.0220076 0.0816662
9 0.460674 0.61907 0.0280936 0.105081
17 0.496049 0.575449 0.0223874 0.0936739
8 0.452343 0.601795 0.021459 0.124172
4 0.0360847 0.516006 0.0303932 0.113701
23 0.941455 0.602502 0.0313152 0.112494
5 0.67162 0.473893 0.0457883 0.100423
0 0.767957 0.472068 0.0129303 0.0226018
18 0.824202 0.722617 0.0517049 0.134665
8 0.444915 0.563874 0.0254191 0.0853402
1 0.793217 0.440964 0.0271098 0.0835956
16 0.33951 0.748099 0.0319328 0.133243
1 0.878399 0.458307 0.0368597 0.0859853
6 0.460802 0.620295 0.0304274 0.104332
9 0.843008 0.575578 0.0339381 0.098558
7 0.822296 0.497149 0.0220076 0.0816662
9 0.460674 0.61907 0.0280936 0.105081
17 0.496049 0.575449 0.0223874 0.0936739
8 0.452343 0.601795 0.021459 0.124172
4 0.0360847 0.516006 0.0303932 0.113701
23 0.941455 0.602502 0.0313152 0.112494
5 0.67162 0.473893 0.0457883 0.100423
0 0.767957 0.472068 0.0129303 0.0226018
18 0.824202 0.722617 0.0517049 0.134665
8 0.444915 0.563874 0.0254191 0.0853402
1 0.793217 0.440964 0.0271098 0.0835956
16 0.33951 0.748099 0.0319328 0.133243
1 0.878399 0.458307 0.0368597 0.0859853
6 0.460802 0.620295 0.0304274 0.104332
9 0.843008 0.575578 0.0339381 0.098558
7 0.822296 0.497149 0.0220076 0.0816662
9 0.460674 0.61907 0.0280936 0.105081
17 0.496049 0.575449 0.0223874 0.0936739
8 0.452343 0.601795 0.021459 0.124172
