5 0.722046 0.505623 0.0449241 0.0758373
4 0.346979 0.54473 0.0321934 0.0960271
12 0.775737 0.458086 0.0188327 0.0559965
16 0.401024 0.644134 0.0356991 0.11037
18 0.74088 0.69717 0.0349113 0.129635
6 0.482712 0.606538 0.0388804 0.101388
9 0.81405 0.568541 0.0240658 0.0875922
8 0.611676 0.55635 0.0298616 0.0777569
7 0.774933 0.518056 0.0275163 0.0636185
5 0.722046 0.505623 0.0449241 0.0758373
4 0.346979 0.54473 0.0321934 0.0960271
12 0.775737 0.458086 0.0188327 0.0559965
16 0.401024 0.644134 0.0356991 0.11037
18 0.74088 0.69717 0.0349113 0.129635
6 0.482712 0.606538 0.0388804 0.101388
9 0.81405 0.568541 0.0240658 0.0875922
8 0.611676 0.55635 0.0298616 0.0777569
7 0.774933 0.518056 0.0275163 0.0636185
5 0.722046 0.505623 0.0449241 0.0758373
4 0.346979 0.54473 0.0321934 0.0960271
12 0.775737 0.458086 0.0188327 0.0559965
16 0.401024 0.644134 0.0356991 0.11037
18 0.74088 0.69717 0.0349113 0.129635
6 0.482712 0.606538 0.0388804 0.101388
9 0.81405 0.568541 0.0240658 0.0875922
8 0.611676 0.55635 0.0298616 0.0777569
7 0.774933 0.518056 0.0275163 0.0636185
5 0.722046 0.505623 0.0449241 0.0758373
4 0.346979 0.54473 0.0321934 0.0960271
12 0.775737 0.458086 0.0188327 0.0559965
16 0.401024 0.644134 0.0356991 0.11037
18 0.74088 0.69717 0.0349113 0.129635
6 0.482712 0.606538 0.0388804 0.101388
9 0.81405 0.568541 0.0240658 0.0875922
8 0.611676 0.55635 0.0298616 0.0777569
7 0.774933 0.518056 0.0275163 0.0636185
