4 0.0745075 0.516841 0.0304152 0.11215
5 0.681372 0.480265 0.0414199 0.0945439
18 0.824672 0.716816 0.0528973 0.127135
23 0.960205 0.600047 0.0375557 0.117973
16 0.348449 0.739773 0.03435 0.137089
1 0.802434 0.44187 0.0232216 0.0851317
6 0.463775 0.619637 0.0238138 0.100062
12 0.802055 0.441052 0.0227692 0.0808297
1 0.877486 0.460354 0.034325 0.0893444
8 0.453227 0.55194 0.0305302 0.0630399
9 0.847796 0.565036 0.0281845 0.0935368
7 0.824752 0.500888 0.0262672 0.0866789
17 0.51339 0.565807 0.0268505 0.0971363
4 0.0745075 0.516841 0.0304152 0.11215
5 0.681372 0.480265 0.0414199 0.0945439
18 0.824672 0.716816 0.0528973 0.127135
23 0.960205 0.600047 0.0375557 0.117973
16 0.348449 0.739773 0.03435 0.137089
1 0.802434 0.44187 0.0232216 0.0851317
6 0.463775 0.619637 0.0238138 0.100062
12 0.802055 0.441052 0.0227692 0.0808297
1 0.877486 0.460354 0.034325 0.0893444
8 0.453227 0.55194 0.0305302 0.0630399
9 0.847796 0.565036 0.0281845 0.0935368
7 0.824752 0.500888 0.0262672 0.0866789
17 0.51339 0.565807 0.0268505 0.0971363
4 0.0745075 0.516841 0.0304152 0.11215
5 0.681372 0.480265 0.0414199 0.0945439
18 0.824672 0.716816 0.0528973 0.127135
23 0.960205 0.600047 0.0375557 0.117973
16 0.348449 0.739773 0.03435 0.137089
1 0.802434 0.44187 0.0232216 0.0851317
6 0.463775 0.619637 0.0238138 0.100062
12 0.802055 0.441052 0.0227692 0.0808297
1 0.877486 0.460354 0.034325 0.0893444
8 0.453227 0.55194 0.0305302 0.0630399
9 0.847796 0.565036 0.0281845 0.0935368
7 0.824752 0.500888 0.0262672 0.0866789
17 0.51339 0.565807 0.0268505 0.0971363
4 0.0745075 0.516841 0.0304152 0.11215
5 0.681372 0.480265 0.0414199 0.0945439
18 0.824672 0.716816 0.0528973 0.127135
23 0.960205 0.600047 0.0375557 0.117973
16 0.348449 0.739773 0.03435 0.137089
1 0.802434 0.44187 0.0232216 0.0851317
6 0.463775 0.619637 0.0238138 0.100062
12 0.802055 0.441052 0.0227692 0.0808297
1 0.877486 0.460354 0.034325 0.0893444
8 0.453227 0.55194 0.0305302 0.0630399
9 0.847796 0.565036 0.0281845 0.0935368
7 0.824752 0.500888 0.0262672 0.0866789
17 0.51339 0.565807 0.0268505 0.0971363
