4 0.120732 0.515982 0.0270588 0.112594
5 0.699441 0.481223 0.0401345 0.0905848
6 0.468094 0.608652 0.0276364 0.0849996
16 0.359483 0.72125 0.0353423 0.128834
8 0.470256 0.538773 0.022382 0.0566448
18 0.828772 0.705682 0.0613988 0.126875
23 0.980536 0.59539 0.0297916 0.111208
1 0.874857 0.456111 0.0342829 0.0948951
12 0.813782 0.442675 0.0207867 0.0722844
7 0.823645 0.508041 0.0266472 0.0671012
9 0.859061 0.571821 0.0378265 0.106019
12 0.87469 0.456038 0.0343292 0.0948452
1 0.813453 0.444122 0.0210728 0.076448
4 0.120732 0.515982 0.0270588 0.112594
5 0.699441 0.481223 0.0401345 0.0905848
6 0.468094 0.608652 0.0276364 0.0849996
16 0.359483 0.72125 0.0353423 0.128834
8 0.470256 0.538773 0.022382 0.0566448
18 0.828772 0.705682 0.0613988 0.126875
23 0.980536 0.59539 0.0297916 0.111208
1 0.874857 0.456111 0.0342829 0.0948951
12 0.813782 0.442675 0.0207867 0.0722844
7 0.823645 0.508041 0.0266472 0.0671012
9 0.859061 0.571821 0.0378265 0.106019
12 0.87469 0.456038 0.0343292 0.0948452
1 0.813453 0.444122 0.0210728 0.076448
4 0.120732 0.515982 0.0270588 0.112594
5 0.699441 0.481223 0.0401345 0.0905848
6 0.468094 0.608652 0.0276364 0.0849996
16 0.359483 0.72125 0.0353423 0.128834
8 0.470256 0.538773 0.022382 0.0566448
18 0.828772 0.705682 0.0613988 0.126875
23 0.980536 0.59539 0.0297916 0.111208
1 0.874857 0.456111 0.0342829 0.0948951
12 0.813782 0.442675 0.0207867 0.0722844
7 0.823645 0.508041 0.0266472 0.0671012
9 0.859061 0.571821 0.0378265 0.106019
12 0.87469 0.456038 0.0343292 0.0948452
1 0.813453 0.444122 0.0210728 0.076448
4 0.120732 0.515982 0.0270588 0.112594
5 0.699441 0.481223 0.0401345 0.0905848
6 0.468094 0.608652 0.0276364 0.0849996
16 0.359483 0.72125 0.0353423 0.128834
8 0.470256 0.538773 0.022382 0.0566448
18 0.828772 0.705682 0.0613988 0.126875
23 0.980536 0.59539 0.0297916 0.111208
1 0.874857 0.456111 0.0342829 0.0948951
12 0.813782 0.442675 0.0207867 0.0722844
7 0.823645 0.508041 0.0266472 0.0671012
9 0.859061 0.571821 0.0378265 0.106019
12 0.87469 0.456038 0.0343292 0.0948452
1 0.813453 0.444122 0.0210728 0.076448
