5 0.71157 0.485824 0.0357151 0.0860699
4 0.228794 0.52335 0.0308262 0.105132
18 0.78243 0.696282 0.0435179 0.126056
9 0.840427 0.566012 0.0354477 0.0991077
16 0.378911 0.679026 0.0320441 0.109654
8 0.520087 0.542455 0.0242964 0.0862937
17 0.519602 0.542199 0.0227173 0.0876321
17 0.548179 0.527874 0.0288622 0.0892197
12 0.833754 0.456897 0.0284447 0.0845711
1 0.833737 0.457093 0.0267601 0.0838547
6 0.47809 0.597719 0.0313801 0.103745
17 0.478031 0.598494 0.0296236 0.106409
7 0.801995 0.502549 0.0283916 0.0829902
8 0.478076 0.597313 0.0306705 0.104826
5 0.71157 0.485824 0.0357151 0.0860699
4 0.228794 0.52335 0.0308262 0.105132
18 0.78243 0.696282 0.0435179 0.126056
9 0.840427 0.566012 0.0354477 0.0991077
16 0.378911 0.679026 0.0320441 0.109654
8 0.520087 0.542455 0.0242964 0.0862937
17 0.519602 0.542199 0.0227173 0.0876321
17 0.548179 0.527874 0.0288622 0.0892197
12 0.833754 0.456897 0.0284447 0.0845711
1 0.833737 0.457093 0.0267601 0.0838547
6 0.47809 0.597719 0.0313801 0.103745
17 0.478031 0.598494 0.0296236 0.106409
7 0.801995 0.502549 0.0283916 0.0829902
8 0.478076 0.597313 0.0306705 0.104826
5 0.71157 0.485824 0.0357151 0.0860699
4 0.228794 0.52335 0.0308262 0.105132
18 0.78243 0.696282 0.0435179 0.126056
9 0.840427 0.566012 0.0354477 0.0991077
16 0.378911 0.679026 0.0320441 0.109654
8 0.520087 0.542455 0.0242964 0.0862937
17 0.519602 0.542199 0.0227173 0.0876321
17 0.548179 0.527874 0.0288622 0.0892197
12 0.833754 0.456897 0.0284447 0.0845711
1 0.833737 0.457093 0.0267601 0.0838547
6 0.47809 0.597719 0.0313801 0.103745
17 0.478031 0.598494 0.0296236 0.106409
7 0.801995 0.502549 0.0283916 0.0829902
8 0.478076 0.597313 0.0306705 0.104826
5 0.71157 0.485824 0.0357151 0.0860699
4 0.228794 0.52335 0.0308262 0.105132
18 0.78243 0.696282 0.0435179 0.126056
9 0.840427 0.566012 0.0354477 0.0991077
16 0.378911 0.679026 0.0320441 0.109654
8 0.520087 0.542455 0.0242964 0.0862937
17 0.519602 0.542199 0.0227173 0.0876321
17 0.548179 0.527874 0.0288622 0.0892197
12 0.833754 0.456897 0.0284447 0.0845711
1 0.833737 0.457093 0.0267601 0.0838547
6 0.47809 0.597719 0.0313801 0.103745
17 0.478031 0.598494 0.0296236 0.106409
7 0.801995 0.502549 0.0283916 0.0829902
8 0.478076 0.597313 0.0306705 0.104826
