16 0.460252 0.653623 0.0509052 0.0433024
18 0.823615 0.718501 0.0328106 0.130815
8 0.765451 0.566522 0.0254695 0.11383
1 0.965614 0.537132 0.0293737 0.103583
12 0.833378 0.500341 0.025391 0.0857849
9 0.887622 0.610412 0.0243999 0.100712
7 0.860872 0.511567 0.0213181 0.0648611
12 0.965454 0.536647 0.0291409 0.103486
6 0.568518 0.604923 0.0208477 0.0735847
6 0.565089 0.622939 0.0246037 0.102939
4 0.524993 0.600588 0.04389 0.0659415
16 0.460252 0.653623 0.0509052 0.0433024
18 0.823615 0.718501 0.0328106 0.130815
8 0.765451 0.566522 0.0254695 0.11383
1 0.965614 0.537132 0.0293737 0.103583
12 0.833378 0.500341 0.025391 0.0857849
9 0.887622 0.610412 0.0243999 0.100712
7 0.860872 0.511567 0.0213181 0.0648611
12 0.965454 0.536647 0.0291409 0.103486
6 0.568518 0.604923 0.0208477 0.0735847
6 0.565089 0.622939 0.0246037 0.102939
4 0.524993 0.600588 0.04389 0.0659415
16 0.460252 0.653623 0.0509052 0.0433024
18 0.823615 0.718501 0.0328106 0.130815
8 0.765451 0.566522 0.0254695 0.11383
1 0.965614 0.537132 0.0293737 0.103583
12 0.833378 0.500341 0.025391 0.0857849
9 0.887622 0.610412 0.0243999 0.100712
7 0.860872 0.511567 0.0213181 0.0648611
12 0.965454 0.536647 0.0291409 0.103486
6 0.568518 0.604923 0.0208477 0.0735847
6 0.565089 0.622939 0.0246037 0.102939
4 0.524993 0.600588 0.04389 0.0659415
16 0.460252 0.653623 0.0509052 0.0433024
18 0.823615 0.718501 0.0328106 0.130815
8 0.765451 0.566522 0.0254695 0.11383
1 0.965614 0.537132 0.0293737 0.103583
12 0.833378 0.500341 0.025391 0.0857849
9 0.887622 0.610412 0.0243999 0.100712
7 0.860872 0.511567 0.0213181 0.0648611
12 0.965454 0.536647 0.0291409 0.103486
6 0.568518 0.604923 0.0208477 0.0735847
6 0.565089 0.622939 0.0246037 0.102939
4 0.524993 0.600588 0.04389 0.0659415
