23 0.920303 0.59448 0.0334782 0.106123
5 0.653849 0.470112 0.0346699 0.0973506
0 0.754003 0.46375 0.0131775 0.0232444
9 0.834671 0.568078 0.0358875 0.0910719
1 0.481369 0.574404 0.0367579 0.0914582
18 0.835241 0.716444 0.0586141 0.126473
9 0.451206 0.621772 0.0289955 0.104254
1 0.782838 0.434241 0.0304639 0.0801428
16 0.334873 0.749167 0.0405131 0.129457
4 0.0105383 0.512447 0.0210766 0.107285
12 0.875522 0.450819 0.0367653 0.0856445
17 0.481875 0.573199 0.0365543 0.0876172
1 0.875767 0.450725 0.0380672 0.0866418
8 0.437441 0.561772 0.0330662 0.0941491
23 0.920303 0.59448 0.0334782 0.106123
5 0.653849 0.470112 0.0346699 0.0973506
0 0.754003 0.46375 0.0131775 0.0232444
9 0.834671 0.568078 0.0358875 0.0910719
1 0.481369 0.574404 0.0367579 0.0914582
18 0.835241 0.716444 0.0586141 0.126473
9 0.451206 0.621772 0.0289955 0.104254
1 0.782838 0.434241 0.0304639 0.0801428
16 0.334873 0.749167 0.0405131 0.129457
4 0.0105383 0.512447 0.0210766 0.107285
12 0.875522 0.450819 0.0367653 0.0856445
17 0.481875 0.573199 0.0365543 0.0876172
1 0.875767 0.450725 0.0380672 0.0866418
8 0.437441 0.561772 0.0330662 0.0941491
23 0.920303 0.59448 0.0334782 0.106123
5 0.653849 0.470112 0.0346699 0.0973506
0 0.754003 0.46375 0.0131775 0.0232444
9 0.834671 0.568078 0.0358875 0.0910719
1 0.481369 0.574404 0.0367579 0.0914582
18 0.835241 0.716444 0.0586141 0.126473
9 0.451206 0.621772 0.0289955 0.104254
1 0.782838 0.434241 0.0304639 0.0801428
16 0.334873 0.749167 0.0405131 0.129457
4 0.0105383 0.512447 0.0210766 0.107285
12 0.875522 0.450819 0.0367653 0.0856445
17 0.481875 0.573199 0.0365543 0.0876172
1 0.875767 0.450725 0.0380672 0.0866418
8 0.437441 0.561772 0.0330662 0.0941491
23 0.920303 0.59448 0.0334782 0.106123
5 0.653849 0.470112 0.0346699 0.0973506
0 0.754003 0.46375 0.0131775 0.0232444
9 0.834671 0.568078 0.0358875 0.0910719
1 0.481369 0.574404 0.0367579 0.0914582
18 0.835241 0.716444 0.0586141 0.126473
9 0.451206 0.621772 0.0289955 0.104254
1 0.782838 0.434241 0.0304639 0.0801428
16 0.334873 0.749167 0.0405131 0.129457
4 0.0105383 0.512447 0.0210766 0.107285
12 0.875522 0.450819 0.0367653 0.0856445
17 0.481875 0.573199 0.0365543 0.0876172
1 0.875767 0.450725 0.0380672 0.0866418
8 0.437441 0.561772 0.0330662 0.0941491
