4 0.307389 0.537001 0.0295763 0.0958028
5 0.724087 0.504138 0.0320049 0.0846802
18 0.766799 0.695998 0.0498471 0.12023
6 0.834387 0.576922 0.0398037 0.108615
8 0.59261 0.54741 0.0228125 0.0905863
6 0.492902 0.601912 0.0414892 0.103832
16 0.407412 0.661805 0.0379984 0.114372
12 0.801114 0.44678 0.0174336 0.0444639
8 0.570856 0.539368 0.0277499 0.0852762
9 0.833807 0.576944 0.0366322 0.108721
17 0.56894 0.53448 0.0267177 0.0763557
7 0.792865 0.506246 0.0201342 0.082987
4 0.307389 0.537001 0.0295763 0.0958028
5 0.724087 0.504138 0.0320049 0.0846802
18 0.766799 0.695998 0.0498471 0.12023
6 0.834387 0.576922 0.0398037 0.108615
8 0.59261 0.54741 0.0228125 0.0905863
6 0.492902 0.601912 0.0414892 0.103832
16 0.407412 0.661805 0.0379984 0.114372
12 0.801114 0.44678 0.0174336 0.0444639
8 0.570856 0.539368 0.0277499 0.0852762
9 0.833807 0.576944 0.0366322 0.108721
17 0.56894 0.53448 0.0267177 0.0763557
7 0.792865 0.506246 0.0201342 0.082987
4 0.307389 0.537001 0.0295763 0.0958028
5 0.724087 0.504138 0.0320049 0.0846802
18 0.766799 0.695998 0.0498471 0.12023
6 0.834387 0.576922 0.0398037 0.108615
8 0.59261 0.54741 0.0228125 0.0905863
6 0.492902 0.601912 0.0414892 0.103832
16 0.407412 0.661805 0.0379984 0.114372
12 0.801114 0.44678 0.0174336 0.0444639
8 0.570856 0.539368 0.0277499 0.0852762
9 0.833807 0.576944 0.0366322 0.108721
17 0.56894 0.53448 0.0267177 0.0763557
7 0.792865 0.506246 0.0201342 0.082987
4 0.307389 0.537001 0.0295763 0.0958028
5 0.724087 0.504138 0.0320049 0.0846802
18 0.766799 0.695998 0.0498471 0.12023
6 0.834387 0.576922 0.0398037 0.108615
8 0.59261 0.54741 0.0228125 0.0905863
6 0.492902 0.601912 0.0414892 0.103832
16 0.407412 0.661805 0.0379984 0.114372
12 0.801114 0.44678 0.0174336 0.0444639
8 0.570856 0.539368 0.0277499 0.0852762
9 0.833807 0.576944 0.0366322 0.108721
17 0.56894 0.53448 0.0267177 0.0763557
7 0.792865 0.506246 0.0201342 0.082987
