4 0.090883 0.517417 0.0316689 0.111927
5 0.690406 0.479724 0.0451461 0.0991132
23 0.968227 0.599618 0.0318672 0.110845
18 0.82247 0.71606 0.0411732 0.132954
6 0.468657 0.617563 0.031559 0.103734
16 0.353936 0.732166 0.0349995 0.134504
8 0.45687 0.551749 0.0291729 0.0719228
1 0.804578 0.440658 0.0248005 0.0805653
1 0.875421 0.456011 0.0377407 0.0822803
9 0.849595 0.567364 0.0229631 0.0957993
17 0.521179 0.561574 0.0311505 0.0959178
9 0.467054 0.618392 0.0306438 0.103793
7 0.826353 0.486108 0.0196114 0.0673108
4 0.090883 0.517417 0.0316689 0.111927
5 0.690406 0.479724 0.0451461 0.0991132
23 0.968227 0.599618 0.0318672 0.110845
18 0.82247 0.71606 0.0411732 0.132954
6 0.468657 0.617563 0.031559 0.103734
16 0.353936 0.732166 0.0349995 0.134504
8 0.45687 0.551749 0.0291729 0.0719228
1 0.804578 0.440658 0.0248005 0.0805653
1 0.875421 0.456011 0.0377407 0.0822803
9 0.849595 0.567364 0.0229631 0.0957993
17 0.521179 0.561574 0.0311505 0.0959178
9 0.467054 0.618392 0.0306438 0.103793
7 0.826353 0.486108 0.0196114 0.0673108
4 0.090883 0.517417 0.0316689 0.111927
5 0.690406 0.479724 0.0451461 0.0991132
23 0.968227 0.599618 0.0318672 0.110845
18 0.82247 0.71606 0.0411732 0.132954
6 0.468657 0.617563 0.031559 0.103734
16 0.353936 0.732166 0.0349995 0.134504
8 0.45687 0.551749 0.0291729 0.0719228
1 0.804578 0.440658 0.0248005 0.0805653
1 0.875421 0.456011 0.0377407 0.0822803
9 0.849595 0.567364 0.0229631 0.0957993
17 0.521179 0.561574 0.0311505 0.0959178
9 0.467054 0.618392 0.0306438 0.103793
7 0.826353 0.486108 0.0196114 0.0673108
4 0.090883 0.517417 0.0316689 0.111927
5 0.690406 0.479724 0.0451461 0.0991132
23 0.968227 0.599618 0.0318672 0.110845
18 0.82247 0.71606 0.0411732 0.132954
6 0.468657 0.617563 0.031559 0.103734
16 0.353936 0.732166 0.0349995 0.134504
8 0.45687 0.551749 0.0291729 0.0719228
1 0.804578 0.440658 0.0248005 0.0805653
1 0.875421 0.456011 0.0377407 0.0822803
9 0.849595 0.567364 0.0229631 0.0957993
17 0.521179 0.561574 0.0311505 0.0959178
9 0.467054 0.618392 0.0306438 0.103793
7 0.826353 0.486108 0.0196114 0.0673108
